start_index,end_index,x_top_left,y_top_left,x_bottom_right,y_bottom_right,transcript,box_width,box_height,combined_text,predicted_field
34,34,216,4,226,19,a,10,15,a,OTHER
36,45,235,4,309,18,employee's,74,14,employee's,OTHER
47,52,311,4,350,18,social,39,14,social,OTHER
54,61,352,4,402,18,security,50,14,security,OTHER
63,68,404,4,456,18,number,52,14,number,OTHER
117,121,782,3,820,19,"safe,",38,16,"safe,",OTHER
123,131,822,3,897,19,"accurate,",75,16,"accurate,",OTHER
133,134,911,15,943,38,re,32,23,re,OTHER
136,136,955,15,970,39,~,15,24,~,OTHER
138,141,976,14,1022,39,file,46,25,file,OTHER
143,147,1048,4,1079,20,visit,31,16,visit,OTHER
149,151,1082,4,1104,20,the,22,16,the,OTHER
153,155,1106,4,1133,20,irs,27,16,irs,OTHER
157,163,1137,4,1195,20,website,58,16,website,OTHER
213,223,312,26,464,46,806-88-5109,152,20,806-88-5109,ssnOfEmployee
253,255,611,28,641,42,omb,30,14,omb,OTHER
257,259,644,27,668,41,no.,24,14,no.,OTHER
261,269,670,27,729,41,1545-0008,59,14,1545-0008,OTHER
282,286,781,25,831,42,fast!,50,17,fast!,OTHER
288,290,834,26,862,42,use,28,16,use,OTHER
324,325,1048,29,1061,43,at,13,14,at,OTHER
327,344,1063,28,1185,45,www.irs.gov/efile.,122,17,www.irs.gov/efile.,OTHER
347,347,11,54,22,70,b,11,16,b,OTHER
349,356,28,55,84,70,employer,56,15,employer,OTHER
358,371,86,56,160,69,identification,74,13,identification,OTHER
373,378,163,55,207,70,number,44,15,number,OTHER
380,384,210,54,241,70,(ein),31,16,(ein),OTHER
448,453,704,56,751,70,"wages,",47,14,"wages,",OTHER
455,459,753,56,780,69,"tips,",27,13,"tips,",OTHER
461,465,782,56,813,69,other,31,13,other,OTHER
467,478,815,56,898,69,compensation,83,13,compensation,OTHER
493,493,972,55,981,69,2,9,14,2,OTHER
495,501,994,56,1038,69,federal,44,13,federal,OTHER
503,508,1041,56,1084,69,income,43,13,income,OTHER
510,512,1086,57,1106,68,tax,20,11,tax,OTHER
514,521,1108,56,1157,68,withheld,49,12,withheld,OTHER
533,542,67,79,202,98,37-1222985,135,19,37-1222985,einEmployerIdentificationNumber
630,634,726,79,794,97,96644,68,18,96644,box1WagesTipsAndOtherCompensations
636,636,798,79,806,97,.,8,18,.,box1WagesTipsAndOtherCompensations
638,639,809,79,834,97,87,25,18,87,box1WagesTipsAndOtherCompensations
673,677,986,79,1054,97,24032,68,18,24032,box2FederalIncomeTaxWithheld
679,679,1058,79,1067,97,.,9,18,.,box2FederalIncomeTaxWithheld
681,682,1070,79,1094,97,14,24,18,14,box2FederalIncomeTaxWithheld
685,685,12,107,22,122,c,10,15,c,OTHER
687,696,28,107,93,122,employer's,65,15,employer's,OTHER
698,702,96,108,133,122,"name,",37,14,"name,",OTHER
704,711,136,108,187,122,"address,",51,14,"address,",OTHER
713,715,190,107,212,122,and,22,15,and,OTHER
717,719,215,107,235,122,zip,20,15,zip,OTHER
721,724,238,107,267,122,code,29,15,code,OTHER
783,783,681,105,691,120,3,10,15,3,OTHER
785,790,706,107,741,121,social,35,14,social,OTHER
792,799,744,107,791,121,security,47,14,security,OTHER
801,805,794,109,827,123,wages,33,14,wages,OTHER
831,831,971,106,981,120,4,10,14,4,OTHER
833,838,994,107,1032,121,social,38,14,social,OTHER
840,847,1034,108,1081,121,security,47,13,security,OTHER
849,851,1084,107,1103,121,tax,19,14,tax,OTHER
853,860,1106,106,1155,121,withheld,49,15,withheld,OTHER
872,888,65,131,303,154,gillespie-baldwin,238,23,gillespie-baldwin,employerName
890,892,317,131,361,153,and,44,22,and,employerName
894,897,374,131,429,153,sons,55,22,sons,employerName
969,976,725,131,833,151,86363.17,108,20,86363.17,box3SocialSecurityWages
1012,1016,987,131,1056,150,6606.,69,19,6606.,box4SocialSecurityTaxWithheld
1018,1019,1059,131,1081,150,78,22,19,78,box4SocialSecurityTaxWithheld
1031,1033,65,164,110,188,046,45,24,046,employerAddressStreet_name
1035,1040,119,165,206,188,rodney,87,23,rodney,employerAddressStreet_name
1042,1046,220,164,289,189,inlet,69,25,inlet,employerAddressStreet_name
1119,1119,680,156,691,172,5,11,16,5,OTHER
1121,1128,703,157,757,172,medicare,54,15,medicare,OTHER
1130,1134,760,159,799,172,wages,39,13,wages,OTHER
1136,1138,802,159,824,173,and,22,14,and,OTHER
1140,1143,827,159,848,173,tips,21,14,tips,OTHER
1168,1168,971,157,981,172,6,10,15,6,OTHER
1170,1177,993,158,1047,172,medicare,54,14,medicare,OTHER
1179,1181,1050,158,1070,171,tax,20,13,tax,OTHER
1183,1190,1073,158,1122,172,withheld,49,14,withheld,OTHER
1299,1306,726,182,834,201,98243.28,108,19,98243.28,OTHER
1351,1354,1050,182,1104,202,2849,54,20,2849,OTHER
1356,1356,1108,183,1117,202,.,9,19,.,OTHER
1358,1359,1120,182,1147,201,06,27,19,06,OTHER
1371,1374,64,199,124,221,port,60,22,port,employerAddressCity
1376,1382,135,198,233,222,crystal,98,24,crystal,employerAddressCity
1384,1385,274,198,304,218,wv,30,20,wv,employerAddressState
1416,1425,360,198,499,219,11997-2462,139,21,11997-2462,employerAddressZip
1460,1460,681,208,691,222,7,10,14,7,OTHER
1461,1466,705,209,742,223,social,37,14,social,OTHER
1468,1475,745,210,791,223,security,46,13,security,OTHER
1477,1480,794,210,815,224,tips,21,14,tips,OTHER
1507,1507,970,209,981,223,8,11,14,8,OTHER
1509,1517,994,209,1049,222,allocated,55,13,allocated,OTHER
1519,1522,1051,210,1070,223,tips,19,13,tips,OTHER
1631,1636,725,233,806,252,86363.,81,19,86363.,OTHER
1638,1639,809,232,835,252,17,26,20,17,OTHER
1684,1691,1051,232,1159,253,98243.28,108,21,98243.28,OTHER
1695,1695,12,260,22,273,d,10,13,d,OTHER
1697,1703,28,261,71,274,control,43,13,control,OTHER
1705,1710,73,261,119,274,number,46,13,number,OTHER
1792,1792,681,259,690,273,9,9,14,9,OTHER
1794,1805,704,260,770,274,verification,66,14,verification,OTHER
1807,1810,773,261,802,274,code,29,13,code,OTHER
1838,1839,964,260,979,273,10,15,13,10,OTHER
1841,1849,994,261,1057,274,dependent,63,13,dependent,OTHER
1851,1854,1060,262,1086,274,care,26,12,care,OTHER
1856,1863,1089,261,1133,274,benefits,44,13,benefits,OTHER
1876,1882,66,284,162,305,9349624,96,21,9349624,OTHER
2025,2027,1050,283,1090,302,187,40,19,187,OTHER
2030,2030,12,311,22,326,e,10,15,e,OTHER
2032,2041,27,311,95,326,employee's,68,15,employee's,OTHER
2043,2047,98,312,121,325,first,23,13,first,OTHER
2049,2052,123,312,158,325,name,35,13,name,OTHER
2054,2056,161,312,182,325,and,21,13,and,OTHER
2058,2064,184,312,216,325,initial,32,13,initial,OTHER
2070,2073,279,311,305,325,last,26,14,last,OTHER
2075,2078,308,311,341,326,name,33,15,name,OTHER
2120,2124,633,309,665,325,suff.,32,16,suff.,OTHER
2126,2127,674,310,692,325,11,18,15,11,OTHER
2129,2140,703,310,775,325,nonqualified,72,15,nonqualified,OTHER
2142,2146,778,311,809,325,plans,31,14,plans,OTHER
2175,2177,968,310,986,323,12a,18,13,12a,OTHER
2179,2181,1009,311,1033,325,see,24,14,see,OTHER
2183,2194,1036,311,1110,325,instructions,74,14,instructions,OTHER
2196,2198,1112,311,1130,324,for,18,13,for,OTHER
2200,2202,1133,310,1160,324,box,27,14,box,OTHER
2204,2205,1163,310,1177,324,12,14,14,12,OTHER
2217,2222,65,360,159,381,brooke,94,21,brooke,employeeName
2244,2253,224,360,384,382,hutchinson,160,22,hutchinson,employeeName
2314,2316,725,343,765,362,134,40,19,134,OTHER
2360,2360,1009,345,1019,360,z,10,15,z,OTHER
2366,2369,1049,344,1103,363,5985,54,19,5985,OTHER
2469,2470,676,372,689,384,13,13,12,13,OTHER
2472,2480,692,372,737,384,statutory,45,12,statutory,OTHER
2482,2491,779,372,833,383,retirement,54,11,retirement,OTHER
2493,2503,867,372,918,385,third-party,51,13,third-party,OTHER
2505,2507,966,370,986,382,12b,20,12,12b,OTHER
2520,2523,68,405,129,427,4964,61,22,4964,OTHER
2525,2529,145,405,223,428,allen,78,23,allen,OTHER
2531,2534,242,404,306,429,port,64,25,port,OTHER
2536,2539,321,404,387,429,apt.,66,25,apt.,OTHER
2541,2543,402,403,448,429,538,46,26,538,OTHER
2610,2617,693,389,738,400,employee,45,11,employee,OTHER
2619,2622,779,390,800,400,plan,21,10,plan,OTHER
2640,2643,866,389,886,400,sick,20,11,sick,OTHER
2645,2647,888,389,905,400,pay,17,11,pay,OTHER
2808,2810,1051,406,1090,425,922,39,19,922,OTHER
2822,2830,63,445,209,467,maryshire,146,22,maryshire,OTHER
2832,2833,256,443,286,464,hi,30,21,hi,OTHER
2867,2876,372,443,530,466,48965-6224,158,23,48965-6224,OTHER
2910,2911,675,437,688,447,14,13,10,14,OTHER
2913,2917,704,438,737,449,other,33,11,other,OTHER
2958,2960,968,436,983,448,120,15,12,120,OTHER
3113,3114,998,468,1025,486,dd,27,18,dd,OTHER
3116,3118,1051,468,1089,487,954,38,19,954,OTHER
3266,3268,968,494,985,506,12d,17,12,12d,OTHER
3414,3414,962,511,972,525,c,10,14,c,OTHER
3576,3578,1053,528,1088,547,125,35,19,125,OTHER
3580,3581,5,576,22,591,15,17,15,15,OTHER
3582,3582,10,559,21,575,f,11,16,f,OTHER
3584,3593,28,560,96,575,employee's,68,15,employee's,OTHER
3595,3601,99,560,147,575,address,48,15,address,OTHER
3603,3605,150,560,172,575,and,22,15,and,OTHER
3607,3609,175,560,195,575,zip,20,15,zip,OTHER
3611,3614,197,560,226,575,code,29,15,code,OTHER
3621,3625,29,576,63,591,state,34,15,state,OTHER
3627,3636,87,576,153,592,employer's,66,16,employer's,OTHER
3641,3645,156,577,185,592,state,29,15,state,OTHER
3647,3648,188,578,201,592,id,13,14,id,OTHER
3650,3655,204,578,245,592,number,41,14,number,OTHER
3667,3668,348,575,364,590,16,16,15,16,OTHER
3670,3674,369,576,401,591,state,32,15,state,OTHER
3676,3681,403,577,446,592,"wages,",43,15,"wages,",OTHER
3683,3687,449,577,476,592,"tips,",27,15,"tips,",OTHER
3689,3691,479,576,499,591,etc,20,15,etc,OTHER
3693,3694,540,575,557,591,17,17,16,17,OTHER
3696,3700,562,576,592,591,state,30,15,state,OTHER
3702,3707,595,577,638,591,income,43,14,income,OTHER
3709,3711,641,578,662,591,tax,21,13,tax,OTHER
3724,3725,726,576,743,591,18,17,15,18,OTHER
3727,3731,746,576,779,591,local,33,15,local,OTHER
3733,3738,781,577,824,592,"wages,",43,15,"wages,",OTHER
3740,3744,827,577,854,592,"tips,",27,15,"tips,",OTHER
3746,3749,857,576,880,593,etc.,23,17,etc.,OTHER
3751,3752,929,576,945,591,19,16,15,19,OTHER
3754,3758,950,577,982,591,local,32,14,local,OTHER
3760,3765,985,578,1028,591,income,43,13,income,OTHER
3767,3769,1031,577,1052,591,tax,21,14,tax,OTHER
3786,3787,1115,575,1130,590,20,15,15,20,OTHER
3789,3796,1136,576,1182,591,locality,46,15,locality,OTHER
3798,3801,1184,578,1219,591,name,35,13,name,OTHER
3806,3807,16,602,43,618,nv,27,16,nv,OTHER
3825,3834,134,601,271,619,406-66-843,137,18,406-66-843,OTHER
3854,3860,348,602,442,621,45969.5,94,19,45969.5,box16StateWagesTips
3880,3883,541,601,595,620,4475,54,19,4475,box17StateIncomeTax
3885,3885,598,602,606,620,.,8,18,.,OTHER
3887,3888,609,601,634,620,64,25,19,64,OTHER
3910,3914,726,601,794,620,76331,68,19,76331,OTHER
3916,3916,798,601,806,620,.,8,19,.,OTHER
3918,3919,809,601,833,620,18,24,19,18,OTHER
3943,3947,929,601,996,620,18990,67,19,18990,OTHER
3949,3949,1001,601,1010,620,.,9,19,.,OTHER
3951,3952,1013,601,1036,620,41,23,19,41,OTHER
3973,3978,1115,606,1171,620,justin,56,14,justin,OTHER
3980,3984,1182,606,1232,620,walks,50,14,walks,OTHER
3989,3990,20,652,44,670,tx,24,18,tx,OTHER
4008,4017,134,652,270,672,769-47-436,136,20,769-47-436,OTHER
4037,4041,348,652,415,672,45524,67,20,45524,OTHER
4043,4043,419,652,427,671,.,8,19,.,OTHER
4045,4046,431,651,457,671,02,26,20,02,OTHER
4063,4067,538,652,604,672,5295.,66,20,5295.,OTHER
4069,4070,608,652,635,671,03,27,19,03,OTHER
4093,4100,726,651,835,672,71576.17,109,21,71576.17,OTHER
4126,4130,929,652,996,672,15695,67,20,15695,OTHER
4132,4132,1000,652,1008,671,.,8,19,.,OTHER
4134,4135,1012,652,1035,672,21,23,20,21,OTHER
4156,4160,1113,655,1173,672,erica,60,17,erica,OTHER
4162,4165,1186,654,1232,672,fall,46,18,fall,OTHER
4190,4193,139,684,207,708,wage,68,24,wage,OTHER
4195,4197,212,684,256,708,and,44,24,and,OTHER
4199,4201,264,684,303,709,tax,39,25,tax,OTHER
4246,4249,550,689,693,741,2018,143,52,2018,taxYear
4298,4307,863,689,947,707,department,84,18,department,OTHER
4309,4310,949,690,962,707,of,13,17,of,OTHER
4312,4314,965,690,990,707,the,25,17,the,OTHER
4316,4332,992,690,1111,707,treasury-internal,119,17,treasury-internal,OTHER
4334,4340,1114,690,1178,706,revenue,64,16,revenue,OTHER
4342,4348,1181,691,1235,706,service,54,15,service,OTHER
4350,4353,3,724,37,739,form,34,15,form,OTHER
4355,4357,48,723,74,739,w-2,26,16,w-2,OTHER
4373,4381,141,715,254,738,statement,113,23,statement,OTHER
4383,4386,5,746,48,764,copy,43,18,copy,OTHER
4388,4392,51,746,96,765,b--to,45,19,b--to,OTHER
4394,4395,99,746,122,765,be,23,19,be,OTHER
4397,4401,125,746,163,765,filed,38,19,filed,OTHER
4403,4406,166,746,202,765,with,36,19,with,OTHER
4408,4417,205,746,295,765,employee's,90,19,employee's,OTHER
4419,4425,299,746,378,764,federal,79,18,federal,OTHER
4427,4429,384,746,411,764,tax,27,18,tax,OTHER
4431,4436,415,746,470,764,return,55,18,return,OTHER
4438,4441,5,770,36,786,this,31,16,this,OTHER
4443,4453,39,769,121,786,information,82,17,information,OTHER
4455,4456,125,769,139,786,is,14,17,is,OTHER
4458,4462,142,769,184,786,being,42,17,being,OTHER
4464,4472,188,769,257,786,furnished,69,17,furnished,OTHER
4474,4475,260,769,275,786,to,15,17,to,OTHER
4477,4479,278,769,302,786,the,24,17,the,OTHER
4481,4488,305,769,361,786,internal,56,17,internal,OTHER
4490,4496,364,769,429,786,revenue,65,17,revenue,OTHER
4498,4505,434,769,492,785,service.,58,16,service.,OTHER
