start_index,end_index,x_top_left,y_top_left,x_bottom_right,y_bottom_right,transcript,box_width,box_height,combined_text,predicted_field
39,39,505,198,526,228,a,21,30,a,OTHER
41,50,537,196,672,231,employee's,135,35,employee's,OTHER
52,57,677,196,746,231,social,69,35,social,OTHER
59,66,751,196,845,231,security,94,35,security,OTHER
68,73,850,196,940,231,number,90,35,number,OTHER
129,133,1586,193,1653,228,"safe,",67,35,"safe,",OTHER
135,143,1659,196,1796,233,accurate.,137,37,accurate.,OTHER
177,181,2091,195,2148,228,visit,57,33,visit,OTHER
183,185,2153,195,2197,229,the,44,34,the,OTHER
187,189,2203,195,2254,230,irs,51,35,irs,OTHER
191,197,2259,193,2366,232,website,107,39,website,OTHER
354,356,1832,218,1946,263,rev,114,45,rev,OTHER
358,361,1954,220,2045,263,file,91,43,file,OTHER
418,428,695,237,982,277,149-21-8916,287,40,149-21-8916,ssnOfEmployee
465,467,1273,241,1325,272,omb,52,31,omb,OTHER
469,471,1330,242,1370,273,no.,40,31,no.,OTHER
473,481,1376,241,1491,274,1545-0008,115,33,1545-0008,OTHER
492,496,1589,242,1675,276,fast!,86,34,fast!,OTHER
498,499,1680,242,1721,278,us,41,36,us,OTHER
539,540,2092,239,2115,275,at,23,36,at,OTHER
542,558,2122,240,2338,279,www.irs.gov/efile,216,39,www.irs.gov/efile,OTHER
561,561,114,288,140,322,b,26,34,b,OTHER
563,570,148,288,250,321,employer,102,33,employer,OTHER
572,585,254,289,388,321,identification,134,32,identification,OTHER
587,592,393,289,476,319,number,83,30,number,OTHER
594,598,482,288,545,318,(ein),63,30,(ein),OTHER
675,680,1448,291,1532,322,"wages,",84,31,"wages,",OTHER
682,686,1537,292,1582,322,"tips,",45,30,"tips,",OTHER
688,692,1587,292,1643,321,other,56,29,other,OTHER
694,705,1648,288,1806,321,compensation,158,33,compensation,OTHER
724,724,1943,284,1971,322,2,28,38,2,OTHER
726,732,2003,290,2084,322,federal,81,32,federal,OTHER
734,739,2090,291,2169,322,income,79,31,income,OTHER
741,743,2175,290,2209,321,tax,34,31,tax,OTHER
745,752,2214,288,2295,319,withheld,81,31,withheld,OTHER
764,773,219,329,478,367,37-5867736,259,38,37-5867736,einEmployerIdentificationNumber
873,878,1480,330,1628,366,63609.,148,36,63609.,box1WagesTipsAndOtherCompensations
880,880,1634,330,1650,366,3,16,36,3,box1WagesTipsAndOtherCompensations
919,923,1977,327,2104,367,17365,127,40,17365,box2FederalIncomeTaxWithheld
925,925,2110,328,2126,367,.,16,39,.,box2FederalIncomeTaxWithheld
927,928,2132,328,2186,368,94,54,40,94,box2FederalIncomeTaxWithheld
932,932,118,378,141,412,c,23,34,c,OTHER
934,943,147,378,264,413,employer's,117,35,employer's,OTHER
945,949,270,381,340,413,"name,",70,32,"name,",OTHER
951,958,345,381,440,414,"address,",95,33,"address,",OTHER
960,962,446,380,487,414,and,41,34,and,OTHER
964,966,492,380,529,414,zip,37,34,zip,OTHER
968,971,535,378,598,414,code,63,36,code,OTHER
1047,1052,1450,383,1516,414,social,66,31,social,OTHER
1054,1061,1521,381,1602,414,security,81,33,security,OTHER
1063,1067,1607,379,1677,413,wages,70,34,wages,OTHER
1099,1104,2005,384,2071,413,social,66,29,social,OTHER
1106,1113,2076,384,2157,413,security,81,29,security,OTHER
1115,1117,2162,383,2197,412,tax,35,29,tax,OTHER
1119,1126,2202,378,2288,410,withheld,86,32,withheld,OTHER
1139,1145,225,426,397,466,jackson,172,40,jackson,employerName
1147,1149,425,425,503,464,plc,78,39,plc,employerName
1151,1153,528,425,607,465,plc,79,40,plc,employerName
1247,1251,1475,426,1602,462,68780,127,36,68780,box3SocialSecurityWages
1253,1253,1611,428,1626,464,.,15,36,.,box3SocialSecurityWages
1255,1256,1633,429,1675,467,61,42,38,61,box3SocialSecurityWages
1296,1299,1975,424,2077,462,5261,102,38,5261,box4SocialSecurityTaxWithheld
1301,1301,2083,427,2103,464,.,20,37,.,box4SocialSecurityTaxWithheld
1303,1304,2110,429,2155,468,72,45,39,72,box4SocialSecurityTaxWithheld
1315,1318,217,486,320,523,2070,103,37,2070,employerAddressStreet_name
1320,1327,343,485,559,522,martinez,216,37,martinez,employerAddressStreet_name
1329,1333,580,486,710,526,ridge,130,40,ridge,employerAddressStreet_name
1424,1431,1451,469,1548,503,medicare,97,34,medicare,OTHER
1433,1437,1553,473,1626,503,wages,73,30,wages,OTHER
1439,1441,1631,472,1672,503,and,41,31,and,OTHER
1443,1446,1677,470,1720,501,tips,43,31,tips,OTHER
1471,1471,1943,472,1969,507,6,26,35,6,OTHER
1473,1480,2002,472,2103,501,medicare,101,29,medicare,OTHER
1482,1484,2107,472,2142,502,tax,35,30,tax,OTHER
1486,1493,2147,473,2228,506,withheld,81,33,withheld,OTHER
1614,1618,1476,513,1603,550,50062,127,37,50062,OTHER
1620,1620,1608,513,1626,548,.,18,35,.,OTHER
1622,1623,1630,513,1684,549,03,54,36,03,OTHER
1673,1676,2098,515,2201,549,1451,103,34,1451,OTHER
1678,1678,2206,515,2223,548,.,17,33,.,OTHER
1680,1680,2228,515,2243,548,8,15,33,8,OTHER
1692,1700,215,545,443,585,davidtown,228,40,davidtown,employerAddressCity
1724,1725,555,546,605,581,ky,50,35,ky,employerAddressState
1738,1747,739,543,990,585,03734-2195,251,42,03734-2195,employerAddressZip
1800,1805,1453,558,1513,594,social,60,36,social,OTHER
1807,1814,1520,558,1601,595,security,81,37,security,OTHER
1816,1819,1608,558,1658,595,tips,50,37,tips,OTHER
1847,1847,1944,555,1965,585,8,21,30,8,OTHER
1848,1856,2003,558,2102,591,allocated,99,33,allocated,OTHER
1858,1861,2108,559,2145,592,tips,37,33,tips,OTHER
1983,1987,1475,605,1602,641,68780,127,36,68780,OTHER
1989,1989,1610,607,1627,642,.,17,35,.,OTHER
1991,1992,1632,608,1671,643,61,39,35,61,OTHER
2041,2046,2097,607,2248,642,50062.,151,35,50062.,OTHER
2048,2049,2252,607,2304,641,03,52,34,03,OTHER
2052,2052,121,649,140,678,d,19,29,d,OTHER
2054,2060,148,649,227,680,control,79,31,control,OTHER
2062,2067,232,647,310,680,number,78,33,number,OTHER
2215,2216,1934,649,1958,670,10,24,21,10,OTHER
2218,2226,2004,650,2124,679,dependent,120,29,dependent,OTHER
2228,2231,2128,650,2177,678,care,49,28,care,OTHER
2233,2240,2181,650,2268,677,benefits,87,27,benefits,OTHER
2252,2253,221,696,266,730,48,45,34,48,OTHER
2421,2423,2100,696,2165,729,177,65,33,177,OTHER
2426,2426,118,748,133,770,e,15,22,e,OTHER
2428,2437,149,748,274,770,employee's,125,22,employee's,OTHER
2439,2443,278,747,318,770,first,40,23,first,OTHER
2445,2448,322,746,385,770,name,63,24,name,OTHER
2450,2452,390,745,432,770,and,42,25,and,OTHER
2454,2460,435,744,497,769,initial,62,25,initial,OTHER
2473,2476,625,743,675,768,last,50,25,last,OTHER
2478,2481,677,743,739,767,name,62,24,name,OTHER
2528,2532,1300,740,1361,769,suff.,61,29,suff.,OTHER
2534,2535,1377,740,1411,768,11,34,28,11,OTHER
2537,2548,1447,744,1582,770,nonqualified,135,26,nonqualified,OTHER
2550,2554,1587,744,1650,771,plans,63,27,plans,OTHER
2589,2591,1935,745,1970,769,12a,35,24,12a,OTHER
2598,2609,2055,744,2196,770,instructions,141,26,instructions,OTHER
2611,2613,2200,743,2234,769,for,34,26,for,OTHER
2615,2617,2238,741,2285,769,box,47,28,box,OTHER
2619,2620,2289,740,2318,768,12,29,28,12,OTHER
2741,2743,1478,804,1549,832,157,71,28,157,OTHER
2793,2793,2015,799,2033,826,d,18,27,d,OTHER
2803,2806,2098,797,2200,836,8715,102,39,8715,OTHER
2818,2821,224,832,322,872,tony,98,40,tony,employeeName
2842,2845,478,833,594,871,ross,116,38,ross,employeeName
2972,2974,1936,841,1972,873,12b,36,32,12b,OTHER
3086,3087,1379,847,1408,875,13,29,28,13,OTHER
3089,3097,1413,849,1503,875,statutory,90,26,statutory,OTHER
3099,3108,1580,850,1672,876,retirement,92,26,retirement,OTHER
3122,3129,1767,853,1834,873,ird-part,67,20,ird-part,OTHER
3244,3251,1414,879,1498,906,employee,84,27,employee,OTHER
3255,3258,1580,883,1621,906,plan,41,23,plan,OTHER
3276,3279,1749,881,1781,909,sick,32,28,sick,OTHER
3281,3283,1785,879,1828,907,pay,43,28,pay,OTHER
3295,3297,219,907,304,949,345,85,42,345,OTHER
3299,3302,333,910,448,952,cody,115,42,cody,OTHER
3304,3309,478,912,654,954,bypass,176,42,bypass,OTHER
3311,3314,682,912,804,954,apt.,122,42,apt.,OTHER
3316,3318,829,911,907,954,022,78,43,022,OTHER
3408,3408,1595,915,1619,949,x,24,34,x,OTHER
3455,3456,2002,916,2049,945,hh,47,29,hh,OTHER
3462,3464,2101,913,2168,950,727,67,37,727,OTHER
3476,3487,223,978,551,1021,thompsonfurt,328,43,thompsonfurt,OTHER
3517,3518,682,972,741,1015,ri,59,43,ri,OTHER
3529,3538,833,975,1121,1019,72971-7767,288,44,72971-7767,OTHER
3576,3577,1378,964,1409,992,14,31,28,14,OTHER
3579,3583,1450,963,1510,993,other,60,30,other,OTHER
3630,3631,1934,963,1962,992,12,28,29,12,OTHER
3805,3805,2016,1030,2030,1051,v,14,21,v,OTHER
3811,3813,2100,1022,2169,1059,787,69,37,787,OTHER
3998,4000,2098,1132,2167,1169,444,69,37,444,OTHER
4002,4002,115,1190,137,1223,1,22,33,1,OTHER
4004,4013,149,1189,273,1223,employee's,124,34,employee's,OTHER
4015,4021,279,1189,365,1221,address,86,32,address,OTHER
4023,4025,370,1189,412,1219,and,42,30,and,OTHER
4027,4029,417,1189,455,1218,zip,38,29,zip,OTHER
4031,4034,460,1189,523,1217,code,63,28,code,OTHER
4036,4037,110,1213,134,1244,15,24,31,15,OTHER
4039,4043,149,1209,213,1244,state,64,35,state,OTHER
4045,4054,260,1219,380,1247,employer's,120,28,employer's,OTHER
4056,4060,384,1218,437,1248,state,53,30,state,OTHER
4062,4063,442,1217,466,1248,id,24,31,id,OTHER
4065,4070,473,1217,560,1250,number,87,33,number,OTHER
4092,4093,755,1211,787,1249,16,32,38,16,OTHER
4095,4099,795,1213,848,1250,state,53,37,state,OTHER
4101,4106,855,1215,930,1250,"wages,",75,35,"wages,",OTHER
4108,4112,938,1215,983,1250,"tips,",45,35,"tips,",OTHER
4114,4117,991,1214,1038,1249,etc.,47,35,etc.,OTHER
4124,4125,1123,1211,1156,1250,17,33,39,17,OTHER
4127,4131,1163,1213,1216,1250,state,53,37,state,OTHER
4133,4138,1223,1214,1301,1250,income,78,36,income,OTHER
4140,4142,1308,1216,1349,1249,tax,41,33,tax,OTHER
4154,4155,1475,1209,1509,1249,18,34,40,18,OTHER
4157,4161,1516,1212,1571,1249,local,55,37,local,OTHER
4163,4168,1578,1215,1654,1249,"wages,",76,34,"wages,",OTHER
4170,4174,1661,1217,1705,1249,"tips,",44,32,"tips,",OTHER
4176,4179,1713,1217,1757,1248,etc.,44,31,etc.,OTHER
4195,4196,1865,1215,1899,1248,19,34,33,19,OTHER
4198,4202,1904,1215,1961,1248,local,57,33,local,OTHER
4204,4209,1966,1216,2045,1250,income,79,34,income,OTHER
4211,4213,2051,1220,2089,1251,tax,38,31,tax,OTHER
4224,4225,2221,1218,2252,1249,20,31,31,20,OTHER
4227,4234,2258,1219,2340,1249,locality,82,30,locality,OTHER
4236,4239,2345,1218,2411,1248,name,66,30,name,OTHER
4242,4243,126,1265,180,1298,wy,54,33,wy,OTHER
4263,4272,349,1259,607,1298,908-98-200,258,39,908-98-200,OTHER
4297,4301,755,1260,880,1301,32012,125,41,32012,box16StateWagesTips
4303,4303,886,1260,902,1302,.,16,42,.,box16StateWagesTips
4305,4306,907,1261,966,1304,26,59,43,26,box16StateWagesTips
4329,4332,1119,1260,1221,1303,2007,102,43,2007,box17StateIncomeTax
4334,4336,1228,1260,1304,1305,.92,76,45,.92,box17StateIncomeTax
4360,4367,1478,1263,1671,1303,52928.93,193,40,52928.93,OTHER
4400,4404,1866,1260,1990,1299,7844.,124,39,7844.,OTHER
4406,4407,1997,1263,2039,1303,17,42,40,17,OTHER
4429,4435,2222,1268,2354,1305,tiffany,132,37,tiffany,OTHER
4437,4440,2368,1268,2443,1301,burg,75,33,burg,OTHER
4444,4445,124,1349,175,1386,mi,51,37,mi,OTHER
4464,4473,350,1347,597,1387,109-03-959,247,40,109-03-959,OTHER
4499,4503,755,1351,883,1388,33910,128,37,33910,OTHER
4505,4505,889,1351,906,1388,.,17,37,.,OTHER
4507,4508,911,1350,964,1388,06,53,38,06,OTHER
4531,4534,1119,1348,1222,1389,2590,103,41,2590,OTHER
4536,4536,1226,1347,1246,1388,.,20,41,.,OTHER
4538,4539,1250,1346,1299,1387,48,49,41,48,OTHER
4562,4566,1477,1345,1600,1389,75860,123,44,75860,OTHER
4568,4568,1607,1345,1625,1388,.,18,43,.,OTHER
4570,4571,1631,1345,1678,1389,57,47,44,57,OTHER
4602,4605,1863,1347,1963,1391,8725,100,44,8725,OTHER
4607,4607,1970,1347,1991,1389,.,21,42,.,OTHER
4609,4610,1998,1347,2039,1390,74,41,43,74,OTHER
4631,4635,2220,1355,2316,1393,evans,96,38,evans,OTHER
4637,4643,2325,1355,2451,1394,station,126,39,station,OTHER
4669,4672,365,1403,481,1448,wage,116,45,wage,OTHER
4674,4676,490,1405,574,1449,and,84,44,and,OTHER
4678,4680,582,1406,651,1450,tax,69,44,tax,OTHER
4734,4737,1140,1406,1409,1502,2019,269,96,2019,taxYear
4791,4800,1753,1413,1905,1450,department,152,37,department,OTHER
4802,4803,1911,1415,1935,1450,of,24,35,of,OTHER
4805,4807,1942,1416,1987,1450,the,45,34,the,OTHER
4809,4826,1994,1416,2218,1450,treasury--internal,224,34,treasury--internal,OTHER
4828,4834,2225,1417,2346,1450,revenue,121,33,revenue,OTHER
4836,4842,2352,1415,2457,1450,service,105,35,service,OTHER
4844,4847,99,1470,168,1510,form,69,40,form,OTHER
4849,4851,181,1474,231,1509,w-2,50,35,w-2,OTHER
4862,4870,358,1458,575,1508,statement,217,50,statement,OTHER
4872,4875,101,1510,180,1550,copy,79,40,copy,OTHER
4877,4881,187,1510,271,1549,b--to,84,39,b--to,OTHER
4883,4884,278,1510,320,1548,be,42,38,be,OTHER
4886,4890,327,1510,401,1548,filed,74,38,filed,OTHER
4892,4895,407,1510,473,1547,with,66,37,with,OTHER
4897,4906,480,1510,658,1547,employee's,178,37,employee's,OTHER
4908,4914,664,1511,816,1548,federal,152,37,federal,OTHER
4916,4918,823,1512,879,1549,tax,56,37,tax,OTHER
4920,4925,885,1512,993,1550,return,108,38,return,OTHER
4927,4930,104,1551,162,1586,this,58,35,this,OTHER
4932,4942,168,1551,327,1586,information,159,35,information,OTHER
4944,4945,333,1551,361,1586,is,28,35,is,OTHER
4947,4951,367,1551,447,1586,being,80,35,being,OTHER
4953,4961,453,1551,585,1587,furnished,132,36,furnished,OTHER
4963,4964,591,1551,621,1587,to,30,36,to,OTHER
4966,4968,627,1551,673,1587,the,46,36,the,OTHER
4970,4977,679,1551,788,1588,internal,109,37,internal,OTHER
4979,4985,795,1551,926,1588,revenue,131,37,revenue,OTHER
4987,4994,933,1551,1053,1589,service.,120,38,service.,OTHER
5075,5077,1005,1643,1045,1685,cut,40,42,cut,OTHER
5079,5082,1052,1644,1097,1685,here,45,41,here,OTHER
5084,5084,1104,1644,1119,1684,.,15,40,.,OTHER
5086,5089,1126,1644,1187,1684,keep,61,40,keep,OTHER
5091,5095,1195,1644,1256,1684,tower,61,40,tower,OTHER
5097,5103,1264,1644,1343,1684,portion,79,40,portion,OTHER
5105,5107,1352,1644,1385,1683,for,33,39,for,OTHER
5109,5112,1393,1644,1440,1683,your,47,39,your,OTHER
5114,5120,1447,1644,1530,1683,records,83,39,records,OTHER
5122,5122,1538,1644,1547,1682,.,9,38,.,OTHER
5164,5173,537,1739,670,1777,employee's,133,38,employee's,OTHER
5175,5180,677,1739,746,1777,social,69,38,social,OTHER
5182,5189,752,1739,844,1777,security,92,38,security,OTHER
5191,5196,850,1738,935,1776,number,85,38,number,OTHER
5246,5249,1528,1739,1570,1771,this,42,32,this,OTHER
5251,5261,1575,1740,1694,1773,information,119,33,information,OTHER
5263,5264,1700,1741,1717,1773,is,17,32,is,OTHER
5266,5270,1722,1741,1784,1774,being,62,33,being,OTHER
5272,5280,1790,1741,1888,1774,furnished,98,33,furnished,OTHER
5282,5283,1894,1742,1917,1774,to,23,32,to,OTHER
5285,5287,1923,1742,1956,1774,the,33,32,the,OTHER
5289,5296,1962,1742,2041,1774,internal,79,32,internal,OTHER
5298,5304,2047,1742,2148,1774,revenue,101,32,revenue,OTHER
5306,5313,2153,1742,2246,1774,service.,93,32,service.,OTHER
5315,5316,2251,1741,2264,1774,if,13,33,if,OTHER
5318,5320,2270,1741,2311,1773,you,41,32,you,OTHER
5322,5324,2316,1741,2352,1773,are,36,32,are,OTHER
5326,5333,2357,1741,2453,1773,required,96,32,required,OTHER
5388,5398,697,1779,984,1823,149-21-8916,287,44,149-21-8916,OTHER
5436,5438,1272,1783,1325,1819,omb,53,36,omb,OTHER
5440,5442,1331,1783,1371,1819,no.,40,36,no.,OTHER
5444,5452,1377,1783,1503,1821,1545-0008,126,38,1545-0008,OTHER
5453,5454,1523,1773,1545,1805,to,22,32,to,OTHER
5456,5459,1550,1773,1582,1805,file,32,32,file,OTHER
5461,5461,1588,1773,1601,1805,a,13,32,a,OTHER
5463,5465,1607,1772,1638,1804,tax,31,32,tax,OTHER
5467,5473,1644,1772,1715,1804,"return,",71,32,"return,",OTHER
5475,5475,1722,1772,1736,1804,a,14,32,a,OTHER
5477,5486,1743,1771,1858,1804,negligence,115,33,negligence,OTHER
5488,5494,1863,1771,1943,1803,penalty,80,32,penalty,OTHER
5496,5497,1949,1771,1971,1803,or,22,32,or,OTHER
5499,5503,1976,1771,2033,1804,other,57,33,other,OTHER
5505,5512,2038,1771,2127,1804,sanction,89,33,sanction,OTHER
5514,5516,2132,1771,2178,1804,may,46,33,may,OTHER
5518,5519,2182,1771,2213,1804,be,31,33,be,OTHER
5521,5527,2218,1771,2312,1805,imposed,94,34,imposed,OTHER
5529,5530,2315,1772,2345,1805,on,30,33,on,OTHER
5532,5534,2349,1772,2389,1806,you,40,34,you,OTHER
5536,5537,2393,1772,2416,1806,if,23,34,if,OTHER
5658,5661,1525,1803,1561,1834,this,36,31,this,OTHER
5663,5668,1566,1802,1646,1835,income,80,33,income,OTHER
5670,5671,1652,1802,1670,1835,is,18,33,is,OTHER
5673,5679,1675,1802,1755,1835,taxable,80,33,taxable,OTHER
5681,5683,1761,1802,1803,1835,and,42,33,and,OTHER
5685,5687,1808,1802,1847,1836,you,39,34,you,OTHER
5689,5692,1852,1802,1882,1836,fail,30,34,fail,OTHER
5694,5695,1888,1802,1910,1836,to,22,34,to,OTHER
5697,5702,1915,1803,1980,1837,report,65,34,report,OTHER
5704,5706,1985,1804,2011,1837,it.,26,33,it.,OTHER
5709,5709,115,1831,139,1864,b,24,33,b,OTHER
5711,5718,148,1831,247,1864,employer,99,33,employer,OTHER
5720,5733,254,1832,388,1864,identification,134,32,identification,OTHER
5735,5740,393,1832,467,1864,number,74,32,number,OTHER
5821,5826,1448,1833,1532,1864,"wages,",84,31,"wages,",OTHER
5828,5832,1537,1834,1582,1864,"tips,",45,30,"tips,",OTHER
5834,5838,1588,1833,1643,1863,other,55,30,other,OTHER
5840,5851,1648,1829,1807,1862,compensation,159,33,compensation,OTHER
5875,5881,2003,1831,2084,1864,federal,81,33,federal,OTHER
5883,5888,2091,1832,2168,1864,income,77,32,income,OTHER
5890,5892,2174,1833,2206,1863,tax,32,30,tax,OTHER
5894,5901,2213,1833,2299,1863,withheld,86,30,withheld,OTHER
5913,5922,218,1875,478,1911,37-5867736,260,36,37-5867736,OTHER
6019,6025,1477,1875,1643,1911,63609.3,166,36,63609.3,OTHER
6067,6071,1977,1874,2102,1913,17365,125,39,17365,OTHER
6073,6073,2107,1874,2125,1911,.,18,37,.,OTHER
6075,6076,2130,1874,2184,1912,94,54,38,94,OTHER
6080,6080,118,1920,141,1954,c,23,34,c,OTHER
6082,6091,147,1920,265,1955,employer's,118,35,employer's,OTHER
6093,6097,271,1923,339,1955,"name,",68,32,"name,",OTHER
6099,6106,346,1922,439,1954,"address,",93,32,"address,",OTHER
6108,6110,445,1921,486,1954,and,41,33,and,OTHER
6112,6114,492,1920,529,1954,zip,37,34,zip,OTHER
6116,6119,535,1918,599,1954,code,64,36,code,OTHER
6191,6196,1449,1920,1514,1955,social,65,35,social,OTHER
6198,6205,1520,1920,1600,1954,security,80,34,security,OTHER
6207,6211,1607,1920,1669,1956,wages,62,36,wages,OTHER
6240,6240,1946,1920,1970,1952,4,24,32,4,OTHER
6242,6247,2002,1920,2071,1952,social,69,32,social,OTHER
6249,6256,2076,1920,2157,1951,security,81,31,security,OTHER
6258,6260,2163,1920,2197,1952,tax,34,32,tax,OTHER
6262,6269,2203,1920,2300,1954,withheld,97,34,withheld,OTHER
6282,6288,224,1965,397,2006,jackson,173,41,jackson,OTHER
6290,6292,427,1964,504,2005,plc,77,41,plc,OTHER
6294,6296,531,1962,611,2006,plc,80,44,plc,OTHER
6386,6390,1477,1963,1602,1999,68780,125,36,68780,OTHER
6392,6392,1609,1963,1626,2000,.,17,37,.,OTHER
6394,6395,1633,1965,1678,2004,61,45,39,61,OTHER
6436,6439,1980,1965,2077,2001,5261,97,36,5261,OTHER
6441,6441,2083,1965,2104,2002,.,21,37,.,OTHER
6443,6444,2110,1967,2145,2006,72,35,39,72,OTHER
6560,6567,1452,2005,1547,2045,medicare,95,40,medicare,OTHER
6569,6573,1553,2009,1625,2045,wages,72,36,wages,OTHER
6575,6577,1631,2009,1670,2045,and,39,36,and,OTHER
6579,6582,1676,2007,1714,2043,tips,38,36,tips,OTHER
6612,6619,2001,2008,2102,2043,medicare,101,35,medicare,OTHER
6621,6623,2108,2008,2141,2044,tax,33,36,tax,OTHER
6625,6632,2146,2008,2238,2045,withheld,92,37,withheld,OTHER
6643,6646,218,2026,319,2062,2070,101,36,2070,OTHER
6648,6655,343,2027,558,2065,martinez,215,38,martinez,OTHER
6657,6661,581,2026,713,2067,ridge,132,41,ridge,OTHER
6778,6782,1475,2055,1605,2093,50062,130,38,50062,OTHER
6784,6784,1609,2058,1625,2093,.,16,35,.,OTHER
6786,6787,1629,2057,1685,2093,03,56,36,03,OTHER
6839,6842,2099,2058,2200,2092,1451,101,34,1451,OTHER
6844,6844,2205,2058,2225,2092,.,20,34,.,OTHER
6846,6846,2229,2058,2247,2092,8,18,34,8,OTHER
6857,6865,213,2086,448,2124,davidtown,235,38,davidtown,OTHER
6890,6891,555,2087,606,2120,ky,51,33,ky,OTHER
6904,6913,736,2084,993,2125,03734-2195,257,41,03734-2195,OTHER
6961,6966,1448,2096,1514,2132,social,66,36,social,OTHER
6968,6975,1520,2096,1602,2132,security,82,36,security,OTHER
6977,6980,1608,2096,1651,2133,tips,43,37,tips,OTHER
7014,7022,2002,2095,2103,2131,allocated,101,36,allocated,OTHER
7024,7027,2108,2095,2151,2128,tips,43,33,tips,OTHER
7145,7149,1477,2142,1603,2182,68780,126,40,68780,OTHER
7151,7151,1607,2146,1627,2182,.,20,36,.,OTHER
7153,7154,1631,2146,1681,2183,61,50,37,61,OTHER
7206,7210,2103,2146,2225,2182,50062,122,36,50062,OTHER
7212,7212,2232,2146,2249,2181,.,17,35,.,OTHER
7214,7215,2254,2143,2304,2181,03,50,38,03,OTHER
7218,7218,121,2192,139,2220,d,18,28,d,OTHER
7220,7226,149,2193,227,2222,control,78,29,control,OTHER
7228,7233,232,2192,320,2222,number,88,30,number,OTHER
7377,7378,1934,2190,1960,2213,10,26,23,10,OTHER
7380,7388,2003,2195,2125,2223,dependent,122,28,dependent,OTHER
7390,7393,2129,2194,2178,2222,care,49,28,care,OTHER
7395,7402,2182,2194,2263,2221,benefits,81,27,benefits,OTHER
7413,7419,221,2234,395,2269,4895608,174,35,4895608,OTHER
7581,7583,2106,2234,2152,2266,17',46,32,17',OTHER
7586,7586,119,2289,136,2314,e,17,25,e,OTHER
7588,7597,149,2286,273,2313,employee's,124,27,employee's,OTHER
7599,7603,276,2285,317,2312,first,41,27,first,OTHER
7605,7608,320,2284,386,2311,name,66,27,name,OTHER
7610,7612,389,2283,432,2310,and,43,27,and,OTHER
7614,7620,435,2282,489,2310,initial,54,28,initial,OTHER
7632,7635,626,2283,675,2311,last,49,28,last,OTHER
7637,7640,678,2283,743,2309,name,65,26,name,OTHER
7688,7692,1299,2279,1359,2312,suff.,60,33,suff.,OTHER
7694,7695,1378,2278,1411,2309,11,33,31,11,OTHER
7697,7708,1446,2282,1582,2314,nonqualified,136,32,nonqualified,OTHER
7710,7714,1588,2282,1658,2311,plans,70,29,plans,OTHER
7745,7747,1936,2282,1978,2305,12a,42,23,12a,OTHER
7749,7751,2008,2282,2049,2312,see,41,30,see,OTHER
7753,7764,2055,2283,2194,2312,instructions,139,29,instructions,OTHER
7766,7768,2200,2283,2232,2312,for,32,29,for,OTHER
7770,7772,2237,2282,2285,2311,box,48,29,box,OTHER
7774,7775,2289,2281,2316,2310,12,27,29,12,OTHER
7897,7899,1477,2337,1546,2371,157,69,34,157,OTHER
7948,7948,2013,2340,2032,2367,d,19,27,d,OTHER
7958,7961,2097,2334,2195,2373,8715,98,39,8715,OTHER
7973,7976,221,2364,333,2410,tony,112,46,tony,OTHER
7997,8000,478,2369,590,2405,ross,112,36,ross,OTHER
8113,8114,1375,2386,1408,2417,13,33,31,13,OTHER
8116,8124,1413,2386,1502,2414,statutory,89,28,statutory,OTHER
8126,8135,1580,2386,1689,2413,retirement,109,27,retirement,OTHER
8147,8157,1749,2386,1836,2414,third-party,87,28,third-party,OTHER
8166,8168,1935,2384,1979,2412,12b,44,28,12b,OTHER
8283,8290,1412,2411,1501,2439,employee,89,28,employee,OTHER
8295,8297,1590,2414,1623,2440,lan,33,26,lan,OTHER
8314,8317,1746,2407,1783,2438,sick,37,31,sick,OTHER
8319,8321,1784,2404,1827,2439,pay,43,35,pay,OTHER
8332,8334,221,2435,305,2480,345,84,45,345,OTHER
8336,8339,334,2437,452,2481,cody,118,44,cody,OTHER
8341,8346,479,2438,657,2481,bypass,178,43,bypass,OTHER
8348,8351,680,2438,807,2480,apt.,127,42,apt.,OTHER
8353,8355,830,2438,909,2479,022,79,41,022,OTHER
8447,8447,1595,2439,1621,2475,x,26,36,x,OTHER
8493,8494,2002,2439,2050,2477,hh,48,38,hh,OTHER
8496,8498,2101,2432,2170,2477,727,69,45,727,OTHER
8510,8521,224,2504,561,2545,thompsonfurt,337,41,thompsonfurt,OTHER
8551,8552,681,2498,741,2538,ri,60,40,ri,OTHER
8563,8572,831,2496,1116,2543,72971-7767,285,47,72971-7767,OTHER
8610,8611,1378,2489,1413,2523,14,35,34,14,OTHER
8613,8617,1447,2495,1510,2522,other,63,27,other,OTHER
8619,8622,1515,2496,1564,2522,(see,49,26,(see,OTHER
8624,8631,1568,2496,1666,2522,enclosed,98,26,enclosed,OTHER
8633,8638,1672,2496,1741,2522,notice,69,26,notice,OTHER
8640,8641,1746,2495,1768,2522,to,22,27,to,OTHER
8643,8651,1773,2493,1900,2522,employee),127,29,employee),OTHER
8653,8653,1906,2492,1925,2521,|,19,29,|,OTHER
8655,8657,1936,2491,1981,2521,12c,45,30,12c,OTHER
8835,8838,2079,2537,2167,2584,|787,88,47,|787,OTHER
9004,9006,1935,2592,1972,2620,12d,37,28,12d,OTHER
9189,9191,2102,2648,2170,2687,144,68,39,144,OTHER
9194,9194,114,2713,134,2741,1,20,28,1,OTHER
9196,9205,149,2712,274,2741,employee's,125,29,employee's,OTHER
9207,9213,278,2711,367,2740,address,89,29,address,OTHER
9215,9217,370,2711,413,2739,and,43,28,and,OTHER
9219,9221,416,2710,455,2739,zip,39,29,zip,OTHER
9223,9226,458,2710,516,2738,code,58,28,code,OTHER
9229,9229,116,2733,135,2762,5,19,29,5,OTHER
9231,9235,149,2730,211,2762,state,62,32,state,OTHER
9237,9246,261,2737,378,2766,employer's,117,29,employer's,OTHER
9248,9252,383,2738,437,2766,state,54,28,state,OTHER
9254,9255,443,2738,468,2766,id,25,28,id,OTHER
9257,9262,473,2738,556,2767,number,83,29,number,OTHER
9284,9285,757,2735,790,2768,16,33,33,16,OTHER
9287,9291,795,2736,852,2768,state,57,32,state,OTHER
9293,9298,857,2736,933,2767,"wages,",76,31,"wages,",OTHER
9300,9304,939,2737,984,2767,"tips,",45,30,"tips,",OTHER
9306,9309,990,2736,1031,2768,etc.,41,32,etc.,OTHER
9316,9317,1121,2731,1155,2768,17,34,37,17,OTHER
9319,9323,1162,2734,1215,2768,state,53,34,state,OTHER
9325,9330,1222,2736,1301,2768,income,79,32,income,OTHER
9332,9334,1308,2736,1344,2767,tax,36,31,tax,OTHER
9347,9348,1477,2736,1511,2768,18,34,32,18,OTHER
9350,9354,1515,2737,1574,2768,local,59,31,local,OTHER
9356,9361,1579,2738,1655,2767,"wages,",76,29,"wages,",OTHER
9363,9367,1660,2737,1706,2767,"tips,",46,30,"tips,",OTHER
9369,9372,1711,2735,1766,2768,etc.,55,33,etc.,OTHER
9387,9388,1866,2738,1898,2769,19,32,31,19,OTHER
9390,9394,1903,2738,1961,2769,local,58,31,local,OTHER
9396,9401,1967,2738,2045,2770,income,78,32,income,OTHER
9403,9405,2051,2739,2089,2770,tax,38,31,tax,OTHER
9416,9417,2221,2736,2253,2769,20,32,33,20,OTHER
9419,9426,2257,2738,2339,2769,locality,82,31,locality,OTHER
9428,9431,2345,2738,2412,2768,name,67,30,name,OTHER
9435,9436,128,2786,178,2814,wy,50,28,wy,OTHER
9453,9462,351,2782,603,2815,908-98-200,252,33,908-98-200,OTHER
9489,9493,754,2779,881,2820,32012,127,41,32012,OTHER
9495,9495,887,2779,903,2820,.,16,41,.,OTHER
9497,9498,909,2778,965,2820,26,56,42,26,OTHER
9521,9524,1120,2778,1220,2824,2007,100,46,2007,OTHER
9526,9526,1227,2778,1244,2824,.,17,46,.,OTHER
9528,9529,1251,2778,1307,2826,92,56,48,92,OTHER
9552,9559,1477,2780,1680,2822,52928.93,203,42,52928.93,OTHER
9592,9595,1865,2780,1965,2821,7844,100,41,7844,OTHER
9597,9597,1972,2780,1991,2821,.,19,41,.,OTHER
9599,9600,1998,2780,2048,2823,17,50,43,17,OTHER
9621,9627,2220,2785,2357,2827,tiffany,137,42,tiffany,OTHER
9629,9632,2369,2786,2451,2825,burg,82,39,burg,OTHER
9637,9638,126,2874,177,2903,mi,51,29,mi,OTHER
9657,9666,350,2865,602,2904,109-03-959,252,39,109-03-959,OTHER
9694,9698,755,2867,881,2907,33910,126,40,33910,OTHER
9700,9702,889,2865,962,2907,.06,73,42,.06,OTHER
9723,9726,1118,2864,1220,2909,2590,102,45,2590,OTHER
9728,9728,1228,2864,1246,2908,.,18,44,.,OTHER
9730,9731,1253,2864,1307,2909,48,54,45,48,OTHER
9755,9759,1479,2867,1603,2906,75860,124,39,75860,OTHER
9761,9763,1608,2867,1680,2907,.57,72,40,.57,OTHER
9794,9797,1869,2866,1965,2908,8725,96,42,8725,OTHER
9799,9799,1972,2866,1990,2906,.,18,40,.,OTHER
9801,9802,1997,2866,2047,2906,74,50,40,74,OTHER
9823,9827,2224,2878,2313,2914,evans,89,36,evans,OTHER
9829,9835,2324,2878,2447,2914,station,123,36,station,OTHER
9861,9864,370,2924,480,2965,wage,110,41,wage,OTHER
9866,9868,490,2924,576,2965,and,86,41,and,OTHER
9870,9872,583,2924,645,2966,tax,62,42,tax,OTHER
9926,9929,1143,2925,1411,3016,2019,268,91,2019,OTHER
9983,9992,1757,2937,1907,2968,department,150,31,department,OTHER
9994,9995,1911,2937,1936,2968,of,25,31,of,OTHER
9997,9999,1940,2937,1990,2968,the,50,31,the,OTHER
10001,10018,1995,2937,2220,2968,treasury--internal,225,31,treasury--internal,OTHER
10020,10026,2225,2937,2347,2968,revenue,122,31,revenue,OTHER
10028,10034,2352,2937,2453,2969,service,101,32,service,OTHER
10036,10039,100,2985,166,3019,form,66,34,form,OTHER
10041,10043,182,2985,239,3020,w-2,57,35,w-2,OTHER
10053,10061,368,2979,571,3026,statement,203,47,statement,OTHER
10190,10194,1859,2982,1932,3014,"safe,",73,32,"safe,",OTHER
10196,10204,1936,2984,2065,3017,"accurate,",129,33,"accurate,",OTHER
10376,10378,2096,2999,2169,3042,the,73,43,the,OTHER
10380,10380,2183,2999,2214,3041,~,31,42,~,OTHER
10382,10385,2228,2999,2318,3045,file,90,46,file,OTHER
10388,10391,109,3028,183,3059,copy,74,31,copy,OTHER
10393,10393,189,3028,209,3059,c,20,31,c,OTHER
10395,10397,219,3028,274,3059,for,55,31,for,OTHER
10399,10408,280,3028,484,3060,employee's,204,32,employee's,OTHER
10410,10417,493,3028,661,3062,records.,168,34,records.,OTHER
10419,10422,666,3028,737,3063,(see,71,35,(see,OTHER
10424,10429,741,3028,843,3065,notice,102,37,notice,OTHER
10431,10432,847,3028,881,3066,to,34,38,to,OTHER
10541,10545,1863,3016,1953,3048,fast!,90,32,fast!,OTHER
10547,10549,1959,3015,2017,3048,use,58,33,use,OTHER
10551,10558,102,3070,254,3103,employee,152,33,employee,OTHER
10560,10561,260,3070,299,3100,on,39,30,on,OTHER
10563,10565,305,3070,355,3100,the,50,30,the,OTHER
10567,10570,361,3069,435,3100,back,74,31,back,OTHER
10572,10573,441,3068,476,3101,of,35,33,of,OTHER
10575,10578,483,3066,561,3102,copy,78,36,copy,OTHER
10580,10583,567,3065,617,3103,b.)',50,38,b.)',OTHER
