start_index,end_index,x_top_left,y_top_left,x_bottom_right,y_bottom_right,transcript,box_width,box_height,combined_text,predicted_field
0,0,410,406,487,431,12020#,77,25,12020#,OTHER
50,53,784,29,894,73,2018,110,44,2018,OTHER
55,57,902,29,996,74,w-2,94,45,w-2,OTHER
59,61,1006,29,1091,74,and,85,45,and,OTHER
63,70,1105,28,1356,74,earnings,251,46,earnings,OTHER
72,78,1370,27,1621,74,summary,251,47,summary,OTHER
86,93,119,79,204,106,impiojee,85,27,impiojee,OTHER
95,103,255,79,343,105,reference,88,26,reference,OTHER
125,128,717,76,762,104,this,45,28,this,OTHER
130,133,766,76,819,104,blue,53,28,blue,OTHER
135,142,823,75,927,105,earnings,104,30,earnings,OTHER
144,150,932,75,1043,105,summary,111,30,summary,OTHER
152,158,1048,75,1129,105,section,81,30,section,OTHER
160,161,1134,75,1155,106,is,21,31,is,OTHER
163,170,1160,75,1256,106,included,96,31,included,OTHER
172,175,1261,75,1309,106,with,48,31,with,OTHER
177,180,1314,75,1366,106,your,52,31,your,OTHER
182,184,1371,75,1420,106,w-2,49,31,w-2,OTHER
186,187,1425,75,1447,106,to,22,31,to,OTHER
189,192,1452,75,1508,105,help,56,30,help,OTHER
194,201,1513,75,1607,105,describe,94,30,describe,OTHER
203,210,1612,76,1704,105,portions,92,29,portions,OTHER
212,213,1710,76,1730,105,in,20,29,in,OTHER
215,218,1735,76,1800,105,more,65,29,more,OTHER
220,225,1807,76,1864,104,detail,57,28,detail,OTHER
245,247,286,108,321,130,and,35,22,and,OTHER
272,274,715,103,756,130,the,41,27,the,OTHER
276,282,761,104,848,131,reverse,87,27,reverse,OTHER
284,287,853,105,901,131,side,48,26,side,OTHER
289,296,906,106,1003,131,includes,97,25,includes,OTHER
298,304,1009,106,1094,131,general,85,25,general,OTHER
306,316,1099,107,1226,131,information,127,24,information,OTHER
318,321,1231,106,1275,131,that,44,25,that,OTHER
323,325,1280,106,1323,131,you,43,25,you,OTHER
327,329,1328,106,1380,131,may,52,25,may,OTHER
331,334,1385,105,1432,130,also,47,25,also,OTHER
336,339,1438,105,1480,130,find,42,25,find,OTHER
341,348,1485,103,1565,130,helpful.,80,27,helpful.,OTHER
350,352,21,137,83,168,w-2,62,31,w-2,OTHER
380,383,413,137,486,167,2018,73,30,2018,taxYear
435,436,779,178,798,206,1.,19,28,1.,OTHER
438,440,803,179,839,206,the,36,27,the,OTHER
442,450,844,179,935,206,following,91,27,following,OTHER
452,462,940,179,1055,206,information,115,27,information,OTHER
464,471,1060,180,1136,205,reflects,76,25,reflects,OTHER
473,476,1141,180,1188,205,your,47,25,your,OTHER
478,482,1193,180,1238,205,final,45,25,final,OTHER
484,487,1243,180,1292,205,2018,49,25,2018,OTHER
489,491,1297,180,1334,205,pay,37,25,pay,OTHER
493,496,1339,180,1384,205,stub,45,25,stub,OTHER
498,501,1389,181,1434,205,plus,45,24,plus,OTHER
503,505,1439,181,1474,205,any,35,24,any,OTHER
507,517,1480,180,1607,206,adjustments,127,26,adjustments,OTHER
519,527,1613,180,1713,206,submitted,100,26,submitted,OTHER
529,530,1718,180,1742,206,by,24,26,by,OTHER
532,535,1748,180,1796,207,your,48,27,your,OTHER
537,545,1801,180,1907,208,employer.,106,28,employer.,OTHER
664,666,1445,233,1469,257,but,24,24,but,OTHER
668,668,1474,233,1486,257,s,12,24,s,OTHER
670,671,1491,233,1514,257,of,23,24,of,OTHER
673,673,1524,233,1540,256,2,16,23,2,OTHER
676,687,63,274,197,298,sanchez-lesa,134,24,sanchez-lesa,employerName
689,691,207,276,244,298,ise,37,22,ise,employerAddressStreet_name
694,698,64,301,124,325,43106,60,24,43106,employerAddressStreet_name
700,704,128,301,189,326,april,61,25,april,employerAddressStreet_name
706,711,195,302,264,327,follow,69,25,follow,employerAddressStreet_name
778,785,1129,304,1191,325,wallisme,62,21,wallisme,OTHER
787,789,1193,302,1218,323,for,25,21,for,OTHER
792,801,62,328,176,352,rachelview,114,24,rachelview,employerAddressCity
803,805,225,327,256,351,be:,31,24,be:,employerAddressState
807,816,261,328,372,352,$7672-3798,111,24,$7672-3798,employerAddressZip
903,904,1131,347,1155,369,bu,24,22,bu,OTHER
906,910,1158,348,1211,372,forwa,53,24,forwa,OTHER
931,935,276,409,329,431,batch,53,22,batch,OTHER
1024,1025,778,468,795,500,2.,17,32,2.,OTHER
1027,1030,801,468,849,500,your,48,32,your,OTHER
1032,1036,855,469,915,500,gross,60,31,gross,OTHER
1038,1040,921,469,959,500,pay,38,31,pay,OTHER
1042,1044,965,470,1004,500,was,39,30,was,OTHER
1046,1053,1011,470,1096,499,adjusted,85,29,adjusted,OTHER
1055,1056,1102,470,1125,499,as,23,29,as,OTHER
1058,1064,1131,470,1202,499,follows,71,29,follows,OTHER
1066,1067,1208,471,1229,499,to,21,28,to,OTHER
1069,1075,1235,471,1318,498,produce,83,27,produce,OTHER
1077,1080,1324,471,1370,498,your,46,27,your,OTHER
1082,1084,1376,471,1416,498,w.2,40,27,w.2,OTHER
1086,1094,1422,471,1516,497,statement,94,26,statement,OTHER
1097,1101,60,495,125,522,david,65,27,david,OTHER
1103,1106,129,495,179,521,chol,50,26,chol,OTHER
1109,1111,63,521,103,547,$43,40,26,$43,OTHER
1113,1120,107,522,198,547,jonathan,91,25,jonathan,OTHER
1122,1129,202,522,299,547,motorvay,97,25,motorvay,OTHER
1131,1135,304,522,367,547,suite,63,25,suite,OTHER
1137,1139,371,521,411,546,236,40,25,236,OTHER
1142,1146,62,548,122,575,month,60,27,month,OTHER
1148,1156,129,550,234,575,forgeberg,105,25,forgeberg,OTHER
1158,1159,283,549,312,573,81,29,24,81,OTHER
1161,1170,327,549,440,573,74248-3846,113,24,74248-3846,OTHER
1296,1300,1490,767,1535,795,"tion,",45,28,"tion,",OTHER
1302,1305,1540,766,1571,795,file,31,29,file,OTHER
1307,1307,1576,766,1587,795,a,11,29,a,OTHER
1309,1311,1592,766,1634,795,new,42,29,new,OTHER
1313,1315,906,767,947,795,w-4,41,28,w-4,OTHER
1317,1320,1685,765,1727,796,with,42,31,with,OTHER
1322,1325,1141,766,1188,795,your,47,29,your,OTHER
1327,1333,1783,766,1854,797,payroll,71,31,payroll,OTHER
1335,1339,1859,767,1908,798,dept.,49,31,dept.,OTHER
1391,1392,779,767,797,794,3.,18,27,3.,OTHER
1394,1401,802,767,901,795,employee,99,28,employee,OTHER
1403,1405,1297,766,1341,795,w-4,44,29,w-4,OTHER
1407,1414,953,767,1026,795,profile.,73,28,profile.,OTHER
1416,1417,1031,767,1057,795,to,26,28,to,OTHER
1419,1424,1062,767,1136,795,change,74,28,change,OTHER
1426,1429,1732,766,1779,796,your,47,30,your,OTHER
1431,1438,1193,766,1292,795,employee,99,29,employee,OTHER
1440,1442,1639,765,1680,795,w-4,41,30,w-4,OTHER
1444,1450,1345,765,1409,795,profile,64,30,profile,OTHER
1452,1462,1413,764,1507,795,information,94,31,information,OTHER
1521,1525,841,846,914,873,david,73,27,david,OTHER
1527,1530,920,845,978,873,choi,58,28,choi,OTHER
1588,1590,844,880,886,906,543,42,26,543,OTHER
1592,1599,898,881,1002,907,jonathan,104,26,jonathan,OTHER
1601,1608,1009,882,1118,907,motorway,109,25,motorway,OTHER
1610,1614,1129,881,1199,907,suite,70,26,suite,OTHER
1616,1617,1208,881,1233,906,23,25,25,23,OTHER
1675,1684,843,917,976,942,rachelview,133,25,rachelview,OTHER
1690,1692,1036,918,1068,942,bee,32,24,bee,OTHER
1694,1697,1077,917,1128,942,5767,51,25,5767,OTHER
1705,1709,63,1505,122,1530,43106,59,25,43106,OTHER
1711,1715,126,1504,189,1529,april,63,25,april,OTHER
1717,1722,194,1504,263,1531,follow,69,27,follow,OTHER
1744,1748,716,1503,775,1527,43106,59,24,43106,OTHER
1750,1754,778,1503,841,1528,april,63,25,april,OTHER
1756,1761,845,1504,913,1531,follow,68,27,follow,OTHER
1813,1817,1383,1504,1442,1529,49106,59,25,49106,OTHER
1819,1823,1445,1504,1508,1529,april,63,25,april,OTHER
1825,1830,1513,1504,1581,1530,follow,68,26,follow,OTHER
1834,1843,62,1529,178,1554,rachelview,116,25,rachelview,OTHER
1845,1847,225,1528,256,1554,bee,31,26,bee,OTHER
1849,1858,260,1529,375,1554,57672-3798,115,25,57672-3798,OTHER
1873,1882,712,1530,827,1554,rachelview,115,24,rachelview,OTHER
1884,1886,875,1527,908,1554,26:,33,27,26:,OTHER
1888,1897,911,1529,1023,1555,57672-3708,112,26,57672-3708,OTHER
1942,1951,1380,1530,1496,1554,rachelview,116,24,rachelview,OTHER
1953,1955,1543,1527,1577,1554,be:,34,27,be:,OTHER
1957,1966,1579,1529,1691,1556,$7672-3708,112,27,$7672-3708,OTHER
1973,1977,61,1927,124,1952,david,63,25,david,OTHER
1979,1982,129,1927,178,1952,chol,49,25,chol,OTHER
2013,2017,713,1927,775,1952,david,62,25,david,OTHER
2019,2022,780,1927,829,1951,chol,49,24,chol,OTHER
2082,2086,1380,1927,1443,1951,david,63,24,david,OTHER
2088,2091,1448,1927,1497,1951,chol,49,24,chol,OTHER
2094,2096,62,1953,103,1979,$43,41,26,$43,OTHER
2098,2105,107,1954,199,1980,jonathan,92,26,jonathan,OTHER
2107,2114,203,1954,300,1980,motorway,97,26,motorway,OTHER
2116,2120,306,1953,367,1980,suite,61,27,suite,OTHER
2122,2124,372,1953,412,1979,236,40,26,236,OTHER
2134,2136,713,1953,754,1980,$43,41,27,$43,OTHER
2138,2145,758,1953,851,1980,jonathan,93,27,jonathan,OTHER
2147,2154,855,1954,951,1980,motorway,96,26,motorway,OTHER
2156,2160,955,1953,1017,1980,suite,62,27,suite,OTHER
2162,2164,1022,1953,1061,1979,236,39,26,236,OTHER
2203,2205,1381,1953,1422,1980,$43,41,27,$43,OTHER
2207,2214,1426,1953,1518,1980,somethan,92,27,somethan,OTHER
2216,2223,1522,1954,1618,1980,motorway,96,26,motorway,OTHER
2225,2229,1623,1953,1684,1980,butte,61,27,butte,OTHER
2231,2233,1690,1953,1730,1979,236,40,26,236,OTHER
2236,2240,61,1980,122,2006,north,61,26,north,OTHER
2242,2250,129,1981,232,2008,forgebery,103,27,forgebery,OTHER
2252,2253,284,1980,313,2005,81,29,25,81,OTHER
2255,2264,327,1980,433,2006,78248-3846,106,26,78248-3846,OTHER
2276,2280,712,1980,772,2006,north,60,26,north,OTHER
2282,2290,781,1981,885,2009,forgeberg,104,28,forgeberg,OTHER
2298,2307,979,1980,1092,2006,78240-3846,113,26,78240-3846,OTHER
2345,2349,1380,1980,1440,2006,north,60,26,north,OTHER
2351,2359,1448,1980,1553,2009,forgebery,105,29,forgebery,OTHER
2366,2375,1647,1979,1760,2006,78248-3846,113,27,78248-3846,OTHER
2388,2394,124,2196,186,2220,federal,62,24,federal,OTHER
2458,2461,1057,2197,1103,2221,copy,46,24,copy,OTHER
2495,2498,1423,2196,1454,2223,city,31,27,city,OTHER
2500,2501,1459,2196,1474,2222,of,15,26,of,OTHER
2503,2507,1479,2196,1539,2223,local,60,27,local,OTHER
2525,2528,1724,2196,1771,2221,copy,47,25,copy,OTHER
2666,2668,1652,2217,1683,2241,tek,31,24,tek,OTHER
2670,2672,20,2251,87,2280,w-2,67,29,w-2,OTHER
2700,2703,413,2251,488,2280,2018,75,29,2018,OTHER
2709,2711,652,2251,712,2280,w-2,60,29,w-2,OTHER
2746,2749,1051,2250,1127,2280,2018,76,30,2018,OTHER
2774,2776,1321,2251,1380,2281,w-2,59,30,w-2,OTHER
2813,2816,1715,2252,1791,2281,2018,76,29,2018,OTHER
