start_index,end_index,x_top_left,y_top_left,x_bottom_right,y_bottom_right,transcript,box_width,box_height,combined_text,predicted_field
0,0,824,262,931,311,earnings,107,49,earnings,OTHER
0,0,720,291,768,330,this,48,39,this,OTHER
0,0,1033,638,1075,673,was,42,35,was,OTHER
0,0,1330,793,1399,830,sl5ethos,69,37,sl5ethos,OTHER
0,0,1401,784,1461,822,6etlzz,60,38,6etlzz,OTHER
0,0,1072,926,1147,967,profile.,75,41,profile.,OTHER
0,0,531,1061,596,1091,7185.10,65,30,7185.10,OTHER
0,0,1248,1453,1320,1490,60479.34,72,37,60479.34,OTHER
0,0,891,1647,952,1676,4157291,61,29,4157291,OTHER
0,0,417,1741,470,1778,"address,",53,37,"address,",OTHER
0,0,1306,1790,1381,1832,247763.27,75,42,247763.27,OTHER
0,0,570,2013,596,2044,12a,26,31,12a,OTHER
0,0,580,2506,676,2546,statement,96,40,statement,OTHER
243,245,1743,48,1810,96,adp,67,48,adp,OTHER
352,355,778,217,891,284,2018,113,67,2018,OTHER
357,359,1364,176,1416,213,w-2,52,37,w-2,OTHER
361,363,997,183,1089,246,and,92,63,and,OTHER
365,372,1091,137,1350,229,earnings,259,92,earnings,OTHER
374,380,1355,94,1599,184,summary,244,90,summary,OTHER
477,478,1131,222,1153,254,is,22,32,is,OTHER
480,483,769,281,823,321,blue,54,40,blue,OTHER
486,486,1686,828,1701,859,a,15,31,a,OTHER
489,490,1697,123,1720,156,in,23,33,in,OTHER
494,500,932,242,1043,291,summary,111,49,summary,OTHER
502,508,1045,226,1128,270,section,83,44,section,OTHER
513,520,1155,204,1255,250,included,100,46,included,OTHER
522,525,1258,195,1308,232,with,50,37,with,OTHER
527,530,1311,185,1361,222,your,50,37,your,OTHER
532,534,894,199,995,264,w-2,101,65,w-2,OTHER
536,537,1419,171,1442,203,to,23,32,to,OTHER
539,542,1446,161,1502,199,help,56,38,help,OTHER
544,548,1483,303,1516,332,state,33,29,state,OTHER
564,571,1505,144,1597,188,describe,92,44,describe,OTHER
761,766,1517,291,1569,327,income,52,36,income,OTHER
768,770,1570,283,1595,314,tax,25,31,tax,OTHER
772,779,1601,127,1693,172,portions,92,45,portions,OTHER
985,989,1656,305,1689,331,26007,33,26,26007,OTHER
991,992,183,813,210,846,in,27,33,in,OTHER
1204,1205,1691,304,1712,328,.2,21,24,.2,OTHER
1207,1210,1724,111,1789,151,more,65,40,more,OTHER
1212,1218,1794,98,1863,139,detail.,69,41,detail.,OTHER
1313,1315,724,314,767,351,the,43,37,the,OTHER
1317,1323,770,301,857,343,reverse,87,42,reverse,OTHER
1325,1328,859,293,908,328,side,49,35,side,OTHER
1330,1337,911,277,1009,319,includes,98,42,includes,OTHER
1339,1345,1013,262,1096,302,general,83,40,general,OTHER
1347,1357,1100,239,1228,287,information,128,48,information,OTHER
1359,1362,1233,230,1278,264,that,45,34,that,OTHER
1364,1366,1282,222,1323,255,you,41,33,you,OTHER
1368,1370,1328,211,1378,247,may,50,36,may,OTHER
1372,1375,1383,201,1430,237,also,47,36,also,OTHER
1377,1380,1435,192,1477,228,find,42,36,find,OTHER
1381,1382,1470,307,1481,333,c.,11,26,c.,OTHER
1383,1386,1474,332,1501,360,ocal,27,28,ocal,OTHER
1398,1405,1482,175,1563,219,helpful.,81,44,helpful.,OTHER
1592,1597,1505,328,1552,358,income,47,30,income,OTHER
1599,1601,1555,324,1578,350,tax,23,26,tax,OTHER
1622,1625,429,347,480,372,copy,51,25,copy,OTHER
1763,1770,1301,322,1363,360,17504.69,62,38,17504.69,OTHER
1781,1789,265,370,362,400,reference,97,30,reference,employeeName
1911,1916,1152,365,1198,388,social,46,23,social,OTHER
1918,1925,1197,350,1248,385,security,51,35,security,OTHER
1950,1952,1472,361,1499,384,box,27,23,box,OTHER
1954,1955,1500,359,1516,383,19,16,24,19,OTHER
1957,1958,1517,357,1530,381,of,13,24,of,OTHER
1960,1962,1531,346,1565,378,w.2,34,32,w.2,OTHER
1966,1973,125,390,216,425,employee,91,35,employee,OTHER
1975,1977,301,396,337,422,and,36,26,and,OTHER
1979,1981,366,391,393,413,tax,27,22,tax,OTHER
1983,1986,1253,300,1306,336,2018,53,36,2018,OTHER
2064,2065,799,385,822,415,1.,23,30,1.,OTHER
2067,2069,822,377,863,411,the,41,34,the,OTHER
2071,2079,863,361,954,404,following,91,43,following,OTHER
2081,2091,955,340,1075,388,information,120,48,information,OTHER
2217,2224,997,378,1055,409,299423.8,58,31,299423.8,OTHER
2226,2233,1075,326,1155,367,reflects,80,41,reflects,OTHER
2234,2236,1158,396,1186,423,box,28,27,box,OTHER
2237,2240,1753,214,1802,250,your,49,36,your,OTHER
2387,2387,1185,395,1197,419,4,12,24,4,OTHER
2389,2390,1196,391,1212,418,of,16,27,of,OTHER
2392,2394,1211,381,1247,414,w.2,36,33,w.2,OTHER
2395,2399,1207,309,1252,345,final,45,36,final,OTHER
2401,2404,432,400,509,437,2018,77,37,2018,taxYear
2406,2408,1307,292,1347,327,pay,40,35,pay,OTHER
2410,2413,1349,284,1398,320,stub,49,36,stub,OTHER
2415,2418,1399,275,1446,311,plus,47,36,plus,OTHER
2420,2422,1448,268,1487,303,any,39,35,any,OTHER
2424,2434,1489,246,1617,296,adjustments,128,50,adjustments,OTHER
2436,2444,1618,228,1721,273,submitted,103,45,submitted,OTHER
2446,2447,1723,222,1751,255,by,28,33,by,OTHER
2449,2452,1156,317,1206,353,your,50,36,your,OTHER
2454,2462,1804,194,1916,241,employer.,112,47,employer.,OTHER
2472,2475,222,411,270,436,wage,48,25,wage,OTHER
2486,2494,219,423,298,455,statement,79,32,statement,OTHER
2585,2588,875,409,903,434,ross,28,25,ross,OTHER
2590,2592,902,403,931,428,pay,29,25,pay,OTHER
2642,2645,1339,412,1366,439,7185,27,27,7185,OTHER
2647,2649,1366,407,1389,434,.13,23,27,.13,OTHER
2654,2657,1482,414,1505,441,sui/,23,27,sui/,OTHER
2658,2660,1483,430,1510,455,box,27,25,box,OTHER
2662,2668,1508,406,1563,437,sdi/fli,55,31,sdi/fli,OTHER
2856,2857,1513,429,1528,452,14,15,23,14,OTHER
2859,2860,1531,429,1542,452,of,11,23,of,OTHER
2862,2863,1546,428,1567,452,w-,21,24,w-,OTHER
2884,2886,424,445,452,474,omb,28,29,omb,OTHER
2887,2895,433,458,528,490,-employer,95,32,-employer,OTHER
2921,2923,456,442,476,469,no.,20,27,no.,OTHER
2925,2933,480,432,550,465,1545-0008,70,33,1545-0008,OTHER
2969,2971,532,456,554,481,use,22,25,use,OTHER
2973,2976,559,453,593,479,only,34,26,only,OTHER
3075,3082,1164,442,1229,478,medicare,65,36,medicare,OTHER
3084,3086,1229,436,1254,465,tax,25,29,tax,OTHER
3088,3090,45,473,113,506,w-2,68,33,w-2,OTHER
3213,3220,1005,465,1068,499,60479.34,63,34,60479.34,OTHER
3230,3237,1169,461,1240,497,withheld,71,36,withheld,OTHER
3382,3384,1173,492,1203,522,box,30,30,box,OTHER
3386,3386,1202,490,1214,514,6,12,24,6,OTHER
3388,3389,1214,486,1228,511,of,14,25,of,OTHER
3391,3393,1228,478,1261,508,w.2,33,30,w.2,OTHER
3395,3395,54,540,70,567,d,16,27,d,OTHER
3397,3403,81,526,126,561,control,45,35,control,OTHER
3405,3410,130,513,190,552,number,60,39,number,OTHER
3412,3415,222,504,246,536,dept,24,32,dept,OTHER
3417,3417,249,501,266,532,.,17,31,.,OTHER
3419,3422,302,494,326,525,corp,24,31,corp,OTHER
3424,3424,327,492,346,522,.,19,30,.,OTHER
3503,3505,886,527,912,546,tax,26,19,tax,OTHER
3507,3514,913,509,970,544,withheld,57,35,withheld,OTHER
3517,3517,1781,1382,1800,1412,4,19,30,4,OTHER
3518,3518,1143,719,1153,745,1,10,26,1,OTHER
3519,3519,1425,671,1433,701,5,8,30,5,OTHER
3520,3520,303,1960,318,1982,7,15,22,7,OTHER
3521,3521,961,527,973,553,2,12,26,2,OTHER
3522,3522,171,1204,185,1227,9,14,23,9,OTHER
3523,3523,638,1340,653,1370,1,15,30,1,OTHER
3625,3627,888,541,915,565,box,27,24,box,OTHER
3629,3629,918,538,927,563,2,9,25,2,OTHER
3631,3632,929,536,941,561,of,12,25,of,OTHER
3634,3634,944,532,954,558,w,10,26,w,OTHER
3636,3636,957,531,958,554,-,1,23,-,OTHER
3638,3638,1602,642,1614,669,2,12,27,2,OTHER
3642,3651,92,575,161,607,employer's,69,32,employer's,OTHER
3653,3656,164,569,197,599,name,33,30,name,OTHER
3658,3658,200,568,207,593,",",7,25,",",OTHER
3660,3666,210,560,254,592,address,44,32,address,OTHER
3668,3668,256,558,263,584,",",7,26,",",OTHER
3670,3672,265,552,290,582,and,25,30,and,OTHER
3674,3676,291,547,315,577,zip,24,30,zip,OTHER
3678,3681,316,536,358,571,code,42,35,code,OTHER
3854,3861,1643,584,1700,619,stephens,57,35,stephens,OTHER
3863,3872,1702,568,1788,609,expressway,86,41,expressway,OTHER
3883,3896,110,579,270,630,williams-myers,160,51,williams-myers,OTHER
3898,3900,275,569,312,602,inc,37,33,inc,OTHER
4071,4072,1522,611,1535,638,c.,13,27,c.,OTHER
4074,4078,1536,604,1570,636,state,34,32,state,OTHER
4080,4085,1572,593,1625,628,"wages,",53,35,"wages,",OTHER
4087,4091,1644,618,1681,642,local,37,24,local,OTHER
4093,4098,1684,601,1733,641,"wages,",49,40,"wages,",OTHER
4109,4113,115,623,176,655,38008,61,32,38008,OTHER
4115,4123,179,605,284,645,alexander,105,40,alexander,OTHER
4125,4128,289,596,339,629,lane,50,33,lane,OTHER
4141,4145,118,649,179,682,north,61,33,north,OTHER
4147,4150,185,640,235,672,sean,50,32,sean,OTHER
4152,4153,251,633,277,661,tn,26,28,tn,OTHER
4155,4164,305,606,421,652,23167-3076,116,46,23167-3076,OTHER
4295,4300,1310,645,1351,677,social,41,32,social,OTHER
4302,4305,1352,639,1386,670,secu,34,31,secu,OTHER
4310,4315,1386,627,1438,663,medica,52,36,medica,OTHER
4492,4496,1390,648,1451,685,wages,61,37,wages,OTHER
4498,4500,1437,566,1483,602,w-2,46,36,w-2,OTHER
4502,4511,1484,545,1601,593,statement.,117,48,statement.,OTHER
4514,4516,1519,649,1549,679,box,30,30,box,OTHER
4518,4519,1549,646,1567,675,16,18,29,16,OTHER
4521,4522,1700,636,1709,663,of,9,27,of,OTHER
4524,4524,1583,644,1595,671,w,12,27,w,OTHER
4526,4526,1597,643,1600,669,.,3,26,.,OTHER
4528,4528,1388,678,1393,708,2,5,30,2,OTHER
4530,4534,1649,637,1676,664,tips:,27,27,tips:,OTHER
4536,4537,1681,637,1695,664,18,14,27,18,OTHER
4539,4540,1568,645,1581,672,of,13,27,of,OTHER
4542,4543,1714,632,1740,662,w2,26,30,w2,OTHER
4603,4608,480,667,556,702,#02021,76,35,#02021,OTHER
4656,4657,848,673,869,704,2.,21,31,2.,OTHER
4659,4662,873,664,922,700,your,49,36,your,OTHER
4664,4668,926,653,987,691,gross,61,38,gross,OTHER
4670,4672,991,646,1029,680,pay,38,34,pay,OTHER
4674,4674,1316,2184,1328,2213,w,12,29,w,OTHER
4675,4676,1169,617,1195,649,as,26,32,as,OTHER
4678,4685,1078,622,1166,665,adjusted,88,43,adjusted,OTHER
4825,4830,1107,678,1159,713,"wages,",52,35,"wages,",OTHER
4832,4836,1158,671,1193,703,"tips,",35,32,"tips,",OTHER
4837,4837,1166,1752,1188,1778,a,22,26,a,OTHER
4840,4844,1192,664,1229,696,other,37,32,other,OTHER
5000,5006,1198,604,1270,644,follows,72,40,follows,OTHER
5008,5009,1272,599,1295,631,to,23,32,to,OTHER
5011,5013,1394,673,1424,707,box,30,34,box,OTHER
5014,5020,1297,584,1384,627,produce,87,43,produce,OTHER
5192,5192,1344,685,1354,715,3,10,30,3,OTHER
5194,5195,1434,668,1449,699,of,15,31,of,OTHER
5197,5197,1369,680,1381,711,w,12,31,w,OTHER
5199,5199,1382,679,1387,709,-,5,30,-,OTHER
5201,5201,1467,662,1482,692,2,15,30,2,OTHER
5203,5205,1314,687,1342,720,box,28,33,box,OTHER
5206,5209,1386,575,1435,611,your,49,36,your,OTHER
5397,5397,151,1101,169,1124,5,18,23,5,OTHER
5399,5400,1355,683,1368,714,of,13,31,of,OTHER
5402,5402,1450,666,1462,696,w,12,30,w,OTHER
5404,5404,1461,665,1468,694,.,7,29,.,OTHER
5406,5406,1188,713,1208,740,2,20,27,2,OTHER
5431,5438,1662,674,1719,709,299423.8,57,35,299423.8,OTHER
5477,5481,336,693,399,725,batch,63,32,batch,OTHER
5499,5499,494,703,511,730,-,17,27,-,OTHER
5639,5645,1536,700,1586,736,299423.,50,36,299423.,OTHER
5662,5665,1660,699,1703,732,8721,43,33,8721,OTHER
5807,5809,1113,721,1143,753,box,30,32,box,OTHER
5811,5811,454,1356,459,1380,1,5,24,1,OTHER
5813,5814,1153,716,1168,743,of,15,27,of,OTHER
5816,5816,1169,715,1182,741,w,13,26,w,OTHER
5818,5818,1183,714,1187,740,.,4,26,.,OTHER
5820,5820,1776,1344,1795,1374,2,19,30,2,OTHER
5849,5855,1410,723,1462,759,299423.,52,36,299423.,OTHER
5888,5895,1665,726,1716,754,60479.34,51,28,60479.34,OTHER
6065,6070,1325,739,1375,775,299424,50,36,299424,OTHER
6097,6104,1538,746,1597,775,28479.34,59,29,28479.34,OTHER
6119,6126,1668,741,1725,771,221439.7,57,30,221439.7,OTHER
6133,6135,96,778,123,806,elf,27,28,elf,OTHER
6137,6145,126,766,196,802,employees,70,36,employees,OTHER
6147,6150,199,760,231,791,name,32,31,name,OTHER
6152,6152,234,758,240,785,",",6,27,",",OTHER
6154,6160,244,749,292,784,address,48,35,address,OTHER
6162,6164,295,744,320,774,and,25,30,and,OTHER
6166,6168,323,739,344,769,zip,21,30,zip,OTHER
6170,6173,347,731,386,764,code,39,33,code,OTHER
6297,6299,1330,774,1365,805,nia,35,31,nia,OTHER
6328,6335,1540,759,1600,795,21439.78,60,36,21439.78,OTHER
6479,6482,1128,782,1158,819,3721,30,37,3721,OTHER
6484,6492,1157,766,1218,803,299423.78,61,37,299423.78,OTHER
6514,6519,237,802,311,835,torres,74,33,torres,OTHER
6664,6664,283,1660,293,1678,s,10,18,s,OTHER
6669,6669,1535,1468,1552,1493,5,17,25,5,OTHER
6678,6678,1129,1538,1153,1576,6,24,38,6,OTHER
6680,6680,499,1608,521,1641,4,22,33,4,OTHER
6681,6681,141,1036,158,1061,3,17,25,3,OTHER
6696,6700,156,840,214,873,66435,58,33,66435,OTHER
6702,6707,218,828,290,864,robles,72,36,robles,OTHER
6709,6712,295,819,346,852,rest,51,33,rest,OTHER
6713,6721,355,826,453,865,74846-659,98,39,74846-659,OTHER
6724,6728,350,807,411,843,suite,61,36,suite,OTHER
6730,6732,415,799,455,831,185,40,32,185,OTHER
6801,6803,906,830,934,856,gtl,28,26,gtl,OTHER
6805,6810,934,821,980,852,(c-box,46,31,(c-box,OTHER
6812,6814,980,813,1010,842,12),30,29,12),OTHER
6827,6827,661,1596,672,1625,4,11,29,4,OTHER
6829,6829,312,2007,328,2032,9,16,25,9,OTHER
6830,6830,1696,890,1712,921,.,16,31,.,OTHER
6831,6832,1461,781,1477,813,34,16,32,34,OTHER
6848,6851,159,870,207,896,lake,48,26,lake,OTHER
6853,6857,214,859,272,893,logan,58,34,logan,OTHER
6859,6860,289,847,317,880,wi,28,33,wi,OTHER
6949,6952,880,865,911,891,less,31,26,less,OTHER
6954,6958,912,855,960,886,other,48,31,other,OTHER
6960,6962,962,845,996,876,xox,34,31,xox,OTHER
6964,6965,996,841,1013,867,2),17,26,2),OTHER
7008,7009,363,889,392,922,ta,29,33,ta,OTHER
7011,7020,397,876,472,916,employee's,75,40,employee's,OTHER
7021,7031,501,875,591,914,638-57-3307,90,39,638-57-3307,OTHER
7093,7095,475,871,500,903,ssa,25,32,ssa,OTHER
7097,7102,503,860,569,898,number,66,38,number,OTHER
7149,7156,885,887,944,913,reported,59,26,reported,OTHER
7158,7160,946,881,973,907,w-2,27,26,w-2,OTHER
7162,7166,974,868,1019,902,wages,45,34,wages,OTHER
7264,7270,1754,872,1825,918,married,71,46,married,OTHER
7477,7483,1570,909,1613,944,taxable,43,35,taxable,OTHER
7485,7491,1615,900,1657,935,marital,42,35,marital,OTHER
7493,7498,1659,893,1694,927,status,35,34,status,OTHER
7500,7500,588,1097,591,1122,.,3,25,.,OTHER
7511,7511,122,939,138,964,b,16,25,b,OTHER
7513,7522,154,923,222,958,employer's,68,35,employer's,OTHER
7538,7547,171,936,257,970,60-0932516,86,34,60-0932516,OTHER
7548,7550,226,917,251,945,fed,25,28,fed,OTHER
7552,7553,255,913,268,940,id,13,27,id,OTHER
7555,7560,272,901,331,937,number,59,36,number,OTHER
7730,7740,1571,930,1642,963,exemptions/,71,33,exemptions/,OTHER
7742,7751,1644,920,1724,956,allowances,80,36,allowances,OTHER
7762,7767,163,979,210,1005,"wages,",47,26,"wages,",OTHER
7769,7773,213,975,241,1001,"tips,",28,26,"tips,",OTHER
7775,7779,244,967,278,997,other,34,30,other,OTHER
7781,7785,281,954,326,991,comp.,45,37,comp.,OTHER
7871,7872,901,966,922,997,3.,21,31,3.,OTHER
7874,7881,1308,880,1409,925,employee,101,45,employee,OTHER
7883,7885,1749,813,1791,848,w-4,42,35,w-4,OTHER
7890,7893,1652,831,1684,865,file,32,34,file,OTHER
7894,7894,631,1343,634,1370,.,3,27,.,OTHER
7896,7897,1149,921,1176,953,to,27,32,to,OTHER
7899,7904,1178,907,1255,948,change,77,41,change,OTHER
7906,7909,1839,796,1886,833,your,47,37,your,OTHER
7911,7918,923,948,1024,993,employee,101,45,employee,OTHER
7920,7922,1411,872,1455,907,w-4,44,35,w-4,OTHER
7924,7930,1457,860,1523,899,profile,66,39,profile,OTHER
7932,7943,1525,837,1649,887,"information,",124,50,"information,",OTHER
7959,7966,1575,952,1646,988,federal:,71,36,federal:,OTHER
7970,7970,601,1333,607,1359,e,6,26,e,OTHER
7974,7976,1703,820,1747,856,new,44,36,new,OTHER
7978,7980,1026,940,1070,975,w-4,44,35,w-4,OTHER
7982,7985,1793,805,1836,841,with,43,36,with,OTHER
7987,7990,1257,898,1307,934,your,50,36,your,OTHER
7992,7998,1888,782,1963,824,payroll,75,42,payroll,OTHER
8000,8004,1965,772,2020,811,dept.,55,39,dept.,OTHER
8020,8028,179,988,258,1022,221439.75,79,34,221439.75,OTHER
8053,8058,418,982,455,1017,social,37,35,social,OTHER
8060,8067,460,974,506,1010,security,46,36,security,OTHER
8068,8073,519,991,563,1022,17504.,44,31,17504.,OTHER
8138,8140,511,971,530,1001,tax,19,30,tax,OTHER
8142,8149,535,959,593,997,withheld,58,38,withheld,OTHER
8222,8223,567,989,583,1017,69,16,28,69,OTHER
8357,8361,1579,981,1622,1011,local,43,30,local,OTHER
8363,8363,1623,978,1638,1004,:,15,26,:,OTHER
8376,8376,1529,1428,1548,1456,3,19,28,3,OTHER
8378,8383,173,1031,212,1057,social,39,26,social,OTHER
8385,8392,215,1023,265,1051,security,50,28,security,OTHER
8395,8399,267,1011,317,1042,wages,50,31,wages,OTHER
8495,8499,983,1026,1049,1059,robin,66,33,robin,OTHER
8501,8506,1080,1006,1159,1043,torres,79,37,torres,OTHER
8525,8533,188,1040,265,1071,228819.45,77,31,228819.45,OTHER
8557,8564,424,1042,483,1075,medicare,59,33,medicare,OTHER
8566,8568,487,1039,508,1069,tax,21,30,tax,OTHER
8570,8577,512,1032,576,1066,withheld,64,34,withheld,OTHER
8644,8646,1293,1009,1339,1042,185,46,33,185,OTHER
8647,8647,435,1357,451,1383,.,16,26,.,OTHER
8648,8649,420,1154,442,1183,10,22,29,10,OTHER
8708,8712,985,1056,1057,1095,66435,72,39,66435,OTHER
8714,8719,1059,1041,1147,1083,robles,88,42,robles,OTHER
8721,8724,1149,1030,1212,1067,rest,63,37,rest,OTHER
8731,8735,1208,1053,1274,1089,23167,66,36,23167,OTHER
8736,8740,1215,1018,1287,1056,suite,72,38,suite,OTHER
8742,8742,1522,1389,1544,1421,1,22,32,1,OTHER
8743,8743,408,1100,430,1132,8,22,32,8,OTHER
8744,8744,904,1541,911,1572,5,7,31,5,OTHER
8759,8759,878,1580,898,1610,5,20,30,5,OTHER
8761,8761,182,1098,191,1119,m,9,21,m,OTHER
8762,8769,182,1086,240,1111,medicare,58,25,medicare,OTHER
8772,8776,244,1079,287,1106,wages,43,27,wages,OTHER
8778,8780,290,1074,313,1100,and,23,26,and,OTHER
8782,8785,316,1067,346,1095,tips,30,28,tips,OTHER
8805,8810,540,1098,584,1128,247763,44,30,247763,OTHER
8811,8811,1705,1361,1726,1387,.,21,26,.,OTHER
8812,8813,595,1095,610,1122,27,15,27,27,OTHER
8834,8834,1174,1800,1201,1834,8,27,34,8,OTHER
8836,8844,434,1094,494,1130,allocated,60,36,allocated,OTHER
8846,8849,499,1089,537,1123,tips,38,34,tips,OTHER
8910,8910,1116,1460,1137,1492,2,21,32,2,OTHER
8915,8915,873,1541,894,1572,3,21,31,3,OTHER
8917,8917,632,1374,652,1401,.,20,27,.,OTHER
8919,8920,1659,1464,1682,1493,27,23,29,27,OTHER
8981,8985,988,1091,1061,1129,north,73,38,north,OTHER
8987,8990,1067,1080,1127,1116,sean,60,36,sean,OTHER
8992,8993,1144,1072,1177,1102,tn,33,30,tn,OTHER
9010,9018,209,1151,287,1179,928819.45,78,28,928819.45,OTHER
9019,9022,288,1128,317,1157,tips,29,29,tips,OTHER
9042,9047,195,1145,233,1167,social,38,22,social,OTHER
9049,9056,236,1136,284,1165,security,48,29,security,OTHER
9073,9073,244,1621,260,1646,1,16,25,1,OTHER
9076,9084,446,1144,515,1181,dependent,69,37,dependent,OTHER
9086,9089,520,1139,547,1170,care,27,31,care,OTHER
9090,9092,548,1150,582,1178,110,34,28,110,OTHER
9161,9168,552,1127,609,1163,benefits,57,36,benefits,OTHER
9187,9198,200,1189,274,1223,verification,74,34,verification,OTHER
9200,9203,277,1180,319,1210,code,42,30,code,OTHER
9220,9221,609,1178,628,1206,12,19,28,12,OTHER
9224,9226,458,1203,481,1233,see,23,30,see,OTHER
9228,9239,486,1191,556,1229,instructions,70,38,instructions,OTHER
9241,9243,559,1188,577,1216,for,18,28,for,OTHER
9245,9247,580,1182,606,1212,box,26,30,box,OTHER
9249,9249,695,2048,701,2071,1,6,23,1,OTHER
9250,9250,491,1570,513,1602,2,22,32,2,OTHER
9268,9269,180,1254,202,1278,11,22,24,11,OTHER
9271,9282,212,1240,294,1274,nonqualified,82,34,nonqualified,OTHER
9304,9306,225,1264,256,1286,211,31,22,211,OTHER
9308,9312,298,1231,341,1260,plans,43,29,plans,OTHER
9335,9337,439,1272,465,1297,120,26,25,120,OTHER
9339,9341,568,1257,597,1280,587,29,23,587,OTHER
9359,9360,190,1304,213,1331,14,23,27,14,OTHER
9362,9366,228,1296,272,1326,other,44,30,other,OTHER
9403,9406,509,1302,528,1326,ret.,19,24,ret.,OTHER
9408,9411,532,1299,561,1324,plan,29,25,plan,OTHER
9413,9415,573,1296,587,1320,3rd,14,24,3rd,OTHER
9417,9421,591,1291,616,1317,party,25,26,party,OTHER
9423,9426,620,1288,637,1313,sick,17,25,sick,OTHER
9428,9430,641,1281,668,1309,pay,27,28,pay,OTHER
9487,9491,487,1343,518,1372,state,31,29,state,OTHER
9493,9498,522,1338,565,1368,"wages,",43,30,"wages,",OTHER
9500,9503,570,1335,588,1363,tips,18,28,tips,OTHER
9504,9509,583,1344,627,1377,107638,44,33,107638,OTHER
9586,9586,593,1334,597,1360,",",4,26,",",OTHER
9589,9589,1652,1471,1656,1495,.,4,24,.,OTHER
9591,9591,1432,2176,1443,2202,1,11,26,1,OTHER
9758,9758,1729,2366,1734,2392,2,5,26,2,OTHER
9760,9766,1800,1337,1849,1371,federal,49,34,federal,OTHER
9768,9773,1854,1329,1899,1363,income,45,34,income,OTHER
9775,9777,1903,1324,1923,1354,tax,20,30,tax,OTHER
9779,9786,1927,1310,1995,1350,withheld,68,40,withheld,OTHER
9807,9808,204,1394,227,1419,15,23,25,15,OTHER
9810,9814,238,1386,280,1414,state,42,28,state,OTHER
9816,9825,310,1371,374,1403,employers',64,32,employers',OTHER
9827,9831,376,1366,403,1393,state,27,27,state,OTHER
9833,9834,405,1363,418,1388,id,13,25,id,OTHER
9836,9837,420,1361,432,1386,no,12,25,no,OTHER
9839,9839,1046,1476,1061,1502,.,15,26,.,OTHER
9874,9883,315,1384,402,1422,943-07-654,87,38,943-07-654,OTHER
9885,9886,463,1398,490,1430,18,27,32,18,OTHER
9888,9892,494,1393,528,1426,local,34,33,local,OTHER
9894,9898,533,1387,571,1420,wages,38,33,wages,OTHER
9900,9900,1625,1377,1629,1403,",",4,26,",",OTHER
9902,9905,1602,1378,1622,1407,tips,20,29,tips,OTHER
9907,9907,576,1386,577,1412,",",1,26,",",OTHER
9909,9911,613,1378,627,1405,etc,14,27,etc,OTHER
9913,9913,425,1587,439,1611,.,14,24,.,OTHER
10046,10046,973,1384,985,1408,@,12,24,@,OTHER
10048,10051,987,1381,1015,1406,2018,28,25,2018,OTHER
10053,10056,1017,1376,1050,1403,"adp,",33,27,"adp,",OTHER
10058,10060,1053,1371,1081,1398,llc,28,27,llc,OTHER
10136,10139,582,1383,600,1411,tips,18,28,tips,OTHER
10141,10141,605,1381,607,1407,",",2,26,",",OTHER
10143,10147,1633,1371,1666,1401,other,33,30,other,OTHER
10148,10150,1637,1397,1668,1422,.75,31,25,.75,OTHER
10151,10154,1670,1365,1701,1394,comp,31,29,comp,OTHER
10156,10156,1041,1848,1044,1872,.,3,24,.,OTHER
10160,10165,1811,1377,1848,1409,social,37,32,social,OTHER
10167,10174,1853,1372,1899,1405,security,46,33,security,OTHER
10176,10178,1904,1368,1924,1398,tax,20,30,tax,OTHER
10180,10186,1929,1361,1974,1395,withhel,45,34,withhel,OTHER
10400,10404,1551,1383,1592,1416,wages,41,33,wages,OTHER
10406,10406,1596,1382,1598,1408,",",2,26,",",OTHER
10407,10412,1589,1399,1634,1426,221439,45,27,221439,OTHER
10626,10626,251,1662,264,1681,3,13,19,3,OTHER
10628,10633,1562,1423,1599,1451,social,37,28,social,OTHER
10636,10643,1603,1419,1652,1447,security,49,28,security,OTHER
10645,10647,1656,1417,1687,1442,wag,31,25,wag,OTHER
10866,10874,1596,1433,1678,1463,228819.45,82,30,228819.45,OTHER
10905,10912,1815,1412,1873,1447,medicare,58,35,medicare,OTHER
10914,10916,1877,1408,1898,1437,tax,21,29,tax,OTHER
10918,10925,1902,1398,1959,1433,withheld,57,35,withheld,OTHER
11196,11202,1918,1421,1981,1449,7185.13,63,28,7185.13,OTHER
11205,11212,1970,1433,2023,1463,employer,53,30,employer,OTHER
11214,11216,2028,1430,2049,1457,use,21,27,use,OTHER
11218,11221,2053,1424,2088,1453,only,35,29,only,OTHER
11242,11243,213,1446,235,1468,17,22,22,17,OTHER
11245,11249,253,1440,283,1463,state,30,23,state,OTHER
11251,11256,287,1430,335,1458,income,48,28,income,OTHER
11258,11260,338,1423,364,1449,tax,26,26,tax,OTHER
11283,11290,503,1439,552,1478,locality,49,39,locality,OTHER
11357,11364,600,1444,667,1478,stephens,67,34,stephens,box17StateIncomeTax
11365,11368,556,1429,606,1466,name,50,37,name,OTHER
11444,11453,672,1430,759,1466,expressway,87,36,expressway,OTHER
11520,11520,1069,2480,1078,2505,2,9,25,2,OTHER
11522,11528,1142,1452,1190,1488,federal,48,36,federal,OTHER
11530,11535,1193,1443,1241,1479,income,48,36,income,OTHER
11537,11544,1134,826,1195,858,60479.34,61,32,60479.34,OTHER
11715,11717,1244,1439,1265,1470,tax,21,31,tax,OTHER
11719,11726,1268,1427,1329,1465,withheld,61,38,withheld,OTHER
11801,11801,667,1464,687,1494,-,20,30,-,OTHER
11943,11950,1565,1460,1626,1489,medicare,61,29,medicare,OTHER
12171,12176,1603,1473,1649,1502,247763,46,29,247763,OTHER
12177,12181,1630,1453,1680,1482,wages,50,29,wages,OTHER
12183,12183,730,1905,733,1931,.,3,26,.,OTHER
12185,12186,1001,1582,1017,1611,27,16,29,27,OTHER
12200,12204,1795,1464,1839,1495,corp.,44,31,corp.,OTHER
12222,12222,1925,1470,1944,1496,a,19,26,a,OTHER
12245,12246,223,1500,243,1520,19,20,20,19,OTHER
12248,12252,259,1492,295,1516,local,36,24,local,OTHER
12254,12259,298,1483,346,1511,income,48,28,income,OTHER
12261,12263,349,1476,375,1502,tax,26,26,tax,OTHER
12340,12344,893,1501,934,1529,wages,41,28,wages,OTHER
12346,12346,937,1500,942,1524,",",5,24,",",OTHER
12348,12352,945,1496,973,1523,"tips,",28,27,"tips,",OTHER
12354,12358,976,1489,1009,1518,other,33,29,other,OTHER
12360,12363,1011,1480,1045,1511,comp,34,31,comp,OTHER
12365,12365,1878,2013,1895,2040,.,17,27,.,OTHER
12378,12383,1151,1491,1188,1525,social,37,34,social,OTHER
12385,12392,1192,1485,1242,1520,security,50,35,security,OTHER
12394,12396,1246,1483,1265,1513,tax,19,30,tax,OTHER
12398,12405,1270,1476,1326,1509,withheld,56,33,withheld,OTHER
12621,12621,1545,1515,1561,1538,d,16,23,d,OTHER
12623,12629,1571,1504,1618,1535,control,47,31,control,OTHER
12631,12636,1621,1487,1679,1526,number,58,39,number,OTHER
12811,12816,1269,1534,1326,1561,185.13,57,27,185.13,OTHER
12971,12978,1155,1526,1215,1570,medicare,60,44,medicare,OTHER
12980,12982,1218,1522,1239,1557,tax,21,35,tax,OTHER
12984,12991,1242,1514,1315,1553,withheld,73,39,withheld,OTHER
12995,13002,1311,1545,1365,1578,employer,54,33,employer,OTHER
13004,13006,1370,1542,1390,1570,use,20,28,use,OTHER
13008,13011,1395,1537,1430,1567,only,35,30,only,OTHER
13032,13035,1548,1537,1576,1563,4157,28,26,4157,OTHER
13037,13045,1580,1529,1649,1561,employers,69,32,employers,OTHER
13047,13051,1653,1522,1693,1552,"name,",40,30,"name,",OTHER
13052,13058,1696,1511,1748,1544,address,52,33,address,OTHER
13059,13059,1106,2069,1112,2098,",",6,29,",",OTHER
13064,13066,1753,1516,1778,1544,and,25,28,and,OTHER
13068,13070,1780,1509,1803,1536,zip,23,27,zip,OTHER
13071,13073,1751,1499,1796,1531,mom,45,32,mom,OTHER
13074,13077,1804,1501,1829,1528,code,25,27,code,OTHER
13321,13321,266,1743,279,1763,d,13,20,d,OTHER
13324,13325,1811,2007,1838,2036,es,27,29,es,OTHER
13450,13455,938,1551,983,1580,228819,45,29,228819,OTHER
13457,13459,986,1547,1017,1574,.45,31,27,.45,OTHER
13553,13566,1617,1536,1776,1583,williams-myers,159,47,williams-myers,OTHER
13568,13570,1783,1530,1819,1558,inc,36,28,inc,OTHER
13633,13639,517,1562,566,1597,federal,49,35,federal,OTHER
13641,13646,568,1553,616,1588,income,48,35,income,OTHER
13648,13650,618,1549,640,1579,tax,22,30,tax,OTHER
13652,13659,641,1536,713,1574,withheld,72,38,withheld,OTHER
13688,13695,908,1574,966,1607,medicare,58,33,medicare,OTHER
13697,13701,971,1568,1012,1599,wages,41,31,wages,OTHER
13703,13705,1016,1563,1040,1592,and,24,29,and,OTHER
13707,13710,1044,1555,1081,1587,tips,37,32,tips,OTHER
13712,13716,1138,1579,1185,1616,corp.,47,37,corp.,OTHER
13742,13742,1266,1580,1292,1613,a,26,33,a,OTHER
13800,13803,1635,1581,1684,1614,8008,49,33,8008,OTHER
13805,13813,1687,1561,1792,1604,alexander,105,43,alexander,OTHER
13815,13818,1797,1554,1847,1585,lane,50,31,lane,OTHER
13882,13887,525,1603,563,1638,social,38,35,social,OTHER
13889,13896,568,1599,615,1634,security,47,35,security,OTHER
13898,13900,621,1598,633,1629,tax,12,31,tax,OTHER
13902,13902,639,1598,640,1627,-,1,29,-,OTHER
13904,13905,645,1597,656,1627,50,11,30,50,OTHER
13909,13910,677,1595,701,1624,69,24,29,69,OTHER
13940,13946,944,1587,996,1622,247763.,52,35,247763.,OTHER
13948,13949,737,1903,754,1931,27,17,28,27,OTHER
14047,14051,1628,1605,1686,1638,north,58,33,north,OTHER
14053,14056,1694,1594,1740,1627,sean,46,33,sean,OTHER
14058,14059,1759,1586,1783,1615,tn,24,29,tn,OTHER
14061,14070,1813,1562,1924,1605,23167-3076,111,43,23167-3076,OTHER
14098,14103,273,1610,322,1641,"wages,",49,31,"wages,",OTHER
14132,14138,291,1626,343,1650,221439.,52,24,221439.,OTHER
14139,14143,324,1604,353,1632,"tips,",29,28,"tips,",OTHER
14145,14149,354,1597,389,1626,other,35,29,other,OTHER
14150,14151,347,1623,368,1646,75,21,23,75,OTHER
14152,14155,390,1590,424,1619,comp,34,29,comp,OTHER
14157,14157,2070,2044,2088,2075,.,18,31,.,OTHER
14221,14227,913,1613,960,1647,control,47,34,control,OTHER
14229,14234,962,1604,1025,1637,number,63,33,number,OTHER
14236,14239,1075,1597,1117,1623,dept,42,26,dept,OTHER
14366,14375,1851,1621,1926,1660,employee's,75,39,employee's,OTHER
14377,14379,1929,1616,1955,1648,ssa,26,32,ssa,OTHER
14381,14386,1957,1601,2019,1642,number,62,41,number,OTHER
14415,14415,262,1646,278,1666,-,16,20,-,OTHER
14417,14422,283,1643,322,1666,social,39,23,social,OTHER
14424,14431,326,1638,374,1663,security,48,25,security,OTHER
14433,14437,377,1632,424,1659,wages,47,27,wages,OTHER
14448,14449,495,1644,528,1678,16,33,34,16,OTHER
14451,14458,528,1636,591,1674,medicare,63,38,medicare,OTHER
14460,14462,593,1633,613,1664,tax,20,31,tax,OTHER
14464,14472,622,1657,741,1688,-employer,119,31,-employer,OTHER
14554,14561,616,1620,688,1660,withheld,72,40,withheld,OTHER
14563,14565,744,1655,766,1683,use,22,28,use,OTHER
14567,14570,770,1651,801,1681,only,31,30,only,OTHER
14590,14596,58,550,119,579,4157291,61,29,4157291,OTHER
14598,14603,956,1644,990,1674,over's,34,30,over's,OTHER
14605,14609,993,1638,1035,1671,"name,",42,33,"name,",OTHER
14611,14618,1697,1523,1750,1556,"address,",53,33,"address,",OTHER
14620,14622,1093,1624,1119,1656,and,26,32,and,OTHER
14624,14626,1121,1619,1144,1651,zip,23,32,zip,OTHER
14628,14631,1145,1608,1188,1645,code,43,37,code,OTHER
14660,14668,297,1661,375,1691,228819.45,78,30,228819.45,OTHER
14796,14809,959,1652,1123,1702,williams-myers,164,50,williams-myers,OTHER
14811,14813,1124,1645,1168,1678,inc,44,33,inc,OTHER
14893,14902,1604,1666,1673,1699,employer's,69,33,employer's,OTHER
14906,14908,1677,1662,1701,1689,fed,24,27,fed,OTHER
14911,14912,1704,1659,1718,1685,id,14,26,id,OTHER
14914,14919,1721,1649,1783,1683,number,62,34,number,OTHER
14950,14957,288,1680,347,1702,medicare,59,22,medicare,OTHER
14959,14963,350,1675,393,1701,wages,43,26,wages,OTHER
14965,14967,395,1671,420,1697,and,25,26,and,OTHER
14969,14972,422,1665,452,1693,tips,30,28,tips,OTHER
15149,15158,1641,1678,1729,1714,60-0932516,88,36,60-0932516,OTHER
15184,15192,1860,1674,1918,1713,allocated,58,39,allocated,OTHER
15193,15201,199,1102,278,1135,247763.27,79,33,247763.27,OTHER
15479,15482,1922,1669,1964,1705,tips,42,36,tips,OTHER
15514,15519,304,1707,350,1733,247763,46,26,247763,OTHER
15521,15523,354,1698,381,1725,.27,27,27,.27,OTHER
15525,15529,434,1704,478,1733,dept.,44,29,dept.,OTHER
15612,15616,965,1694,1026,1727,38008,61,33,38008,OTHER
15618,15626,1028,1677,1135,1718,alexander,107,41,alexander,OTHER
15639,15642,1139,1668,1191,1702,lane,52,34,lane,OTHER
15791,15792,1101,1701,1131,1733,in,30,32,in,OTHER
15794,15803,1155,1677,1270,1723,23167-3076,115,46,23167-3076,OTHER
15934,15938,968,1721,1031,1754,north,63,33,north,OTHER
15940,15943,1036,1710,1085,1745,sean,49,35,sean,OTHER
16027,16032,1615,1724,1654,1753,social,39,29,social,OTHER
16033,16039,1649,1736,1702,1764,228819.,53,28,228819.,OTHER
16271,16278,1658,1716,1706,1746,security,48,30,security,OTHER
16280,16283,1710,1712,1729,1737,tips,19,25,tips,OTHER
16525,16526,1706,1731,1727,1757,45,21,26,45,OTHER
16546,16547,1843,1734,1868,1768,10,25,34,10,OTHER
16549,16557,1871,1723,1939,1764,dependent,68,41,dependent,OTHER
16559,16562,1944,1717,1971,1751,care,27,34,care,OTHER
16564,16571,1977,1704,2039,1745,benefits,62,41,benefits,OTHER
16602,16608,293,1736,338,1760,control,45,24,control,OTHER
16610,16612,342,1732,360,1754,nut,18,22,nut,OTHER
16733,16742,1192,1737,1270,1775,employee's,78,38,employee's,OTHER
16744,16746,1269,1731,1299,1763,ssa,30,32,ssa,OTHER
16748,16753,1297,1715,1365,1757,number,68,42,number,OTHER
16788,16797,301,1761,367,1802,employer's,66,41,employer's,OTHER
16799,16803,372,1752,413,1787,"name,",41,35,"name,",OTHER
16805,16812,1038,1629,1091,1666,"address,",53,37,"address,",OTHER
16814,16816,473,1736,496,1767,and,23,31,and,OTHER
16817,16819,484,1756,523,1789,inc,39,33,inc,OTHER
16856,16869,317,1764,479,1814,williams-myers,162,50,williams-myers,OTHER
16884,16886,499,1731,522,1762,zip,23,31,zip,OTHER
16888,16891,524,1721,568,1757,code,44,36,code,OTHER
17043,17054,1622,1770,1694,1805,verification,72,35,verification,OTHER
17056,17059,1698,1763,1735,1793,code,37,30,code,OTHER
17185,17194,946,1786,1015,1817,employer's,69,31,employer's,OTHER
17324,17333,983,1797,1070,1830,60-0932516,87,33,60-0932516,OTHER
17335,17337,1018,1781,1045,1808,fed,27,27,fed,OTHER
17339,17340,1047,1778,1063,1803,id,16,25,id,OTHER
17342,17347,1065,1763,1122,1800,number,57,37,number,OTHER
17355,17355,550,1908,574,1945,8,24,37,8,OTHER
17357,17365,1201,1789,1262,1829,allocated,61,40,allocated,OTHER
17367,17370,1264,1784,1288,1817,tips,24,33,tips,OTHER
17371,17379,1964,1676,2031,1711,247763.27,67,35,247763.27,OTHER
17452,17454,429,1207,454,1237,12a,25,30,12a,OTHER
17456,17458,1883,1783,1906,1814,see,23,31,see,OTHER
17460,17471,1909,1770,1981,1810,instructions,72,40,instructions,OTHER
17473,17475,1985,1766,2002,1797,for,17,31,for,OTHER
17477,17479,2006,1760,2030,1793,box,24,33,box,OTHER
17481,17482,2033,1754,2060,1787,12,27,33,12,OTHER
17521,17525,325,1807,384,1841,38008,59,34,38008,OTHER
17527,17535,388,1791,493,1832,alexander,105,41,alexander,OTHER
17537,17540,497,1784,547,1815,lane,50,31,lane,OTHER
17754,17756,1990,1814,2024,1841,993,34,27,993,OTHER
17795,17799,328,1834,388,1866,north,60,32,north,OTHER
17801,17804,395,1824,442,1857,sean,47,33,sean,OTHER
17806,17807,461,1816,486,1847,tn,25,31,tn,OTHER
17809,17818,514,1793,625,1838,23167-3076,111,45,23167-3076,OTHER
17883,17888,957,1838,995,1868,social,38,30,social,OTHER
17889,17891,992,1853,1012,1882,228,20,29,228,OTHER
17892,17899,1000,1830,1048,1862,security,48,32,security,OTHER
17979,17980,1602,1831,1624,1857,11,22,26,11,OTHER
17982,17993,1633,1817,1715,1854,nonqualified,82,37,nonqualified,OTHER
18222,18224,1666,1836,1702,1866,211,36,30,211,OTHER
18226,18230,1719,1808,1758,1840,plans,39,32,plans,OTHER
18297,18298,534,1860,563,1893,ta,29,33,ta,OTHER
18300,18309,568,1846,644,1887,employee's,76,41,employee's,OTHER
18311,18313,646,1841,672,1873,ssa,26,32,ssa,OTHER
18315,18320,674,1832,722,1867,number,48,35,number,OTHER
18368,18370,1016,1849,1036,1875,819,20,26,819,OTHER
18372,18372,2092,2113,2094,2138,.,2,25,.,OTHER
18374,18377,1052,1826,1073,1853,tips,21,27,tips,OTHER
18522,18523,1048,1846,1068,1872,45,20,26,45,OTHER
18539,18540,1185,1852,1212,1883,10,27,31,10,OTHER
18542,18550,1215,1839,1285,1878,dependent,70,39,dependent,OTHER
18552,18555,1288,1833,1314,1863,care,26,30,care,OTHER
18557,18559,1315,1852,1349,1879,110,34,27,110,OTHER
18560,18567,1318,1818,1381,1857,benefits,63,39,benefits,OTHER
18639,18640,1868,1848,1894,1874,26,26,26,26,OTHER
18642,18644,1994,1841,2025,1868,587,31,27,587,OTHER
18918,18921,1959,1873,1990,1899,plan,31,26,plan,OTHER
18923,18925,1997,1871,2015,1896,3rd,18,25,3rd,OTHER
18927,18931,2019,1868,2046,1893,party,27,25,party,OTHER
18933,18936,2050,1865,2071,1890,sick,21,25,sick,OTHER
18938,18940,2075,1861,2103,1887,pay,28,26,pay,OTHER
18978,18987,324,1893,395,1925,employer's,71,32,employer's,OTHER
18989,18991,398,1888,422,1916,fed,24,28,fed,OTHER
18993,18994,425,1885,440,1912,id,15,27,id,OTHER
18996,19001,443,1871,504,1909,number,61,38,number,OTHER
19003,19003,1415,2176,1420,2202,8,5,26,8,OTHER
19005,19013,577,1898,637,1940,allocated,60,42,allocated,OTHER
19015,19018,641,1894,681,1930,tips,40,36,tips,OTHER
19068,19079,964,1884,1037,1920,verification,73,36,verification,OTHER
19081,19084,1042,1875,1082,1909,code,40,34,code,OTHER
19102,19104,1853,1788,1879,1819,12a,26,31,12a,OTHER
19106,19108,1225,1900,1248,1929,see,23,29,see,OTHER
19110,19121,1251,1888,1324,1925,instructions,73,37,instructions,OTHER
19123,19125,1327,1884,1345,1911,for,18,27,for,OTHER
19127,19129,1347,1878,1374,1907,box,27,29,box,OTHER
19131,19132,1376,1872,1405,1902,12,29,30,12,OTHER
19201,19202,1870,1900,1886,1925,13,16,25,13,OTHER
19204,19207,1886,1896,1909,1922,stat,23,26,stat,OTHER
19209,19215,1910,1889,1955,1919,empret.,45,30,empret.,OTHER
19217,19220,1959,1884,1990,1912,plan,31,28,plan,OTHER
19222,19224,1998,1880,2019,1907,3rd,21,27,3rd,OTHER
19312,19317,681,1906,726,1937,247763,45,31,247763,OTHER
19319,19319,2082,2094,2105,2126,.,23,32,.,OTHER
19359,19365,336,1959,398,1983,socio-1,62,24,socio-1,OTHER
19367,19368,407,1956,430,1980,45,23,24,45,OTHER
19451,19462,976,1935,1056,1969,nonqualified,80,34,nonqualified,OTHER
19596,19598,1010,1952,1041,1979,211,31,27,211,OTHER
19599,19603,1061,1927,1097,1957,plans,36,30,plans,OTHER
19677,19685,588,1949,658,1989,dependent,70,40,dependent,OTHER
19687,19690,662,1944,688,1975,care,26,31,care,OTHER
19692,19699,694,1935,743,1969,benefits,49,34,benefits,OTHER
19768,19770,1206,1967,1232,1987,12b,26,20,12b,OTHER
19830,19832,1627,1973,1652,2002,elf,25,29,elf,OTHER
19834,19842,1656,1961,1724,1998,employees,68,37,employees,OTHER
19844,19848,1728,1952,1769,1987,"name,",41,35,"name,",OTHER
19850,19856,1774,1942,1821,1978,address,47,36,address,OTHER
19858,19860,1826,1936,1848,1968,and,22,32,and,OTHER
19862,19864,1852,1930,1871,1962,zip,19,32,zip,OTHER
19866,19869,1876,1919,1916,1956,code,40,37,code,OTHER
19907,19918,343,1994,416,2028,verification,73,34,verification,OTHER
19920,19923,420,1987,452,2016,code,32,29,code,OTHER
20005,20009,990,1990,1036,2021,other,46,31,other,OTHER
20104,20108,1696,2006,1758,2033,robin,62,27,robin,OTHER
20113,20118,1784,1986,1853,2014,torres,69,28,torres,OTHER
20124,20127,1841,1998,1892,2032,rest,51,34,rest,OTHER
20135,20139,1897,1989,1958,2024,suite,61,35,suite,OTHER
20141,20143,1963,1984,2002,2015,185,39,31,185,OTHER
20215,20217,1195,1903,1222,1933,12a,27,30,12a,OTHER
20219,20221,599,2009,624,2040,see,25,31,see,OTHER
20223,20234,627,1998,698,2036,instructions,71,38,instructions,OTHER
20236,20238,701,1994,720,2023,for,19,29,for,OTHER
20240,20242,723,1988,749,2019,box,26,31,box,OTHER
20244,20245,752,1983,775,2012,12,23,29,12,OTHER
20379,20383,1701,2024,1762,2054,66435,61,30,66435,OTHER
20385,20390,1765,2017,1840,2048,robles,75,31,robles,OTHER
20404,20404,1387,2176,1396,2203,.,9,27,.,OTHER
20406,20414,1902,2008,2003,2039,74846-659,101,31,74846-659,OTHER
20451,20452,323,2059,343,2083,11,20,24,11,OTHER
20454,20465,355,2044,436,2079,nonqualified,81,35,nonqualified,OTHER
20492,20494,705,2044,738,2070,999,33,26,999,OTHER
20650,20653,1705,2050,1755,2076,lake,50,26,lake,OTHER
20655,20659,1761,2040,1820,2072,logan,59,32,logan,OTHER
20661,20662,1835,2029,1865,2061,wi,30,32,wi,OTHER
20703,20705,368,2072,400,2099,211,32,27,211,OTHER
20707,20711,440,2037,482,2067,plans,42,30,plans,OTHER
20738,20740,584,2090,616,2117,12c,32,27,12c,OTHER
20792,20794,969,2085,993,2116,elf,24,31,elf,OTHER
20796,20804,997,2077,1067,2114,employees,70,37,employees,OTHER
20806,20809,1071,2071,1102,2104,name,31,33,name,OTHER
20811,20811,2025,2106,2027,2136,",",2,30,",",OTHER
20813,20819,1116,2059,1163,2096,address,47,37,address,OTHER
20821,20823,1167,2053,1191,2085,and,24,32,and,OTHER
20825,20827,1194,2047,1214,2079,zip,20,32,zip,OTHER
20829,20832,1218,2033,1264,2072,code,46,39,code,OTHER
20871,20872,331,2112,351,2136,14,20,24,14,OTHER
20874,20878,368,2103,408,2128,other,40,25,other,OTHER
20973,20977,1037,2112,1098,2145,robin,61,33,robin,OTHER
20979,20984,1127,2105,1198,2134,torres,71,29,torres,OTHER
21073,21082,1778,2088,1839,2122,employers',61,34,employers',OTHER
21084,21088,1842,2083,1870,2115,state,28,32,state,OTHER
21090,21091,1873,2081,1885,2110,id,12,29,id,OTHER
21093,21094,1888,2078,1901,2108,no,13,30,no,OTHER
21096,21097,1904,2074,1927,2106,16,23,32,16,OTHER
21099,21103,1939,2066,1972,2100,state,33,34,state,OTHER
21105,21110,1974,2057,2020,2094,"wages,",46,37,"wages,",OTHER
21112,21116,2022,2052,2049,2085,"tips,",27,33,"tips,",OTHER
21118,21120,2051,2048,2068,2079,etc,17,31,etc,OTHER
21122,21122,1424,2176,1428,2202,.,4,26,.,OTHER
21354,21358,1687,2119,1725,2144,state,38,25,state,OTHER
21360,21368,1780,2114,1858,2147,43-07-654,78,33,43-07-654,OTHER
21370,21371,1912,2119,1939,2156,18,27,37,18,OTHER
21373,21377,1942,2113,1980,2151,local,38,38,local,OTHER
21379,21383,1984,2107,2021,2144,wages,37,37,wages,OTHER
21385,21385,2054,2101,2057,2131,",",3,30,",",OTHER
21387,21390,2032,2103,2049,2135,tips,17,32,tips,OTHER
21408,21413,2043,2114,2087,2149,245173,44,35,245173,OTHER
21702,21702,485,2178,489,2206,",",4,28,",",OTHER
21704,21706,2062,2098,2077,2130,etc,15,32,etc,OTHER
21707,21707,800,2329,820,2359,.,20,30,.,OTHER
21709,21709,469,2399,471,2425,.,2,26,.,OTHER
21710,21711,2099,2111,2120,2138,78,21,27,78,OTHER
21853,21857,1048,2139,1103,2172,56435,55,33,56435,OTHER
21859,21864,1108,2126,1180,2161,robles,72,35,robles,OTHER
21866,21869,1185,2118,1234,2149,rest,49,31,rest,OTHER
21870,21879,1245,2121,1353,2158,74846-6591,108,37,74846-6591,OTHER
21881,21885,1241,2110,1298,2140,suite,57,30,suite,OTHER
21887,21889,1305,2105,1342,2132,185,37,27,185,OTHER
22031,22034,1049,2167,1096,2192,lake,47,25,lake,OTHER
22036,22040,1103,2157,1162,2189,logan,59,32,logan,OTHER
22042,22043,1177,2147,1207,2178,wi,30,31,wi,OTHER
22069,22073,1315,2176,1352,2206,wages,37,30,wages,OTHER
22075,22075,1356,2176,1360,2204,",",4,28,",",OTHER
22077,22080,1364,2176,1382,2203,tips,18,27,tips,OTHER
22084,22085,1400,2176,1411,2202,85,11,26,85,OTHER
22087,22087,476,2398,493,2424,8,17,26,8,OTHER
22122,22126,1699,2163,1730,2189,state,31,26,state,OTHER
22128,22133,1734,2154,1782,2184,income,48,30,income,OTHER
22135,22137,1785,2147,1813,2175,tax,28,28,tax,OTHER
22139,22140,1919,2170,1950,2206,20,31,36,20,OTHER
22142,22149,1952,2164,2004,2202,locality,52,38,locality,OTHER
22151,22154,2007,2155,2061,2195,name,54,40,name,OTHER
22175,22182,2050,2167,2117,2203,stephens,67,36,stephens,OTHER
22184,22193,2120,2155,2204,2193,expressway,84,38,expressway,OTHER
22233,22235,348,2197,373,2225,elf,25,28,elf,OTHER
22237,22245,378,2186,445,2222,employees,67,36,employees,OTHER
22247,22250,450,2180,481,2212,name,31,32,name,OTHER
22252,22252,741,2336,746,2367,",",5,31,",",OTHER
22254,22260,493,2167,543,2205,address,50,38,address,OTHER
22262,22264,546,2161,569,2194,and,23,33,and,OTHER
22266,22268,572,2156,594,2188,zip,22,32,zip,OTHER
22270,22273,596,2144,639,2182,code,43,38,code,OTHER
22349,22352,1161,2205,1182,2233,ers',21,28,ers',OTHER
22354,22358,1186,2200,1212,2229,state,26,29,state,OTHER
22360,22361,1216,2197,1226,2224,id,10,27,id,OTHER
22363,22364,1230,2195,1243,2222,no,13,27,no,OTHER
22366,22367,1247,2191,1269,2220,16,22,29,16,OTHER
22369,22373,1282,2185,1312,2216,state,30,31,state,OTHER
22484,22487,2080,2201,2133,2229,copy,53,28,copy,OTHER
22534,22538,398,2229,456,2260,robin,58,31,robin,OTHER
22540,22545,487,2221,557,2252,torres,70,31,torres,OTHER
22547,22556,603,2235,709,2274,74846-6591,106,39,74846-6591,OTHER
22621,22622,993,2231,1019,2262,15,26,31,15,OTHER
22624,22628,1028,2222,1072,2256,state,44,34,state,OTHER
22635,22640,1120,2220,1159,2246,employ,39,26,employ,OTHER
22669,22674,1326,2223,1370,2253,"wages,",44,30,"wages,",OTHER
22675,22681,1385,2234,1435,2262,245173.,50,28,245173.,OTHER
22873,22877,1374,2219,1401,2247,"tips,",27,28,"tips,",OTHER
22879,22882,1405,2214,1442,2243,etc.,37,29,etc.,OTHER
22884,22885,1439,2230,1463,2256,78,24,26,78,OTHER
22911,22912,1669,2222,1693,2249,19,24,27,19,OTHER
22914,22918,1706,2215,1740,2243,local,34,28,local,OTHER
22919,22923,1737,2224,1773,2250,26007,36,26,26007,OTHER
23164,23169,1745,2206,1791,2236,income,46,30,income,OTHER
23171,23172,1777,2223,1800,2247,.2,23,24,.2,OTHER
23173,23175,1795,2201,1819,2226,tax,24,25,tax,OTHER
23323,23328,1122,2232,1172,2262,43-07-,50,30,43-07-,OTHER
23456,23458,2013,2240,2046,2268,tax,33,28,tax,OTHER
23506,23510,404,2252,462,2288,66435,58,36,66435,OTHER
23512,23517,467,2239,539,2277,robles,72,38,robles,OTHER
23519,23522,543,2230,595,2264,rest,52,34,rest,OTHER
23524,23528,598,2218,661,2254,suite,63,36,suite,OTHER
23530,23532,664,2210,703,2242,185,39,32,185,OTHER
23702,23705,1784,2255,1816,2285,city,32,30,city,OTHER
23707,23708,1820,2253,1837,2282,or,17,29,or,OTHER
23710,23714,1840,2241,1900,2279,local,60,38,local,OTHER
23719,23722,1876,2269,1937,2301,wage,61,32,wage,OTHER
23725,23726,1907,2261,1934,2292,ge,27,31,ge,OTHER
23728,23730,1949,2247,1988,2282,and,39,35,and,OTHER
23749,23752,2082,2260,2155,2293,2018,73,33,2018,OTHER
23800,23803,406,2280,456,2307,lake,50,27,lake,OTHER
23805,23809,462,2269,521,2302,logan,59,33,logan,OTHER
23811,23812,537,2259,566,2289,wi,29,30,wi,OTHER
23887,23888,1003,2283,1027,2311,17,24,28,17,OTHER
23891,23892,1126,2269,1141,2294,ta,15,25,ta,OTHER
23895,23901,1070,2286,1132,2323,10509.8,62,37,10509.8,OTHER
24046,24051,1076,2272,1122,2302,income,46,30,income,OTHER
24089,24093,1320,2282,1346,2309,ality,26,27,ality,OTHER
24095,24098,1350,2276,1395,2306,name,45,30,name,OTHER
24107,24115,1472,2272,1546,2300,xpressway,74,28,xpressway,OTHER
24162,24170,1871,2276,1966,2319,statement,95,43,statement,OTHER
24225,24234,479,2319,541,2351,employers',62,32,employers',OTHER
24236,24240,544,2314,572,2343,state,28,29,state,OTHER
24242,24243,575,2312,586,2339,id,11,27,id,OTHER
24245,24247,589,2307,616,2336,no.,27,29,no.,OTHER
24249,24250,621,2302,641,2332,16,20,30,16,OTHER
24252,24256,656,2294,688,2326,state,32,32,state,OTHER
24258,24263,690,2285,736,2320,"wages,",46,35,"wages,",OTHER
24265,24269,739,2280,766,2311,"tips,",27,31,"tips,",OTHER
24271,24274,769,2273,802,2306,etc.,33,33,etc.,OTHER
24373,24376,1433,2320,1473,2343,copy,40,23,copy,OTHER
24404,24406,1691,2328,1749,2360,w-2,58,32,w-2,OTHER
24450,24451,373,2349,393,2371,15,20,22,15,OTHER
24453,24457,1042,2279,1071,2307,state,29,28,state,OTHER
24459,24460,481,2344,493,2368,43,12,24,43,OTHER
24462,24464,495,2342,517,2367,-07,22,25,-07,OTHER
24466,24466,519,2341,525,2364,-,6,23,-,OTHER
24468,24470,527,2337,556,2363,654,29,26,654,OTHER
24485,24486,629,2345,658,2380,18,29,35,18,OTHER
24488,24492,1048,2331,1083,2358,local,35,27,local,OTHER
24494,24498,700,2337,737,2372,wages,37,35,wages,OTHER
24500,24500,772,2333,776,2363,",",4,30,",",OTHER
24502,24505,750,2334,767,2366,tips,17,32,tips,OTHER
24509,24511,780,2332,795,2362,etc,15,30,etc,OTHER
24543,24544,1012,2339,1033,2364,19,21,25,19,OTHER
24546,24550,1933,2326,1965,2356,local,32,30,local,OTHER
24551,24555,1079,2343,1116,2367,26007,37,24,26007,OTHER
24704,24709,1087,2322,1134,2351,income,47,29,income,OTHER
24710,24711,1118,2339,1141,2364,.2,23,25,.2,OTHER
24712,24714,1137,2317,1163,2343,tax,26,26,tax,OTHER
24736,24741,1279,2345,1324,2377,filing,45,32,filing,OTHER
24888,24891,1076,2369,1169,2397,-nc.,93,28,-nc.,OTHER
24893,24897,407,2347,446,2371,state,39,24,state,OTHER
24899,24901,1292,2363,1323,2394,and,31,31,and,OTHER
24944,24947,1430,2374,1498,2410,2018,68,36,2018,OTHER
24974,24977,1695,2368,1724,2398,copy,29,30,copy,OTHER
24981,24982,1738,2364,1748,2390,to,10,26,to,OTHER
24984,24985,1753,2361,1766,2388,be,13,27,be,OTHER
24987,24991,1771,2356,1794,2385,filed,23,29,filed,OTHER
24993,24996,1798,2351,1822,2380,with,24,29,with,OTHER
24998,25007,1825,2339,1890,2375,employee's,65,36,employee's,OTHER
25009,25012,1893,2335,1918,2363,city,25,28,city,OTHER
25014,25015,1920,2332,1931,2358,or,11,26,or,OTHER
25017,25021,661,2341,697,2377,local,36,36,local,OTHER
25023,25028,1967,2318,2012,2350,income,45,32,income,OTHER
25030,25032,2014,2314,2036,2342,tax,22,28,tax,OTHER
25034,25040,2038,2302,2105,2338,returnb,67,36,returnb,OTHER
25042,25044,2106,2298,2131,2327,no.,25,29,no.,OTHER
25046,25054,2131,2285,2202,2322,1545-0008,71,37,1545-0008,OTHER
25098,25099,382,2392,404,2417,17,22,25,17,OTHER
25101,25105,428,2400,465,2429,10509,37,29,10509,OTHER
25152,25156,1174,2364,1224,2394,state,50,30,state,OTHER
25158,25163,455,2379,502,2409,income,47,30,income,OTHER
25226,25228,505,2374,529,2400,tax,24,26,tax,OTHER
25245,25246,635,2398,668,2434,20,33,36,20,OTHER
25248,25255,669,2391,719,2428,locality,50,37,locality,OTHER
25257,25264,768,2395,834,2426,stephens,66,31,stephens,OTHER
25365,25368,723,2384,775,2421,name,52,37,name,OTHER
25370,25379,839,2383,923,2419,expressway,84,36,expressway,OTHER
25435,25439,420,2386,451,2413,state,31,27,state,OTHER
25463,25465,1416,2417,1443,2449,omb,27,32,omb,OTHER
25467,25469,1448,2412,1468,2442,no.,20,30,no.,OTHER
25471,25479,1473,2403,1542,2437,1545-0008,69,34,1545-0008,OTHER
25525,25526,390,2448,413,2473,19,23,25,19,OTHER
25528,25532,426,2441,462,2469,local,36,28,local,OTHER
25534,25539,464,2431,513,2464,income,49,33,income,OTHER
25541,25543,516,2423,545,2454,tax,29,31,tax,OTHER
25585,25588,797,2428,842,2453,copy,45,25,copy,OTHER
25621,25623,1035,2443,1094,2479,w-2,59,36,w-2,OTHER
25708,25713,653,2452,707,2482,filing,54,30,filing,OTHER
25715,25717,1315,2438,1337,2465,tax,22,27,tax,OTHER
25775,25781,502,2475,581,2513,federal,79,38,federal,OTHER
25802,25804,664,2474,707,2508,and,43,34,and,OTHER
25822,25825,799,2483,873,2518,2018,74,35,2018,OTHER
25857,25860,1035,2482,1067,2509,copy,32,27,copy,OTHER
25864,25865,1079,2477,1094,2503,to,15,26,to,OTHER
25867,25868,1095,2474,1111,2501,be,16,27,be,OTHER
25870,25874,1112,2470,1137,2499,filed,25,29,filed,OTHER
25876,25879,1138,2466,1165,2495,with,27,29,with,OTHER
25881,25890,1166,2454,1234,2491,employee's,68,37,employee's,OTHER
25892,25896,1236,2449,1266,2479,state,30,30,state,OTHER
25898,25903,1268,2442,1313,2474,income,45,32,income,OTHER
25905,25907,732,2469,764,2493,tax,32,24,tax,OTHER
25909,25912,1340,2433,1366,2460,rett,26,27,rett,OTHER
25985,25993,1214,2397,1305,2429,statement,91,32,statement,OTHER
26042,26044,413,2556,481,2591,w-2,68,35,w-2,OTHER
26093,26096,416,2595,447,2620,copy,31,25,copy,OTHER
26098,26098,448,2592,459,2615,b,11,23,b,OTHER
26100,26101,460,2590,474,2613,to,14,23,to,OTHER
26103,26104,475,2587,491,2611,be,16,24,be,OTHER
26106,26110,492,2582,519,2608,filed,27,26,filed,OTHER
26112,26115,520,2577,546,2604,with,26,27,with,OTHER
26117,26126,547,2565,614,2599,employee's,67,34,employee's,OTHER
26128,26134,615,2557,660,2588,federal,45,31,federal,OTHER
26136,26141,660,2548,707,2581,income,47,33,income,OTHER
26143,26145,707,2544,730,2573,tax,23,29,tax,OTHER
26147,26152,730,2535,779,2569,return,49,34,return,OTHER
26154,26156,790,2528,822,2559,omb,32,31,omb,OTHER
26158,26160,821,2523,848,2553,no.,27,30,no.,OTHER
26162,26170,847,2511,916,2549,1545-0008,69,38,1545-0008,OTHER
