start_index,end_index,x_top_left,y_top_left,x_bottom_right,y_bottom_right,transcript,box_width,box_height,combined_text,predicted_field
0,0,1373,922,1451,950,185492.32,78,28,185492.32,OTHER
0,0,1837,988,1867,1038,1551,30,50,1551,OTHER
0,0,2001,990,2055,1022,56129.1,54,32,56129.1,OTHER
0,0,875,2744,942,2771,w-2,67,27,w-2,OTHER
107,110,1035,253,1156,305,2018,121,52,2018,OTHER
132,134,1171,254,1276,306,w-2,105,52,w-2,OTHER
149,151,1288,255,1389,307,and,101,52,and,OTHER
166,173,1401,255,1691,307,earnings,290,52,earnings,OTHER
202,208,1709,253,1996,306,summary,287,53,summary,OTHER
264,266,2225,245,2311,291,adp,86,46,adp,OTHER
286,293,222,317,318,344,employee,96,27,employee,OTHER
305,313,393,313,497,346,reference,104,33,reference,OTHER
319,322,592,316,643,342,copy,51,26,copy,OTHER
368,370,964,314,1006,344,his,42,30,his,OTHER
372,375,1011,314,1070,343,blue,59,29,blue,OTHER
377,384,1075,314,1195,343,earnings,120,29,earnings,OTHER
386,392,1200,314,1330,342,summary,130,28,summary,OTHER
394,400,1334,314,1429,342,section,95,28,section,OTHER
402,403,1434,314,1460,342,is,26,28,is,OTHER
405,412,1465,314,1579,342,included,114,28,included,OTHER
414,417,1584,314,1639,342,with,55,28,with,OTHER
419,422,1645,314,1706,342,your,61,28,your,OTHER
424,426,1711,314,1768,342,w-2,57,28,w-2,OTHER
428,429,1773,314,1799,342,to,26,28,to,OTHER
431,434,1805,314,1865,343,help,60,29,help,OTHER
436,443,1877,313,1984,344,describe,107,31,describe,OTHER
445,452,1990,313,2097,344,portions,107,31,portions,OTHER
454,455,2103,313,2128,345,in,25,32,in,OTHER
457,460,2134,312,2206,346,more,72,34,more,OTHER
462,468,2216,312,2288,346,detail.,72,34,detail.,OTHER
499,502,329,351,386,376,wage,57,25,wage,OTHER
504,506,428,346,465,370,and,37,24,and,OTHER
508,510,506,346,544,372,tax,38,26,tax,OTHER
569,570,965,343,1000,370,he,35,27,he,OTHER
572,578,1006,343,1107,370,reverse,101,27,reverse,OTHER
580,583,1114,343,1170,370,side,56,27,side,OTHER
585,592,1175,343,1288,370,includes,113,27,includes,OTHER
594,600,1293,343,1394,370,general,101,27,general,OTHER
602,612,1399,343,1547,370,information,148,27,information,OTHER
614,617,1553,343,1608,370,that,55,27,that,OTHER
619,621,1612,343,1660,370,you,48,27,you,OTHER
623,625,1666,343,1726,370,may,60,27,may,OTHER
627,630,1730,343,1785,370,also,55,27,also,OTHER
632,635,1793,343,1843,370,find,50,27,find,OTHER
637,644,1847,343,1945,370,helpful.,98,27,helpful.,OTHER
648,650,112,381,169,417,n-2,57,36,n-2,OTHER
675,683,324,371,403,396,statement,79,25,statement,OTHER
693,696,582,386,667,418,2018,85,32,2018,taxYear
698,701,99,432,134,458,copy,35,26,copy,OTHER
703,703,137,431,148,455,c,11,24,c,OTHER
705,707,151,430,172,455,for,21,25,for,OTHER
709,718,174,430,251,455,employee's,77,25,employee's,OTHER
720,727,253,432,322,461,records.,69,29,records.,OTHER
744,746,564,422,596,448,dmb,32,26,dmb,OTHER
748,750,600,422,626,448,no.,26,26,no.,OTHER
752,760,630,421,709,448,1545-0008,79,27,1545-0008,OTHER
804,805,1025,425,1048,455,1.,23,30,1.,OTHER
807,809,1052,425,1097,455,the,45,30,the,OTHER
811,819,1101,425,1211,455,following,110,30,following,OTHER
821,831,1215,424,1353,454,information,138,30,information,OTHER
833,840,1357,424,1448,454,reflects,91,30,reflects,OTHER
842,845,1452,424,1508,454,your,56,30,your,OTHER
847,851,1512,424,1566,455,final,54,31,final,OTHER
853,856,1570,424,1626,455,2018,56,31,2018,OTHER
858,860,1630,424,1677,455,pay,47,31,pay,OTHER
862,865,1681,424,1733,455,stub,52,31,stub,OTHER
867,870,1737,424,1791,455,plus,54,31,plus,OTHER
872,874,1795,424,1842,455,any,47,31,any,OTHER
876,886,1846,424,1991,456,adjustments,145,32,adjustments,OTHER
888,896,1995,425,2113,456,submitted,118,31,submitted,OTHER
898,899,2117,425,2150,457,by,33,32,by,OTHER
901,904,2154,425,2210,457,your,56,32,your,OTHER
906,914,2214,425,2338,458,employer.,124,33,employer.,OTHER
916,916,100,448,118,475,d,18,27,d,OTHER
918,924,130,449,185,475,control,55,26,control,OTHER
926,931,188,445,257,475,number,69,30,number,OTHER
933,937,306,448,358,487,dept.,52,39,dept.,OTHER
939,943,405,456,456,493,corp.,51,37,corp.,OTHER
967,974,614,449,678,480,emplover,64,31,emplover,OTHER
976,978,683,450,708,479,use,25,29,use,OTHER
980,983,713,452,753,484,only,40,32,only,OTHER
985,986,758,458,781,489,36,23,31,36,OTHER
988,994,100,469,173,498,6913335,73,29,6913335,OTHER
1034,1034,561,465,583,495,a,22,30,a,OTHER
1101,1105,1102,472,1144,499,gross,42,27,gross,OTHER
1107,1109,1148,468,1179,497,pay,31,29,pay,OTHER
1116,1123,1262,468,1322,496,185492.2,60,28,185492.2,OTHER
1146,1150,1638,467,1677,494,14235,39,27,14235,OTHER
1152,1154,1680,465,1702,491,.17,22,26,.17,OTHER
1162,1169,1834,473,1892,498,id.state,58,25,id.state,OTHER
1171,1176,1896,473,1952,498,income,56,25,income,OTHER
1178,1180,1956,471,1976,496,tax,20,25,tax,OTHER
1183,1189,2075,467,2134,495,3059.26,59,28,3059.26,OTHER
1334,1336,1458,488,1481,516,tax,23,28,tax,OTHER
1338,1345,1485,484,1562,516,withheld,77,32,withheld,OTHER
1367,1369,1838,497,1866,519,box,28,22,box,OTHER
1371,1372,1868,498,1887,519,17,19,21,17,OTHER
1373,1378,1879,513,1936,537,income,57,24,income,OTHER
1565,1566,1889,498,1905,519,of,16,21,of,OTHER
1568,1570,1907,499,1944,521,w-2,37,22,w-2,OTHER
1571,1572,1939,514,1955,537,ta,16,23,ta,OTHER
1579,1588,139,513,213,544,employer's,74,31,employer's,OTHER
1590,1594,218,513,265,542,"name,",47,29,"name,",OTHER
1596,1603,270,514,334,544,"address,",64,30,"address,",OTHER
1605,1607,337,517,366,545,and,29,28,and,OTHER
1609,1611,369,518,394,546,zip,25,28,zip,OTHER
1613,1616,397,520,446,549,code,49,29,code,OTHER
1717,1719,1458,510,1481,537,box,23,27,box,OTHER
1721,1721,1484,509,1495,536,4,11,27,4,OTHER
1723,1724,1498,509,1513,535,of,15,26,of,OTHER
1726,1728,1516,509,1554,536,w-2,38,27,w-2,OTHER
1749,1753,1835,511,1876,535,local,41,24,local,OTHER
1769,1776,2071,508,2138,538,28952.95,67,30,28952.95,OTHER
1785,1801,153,537,384,570,morrison-richards,231,33,morrison-richards,employerName
1803,1805,387,537,436,564,and,49,27,and,employerName
1807,1810,439,539,501,567,sons,62,28,sons,employerName
1953,1955,1836,532,1864,561,box,28,29,box,OTHER
1957,1958,1868,531,1887,560,19,19,29,19,OTHER
1960,1961,1891,531,1903,560,of,12,29,of,OTHER
1963,1963,1907,533,1919,560,w,12,27,w,OTHER
1965,1965,1922,534,1927,560,-,5,26,-,OTHER
1967,1967,1929,534,1941,561,2,12,27,2,OTHER
1975,1979,154,566,224,597,32938,70,31,32938,employerAddressStreet_name
1981,1986,230,566,316,596,nelson,86,30,nelson,employerAddressStreet_name
1988,1993,321,566,407,595,branch,86,29,branch,employerAddressStreet_name
1995,1999,414,567,488,594,suite,74,27,suite,employerAddressStreet_name
2001,2003,492,569,524,594,014,32,25,014,employerAddressStreet_name
2083,2086,1102,568,1132,595,fed.,30,27,fed.,OTHER
2088,2093,1136,568,1198,594,income,62,26,income,OTHER
2098,2105,1261,564,1321,587,16128.04,60,23,16128.04,OTHER
2111,2118,1453,567,1520,595,medicare,67,28,medicare,OTHER
2120,2122,1524,566,1549,593,tax,25,27,tax,OTHER
2131,2136,1668,565,1716,590,3259.9,48,25,3259.9,OTHER
2146,2156,160,591,305,624,douglasview,145,33,douglasview,employerAddressCity
2157,2158,333,589,370,620,wa,37,31,wa,employerAddressState
2160,2169,400,591,540,621,38115-8413,140,30,38115-8413,employerAddressZip
2251,2253,1101,592,1129,619,tax,28,27,tax,OTHER
2255,2262,1131,591,1198,618,withheld,67,27,withheld,OTHER
2281,2288,1454,592,1530,618,withheld,76,26,withheld,OTHER
2405,2407,1106,615,1129,642,box,23,27,box,OTHER
2409,2409,1134,617,1142,643,2,8,26,2,OTHER
2411,2412,1146,617,1160,644,of,14,27,of,OTHER
2414,2416,1164,618,1194,644,w-2,30,26,w-2,OTHER
2432,2434,1453,612,1483,642,box,30,30,box,OTHER
2436,2436,1485,616,1495,642,6,10,26,6,OTHER
2438,2439,1498,616,1513,643,of,15,27,of,OTHER
2441,2442,1516,616,1534,643,w-,18,27,w-,OTHER
2444,2444,1537,614,1557,642,2,20,28,2,OTHER
2467,2469,1843,614,1865,640,box,22,26,box,OTHER
2471,2472,1869,613,1887,640,14,18,27,14,OTHER
2474,2475,1891,614,1905,642,of,14,28,of,OTHER
2477,2478,1909,616,1930,645,w-,21,29,w-,OTHER
2518,2522,407,683,475,712,batch,68,29,batch,OTHER
2552,2557,589,677,674,710,#02021,85,33,#02021,OTHER
2559,2561,97,728,128,754,eff,31,26,eff,OTHER
2563,2571,133,728,216,755,employees,83,27,employees,OTHER
2573,2576,218,728,257,756,name,39,28,name,OTHER
2578,2578,260,728,266,756,.,6,28,.,OTHER
2580,2586,268,727,330,756,address,62,29,address,OTHER
2588,2590,332,727,361,755,and,29,28,and,OTHER
2592,2594,364,726,392,755,zip,28,29,zip,OTHER
2596,2599,394,725,440,754,code,46,29,code,OTHER
2707,2708,1023,753,1047,781,2.,24,28,2.,OTHER
2710,2713,1052,753,1111,782,your,59,29,your,OTHER
2715,2719,1116,753,1188,782,gross,72,29,gross,OTHER
2721,2723,1193,754,1237,783,pay,44,29,pay,OTHER
2725,2727,1242,754,1291,783,was,49,29,was,OTHER
2729,2736,1295,754,1399,783,adjusted,104,29,adjusted,OTHER
2738,2739,1403,754,1432,783,as,29,29,as,OTHER
2741,2747,1436,753,1523,783,follows,87,30,follows,OTHER
2749,2750,1527,753,1554,783,to,27,30,to,OTHER
2752,2758,1558,753,1659,783,produce,101,30,produce,OTHER
2760,2763,1663,752,1719,783,your,56,31,your,OTHER
2765,2767,1723,752,1772,782,w-2,49,30,w-2,OTHER
2769,2778,1776,751,1899,782,statement.,123,31,statement.,OTHER
2787,2794,156,783,263,813,jennifer,107,30,jennifer,employeeName
2796,2800,295,786,367,815,hurst,72,29,hurst,employeeName
2809,2813,155,810,225,841,73352,70,31,73352,OTHER
2815,2818,230,811,291,841,long,61,30,long,OTHER
2820,2828,297,813,414,841,junctions,117,28,junctions,OTHER
2951,2956,1333,817,1389,844,"wages,",56,27,"wages,",OTHER
2958,2962,1394,816,1430,844,"tips,",36,28,"tips,",OTHER
2964,2967,1435,814,1465,842,othe,30,28,othe,OTHER
2979,2984,1582,814,1625,845,social,43,31,social,OTHER
2986,2990,1630,813,1673,843,secur,43,30,secur,OTHER
2993,2998,1678,813,1729,841,medica,51,28,medica,OTHER
3017,3023,1840,811,1893,843,d.state,53,32,d.state,OTHER
3025,3029,1898,807,1943,840,wages,45,33,wages,OTHER
3031,3031,1948,806,1957,836,",",9,30,",",OTHER
3033,3040,1991,812,2056,844,morrison,65,32,morrison,OTHER
3042,3047,2060,811,2104,841,knolls,44,30,knolls,OTHER
3056,3059,155,839,213,871,west,58,32,west,OTHER
3061,3068,218,840,330,870,grantton,112,30,grantton,OTHER
3070,3071,361,841,397,870,az,36,29,az,OTHER
3073,3082,414,841,548,870,82379-9741,134,29,82379-9741,OTHER
3234,3236,1334,857,1364,887,box,30,30,box,OTHER
3238,3238,1369,859,1375,887,1,6,28,1,OTHER
3240,3241,1380,859,1394,888,of,14,29,of,OTHER
3243,3243,1399,860,1407,888,w,8,28,w,OTHER
3245,3245,1413,860,1413,888,-,0,28,-,OTHER
3247,3247,1419,861,1436,888,2,17,27,2,OTHER
3262,3266,1582,841,1644,871,wages,62,30,wages,OTHER
3267,3271,1679,829,1743,860,wages,64,31,wages,OTHER
3299,3301,1578,860,1609,893,box,31,33,box,OTHER
3303,3304,1869,856,1887,886,16,18,30,16,OTHER
3306,3307,1625,860,1639,892,of,14,32,of,OTHER
3309,3309,1642,860,1654,891,w,12,31,w,OTHER
3311,3311,1657,860,1662,891,-,5,31,-,OTHER
3312,3312,1666,860,1675,891,2,9,31,2,OTHER
3314,3318,1991,842,2031,869,local,40,27,local,OTHER
3323,3328,2035,841,2093,868,"wages,",58,27,"wages,",OTHER
3506,3508,1679,860,1707,891,box,28,31,box,OTHER
3510,3510,1612,860,1622,892,3,10,32,3,OTHER
3512,3513,1726,860,1739,891,of,13,31,of,OTHER
3515,3515,1743,860,1754,891,w,11,31,w,OTHER
3517,3517,1758,860,1760,891,-,2,31,-,OTHER
3519,3519,1764,860,1780,891,2,16,31,2,OTHER
3521,3523,1837,856,1865,887,box,28,31,box,OTHER
3525,3525,1711,860,1722,891,5,11,31,5,OTHER
3527,3528,1890,856,1904,888,of,14,32,of,OTHER
3530,3530,1908,858,1918,890,w,10,32,w,OTHER
3532,3532,257,1442,265,1470,-,8,28,-,OTHER
3534,3534,1179,1674,1203,1708,2,24,34,2,OTHER
3562,3565,1993,869,2022,901,tips,29,32,tips,OTHER
3567,3568,2025,874,2043,904,18,18,30,18,OTHER
3570,3571,2046,876,2060,905,of,14,29,of,OTHER
3573,3574,2063,877,2086,907,w2,23,30,w2,OTHER
3579,3588,133,905,217,931,emplover's,84,26,emplover's,OTHER
3590,3592,220,906,252,931,fed,32,25,fed,OTHER
3594,3595,256,906,272,931,id,16,25,id,OTHER
3597,3602,275,905,334,931,number,59,26,number,OTHER
3616,3616,406,905,425,934,a,19,29,a,OTHER
3618,3627,434,903,522,932,employee's,88,29,employee's,OTHER
3629,3631,525,903,556,932,ssa,31,29,ssa,OTHER
3633,3639,559,905,641,940,number_,82,35,number_,OTHER
3646,3655,150,921,257,953,58-8813783,107,32,58-8813783,einEmployerIdentificationNumber
3754,3754,1071,933,1088,961,t,17,28,t,OTHER
3756,3760,1102,926,1140,954,gross,38,28,gross,OTHER
3762,3764,1145,926,1172,952,pay,27,26,pay,OTHER
3795,3801,1998,918,2057,946,185492.,59,28,185492.,OTHER
3803,3803,906,2779,912,2806,2,6,27,2,OTHER
3817,3820,1581,932,1628,964,5494,47,32,5494,OTHER
3822,3829,1685,922,1748,957,185492.3,63,35,185492.3,OTHER
3853,3860,1842,921,1905,949,185492.3,63,28,185492.3,OTHER
3877,3879,1336,990,1365,1021,185,29,31,185,OTHER
3880,3880,107,1326,121,1348,4,14,22,4,OTHER
3882,3882,1719,2778,1726,2805,2,7,27,2,OTHER
3883,3883,311,959,320,988,.,9,29,.,OTHER
3890,3895,135,963,187,990,"wages,",52,27,"wages,",OTHER
3897,3901,190,962,224,989,"tips,",34,27,"tips,",OTHER
3903,3907,226,961,267,989,other,41,28,other,OTHER
3909,3912,269,960,309,988,comp,40,28,comp,OTHER
3914,3914,609,975,616,1003,.,7,28,.,box2FederalIncomeTaxWithheld
3929,3935,432,957,488,991,federal,56,34,federal,OTHER
3937,3942,491,959,547,991,income,56,32,income,OTHER
3944,3946,550,961,575,989,tax,25,28,tax,OTHER
3948,3951,578,961,605,987,with,27,26,with,OTHER
3953,3955,608,962,633,984,hel,25,22,hel,OTHER
4096,4099,1836,947,1881,978,5494,45,31,5494,OTHER
4120,4123,1992,949,2034,973,5494,42,24,5494,OTHER
4184,4188,562,976,607,1004,16128,45,28,16128,box2FederalIncomeTaxWithheld
4190,4190,209,1108,215,1135,.,6,27,.,OTHER
4192,4193,618,974,635,1002,04,17,28,04,box2FederalIncomeTaxWithheld
4231,4234,1022,966,1057,993,less,35,27,less,OTHER
4236,4238,1061,965,1082,991,401,21,26,401,OTHER
4240,4242,1086,964,1106,990,(k),20,26,(k),OTHER
4244,4249,1110,962,1159,989,(d-box,49,27,(d-box,OTHER
4251,4252,1164,961,1183,987,2),19,26,2),OTHER
4301,4308,1581,971,1646,1004,16128.04,65,33,16128.04,OTHER
4310,4317,1678,972,1745,1009,16128.04,67,37,16128.04,OTHER
4336,4343,1835,976,1898,1008,16128.04,63,32,16128.04,OTHER
4556,4556,1645,996,1665,1024,1,20,28,1,OTHER
4557,4557,105,2501,123,2524,5,18,23,5,OTHER
4559,4559,1901,994,1908,1023,1,7,29,1,OTHER
4561,4562,1370,990,1381,1020,29,11,30,29,OTHER
4563,4563,601,1108,606,1133,.,5,25,.,OTHER
4564,4564,107,1264,123,1287,1,16,23,1,OTHER
4566,4566,544,1354,557,1384,1,13,30,1,OTHER
4675,4682,1022,1000,1089,1026,reported,67,26,reported,OTHER
4685,4686,1922,859,1942,893,-2,20,34,-2,OTHER
4688,4692,1126,994,1180,1024,wages,54,30,wages,OTHER
4718,4718,98,1678,118,1707,1,20,29,1,OTHER
4719,4719,405,1145,425,1175,8,20,30,8,OTHER
4725,4727,1386,989,1405,1019,.71,19,30,.71,OTHER
4751,4751,866,1677,889,1708,1,23,31,1,OTHER
4753,4761,1679,997,1751,1025,155129.11,72,28,155129.11,OTHER
4805,4805,1178,1756,1198,1799,6,20,43,6,OTHER
4806,4806,1317,2227,1331,2260,1,14,33,1,OTHER
4807,4810,1870,998,1899,1041,29.1,29,43,29.1,OTHER
4816,4821,134,1024,180,1054,social,46,30,social,OTHER
4823,4830,184,1023,241,1053,security,57,30,security,OTHER
4832,4836,245,1017,296,1049,wages,51,32,wages,OTHER
4856,4861,434,1018,481,1048,social,47,30,social,OTHER
4863,4870,484,1018,542,1048,security,58,30,security,OTHER
4872,4874,546,1018,570,1048,tax,24,30,tax,OTHER
4876,4883,574,1018,640,1048,withheld,66,30,withheld,OTHER
4892,4899,141,1088,199,1118,medicare,58,30,medicare,OTHER
4901,4905,203,1087,252,1114,wages,49,27,wages,OTHER
4907,4909,256,1087,282,1111,and,26,24,and,OTHER
4911,4914,286,1087,326,1110,tips,40,23,tips,OTHER
4930,4937,433,1087,503,1115,medicare,70,28,medicare,OTHER
4939,4941,504,1087,530,1114,tax,26,27,tax,OTHER
4943,4950,531,1088,604,1121,withheld,73,33,withheld,OTHER
4992,4993,1023,1085,1046,1116,3.,23,31,3.,OTHER
4995,5002,1052,1085,1168,1116,employee,116,31,employee,OTHER
5004,5006,1174,1085,1221,1116,w-4,47,31,w-4,OTHER
5008,5015,1226,1085,1313,1116,profile.,87,31,profile.,OTHER
5017,5018,1318,1085,1347,1116,to,29,31,to,OTHER
5020,5025,1352,1085,1440,1116,change,88,31,change,OTHER
5027,5030,1445,1086,1500,1116,your,55,30,your,OTHER
5032,5039,1505,1086,1623,1117,employee,118,31,employee,OTHER
5041,5043,1627,1086,1675,1117,w-4,48,31,w-4,OTHER
5045,5051,1679,1086,1758,1117,profile,79,31,profile,OTHER
5053,5064,1761,1086,1906,1117,"information,",145,31,"information,",OTHER
5066,5069,1910,1086,1949,1117,file,39,31,file,OTHER
5071,5071,1952,1086,1969,1117,a,17,31,a,OTHER
5073,5075,1972,1086,2023,1117,new,51,31,new,OTHER
5077,5079,2028,1086,2075,1117,w-4,47,31,w-4,OTHER
5081,5084,2078,1086,2132,1118,with,54,32,with,OTHER
5086,5089,2134,1086,2192,1118,your,58,32,your,OTHER
5091,5097,2194,1086,2285,1118,payroll,91,32,payroll,OTHER
5099,5103,2287,1086,2359,1118,dept.,72,32,dept.,OTHER
5112,5117,152,1108,207,1135,112410,55,27,112410,OTHER
5119,5119,210,1163,217,1191,.,7,28,.,OTHER
5121,5122,217,1109,241,1135,58,24,26,58,OTHER
5164,5167,563,1105,598,1132,3259,35,27,3259,OTHER
5169,5169,620,1164,624,1190,.,4,26,.,OTHER
5171,5172,609,1108,628,1135,91,19,27,91,OTHER
5215,5215,414,1481,435,1513,8,21,32,8,OTHER
5217,5225,437,1144,504,1176,allocated,67,32,allocated,OTHER
5227,5230,506,1145,548,1181,tips,42,36,tips,OTHER
5385,5390,1837,1151,1879,1180,social,42,29,social,OTHER
5392,5399,1883,1151,1937,1178,security,54,27,security,OTHER
5401,5405,1941,1152,1992,1177,numbe,51,25,numbe,OTHER
5421,5429,2078,1148,2150,1173,75-55-023,72,25,75-55-023,OTHER
5436,5441,151,1161,207,1191,185080,56,30,185080,OTHER
5443,5443,502,1384,502,1417,.,0,33,.,OTHER
5445,5446,219,1159,249,1190,62,30,31,62,OTHER
5490,5495,562,1163,616,1192,112410,54,29,112410,OTHER
5497,5497,570,1425,574,1456,.,4,31,.,OTHER
5499,5500,628,1164,654,1194,58,26,30,58,OTHER
5549,5556,1108,1170,1224,1203,jennifer,116,33,jennifer,OTHER
5558,5562,1262,1169,1335,1200,hurst,73,31,hurst,OTHER
5677,5683,2068,1163,2149,1192,married,81,29,married,OTHER
5688,5699,132,1208,216,1236,verification,84,28,verification,OTHER
5701,5704,220,1208,259,1234,code,39,26,code,OTHER
5727,5727,412,1206,432,1234,0,20,28,0,OTHER
5729,5737,439,1206,520,1235,dependent,81,29,dependent,OTHER
5739,5742,524,1207,556,1235,care,32,28,care,OTHER
5744,5751,559,1208,619,1235,benefits,60,27,benefits,OTHER
5803,5807,1108,1208,1181,1239,73352,73,31,73352,OTHER
5809,5812,1189,1208,1253,1239,long,64,31,long,OTHER
5814,5822,1265,1209,1400,1238,junctions,135,29,junctions,OTHER
5895,5901,1835,1201,1905,1229,federal,70,28,federal,OTHER
5903,5903,1908,1199,1926,1228,:,18,29,:,OTHER
6023,6033,1108,1248,1267,1280,douglasview,159,32,douglasview,OTHER
6035,6036,1304,1247,1338,1273,wa,34,26,wa,OTHER
6038,6042,1379,1246,1456,1277,38115,77,31,38115,OTHER
6115,6119,1834,1233,1897,1268,local,63,35,local,OTHER
6122,6122,2128,2249,2144,2284,1,16,35,1,OTHER
6124,6135,137,1265,230,1287,nonqualified,93,22,nonqualified,OTHER
6137,6141,232,1265,274,1287,plans,42,22,plans,OTHER
6163,6164,413,1261,436,1288,2a,23,27,2a,OTHER
6166,6168,439,1262,468,1289,see,29,27,see,OTHER
6170,6181,471,1263,559,1289,instructions,88,26,instructions,OTHER
6183,6185,562,1263,584,1289,for,22,26,for,OTHER
6187,6189,588,1262,616,1289,box,28,27,box,OTHER
6191,6192,620,1261,636,1288,12,16,27,12,OTHER
6199,6201,153,1279,188,1304,300,35,25,300,OTHER
6268,6271,562,1305,600,1329,5494,38,24,5494,OTHER
6274,6274,406,1715,429,1754,4,23,39,4,OTHER
6276,6280,142,1325,187,1349,other,45,24,other,OTHER
6340,6342,562,1325,600,1354,851,38,29,851,OTHER
6386,6387,411,1349,443,1381,20,32,32,20,OTHER
6410,6412,562,1353,603,1384,736,41,31,736,OTHER
6456,6456,411,1378,416,1412,a,5,34,a,OTHER
6458,6461,422,1379,442,1414,stat,20,35,stat,OTHER
6463,6466,448,1381,476,1416,amp.,28,35,amp.,OTHER
6468,6470,482,1383,496,1417,fet,14,34,fet,OTHER
6472,6472,311,1673,319,1703,.,8,30,.,OTHER
6474,6477,508,1384,551,1417,plan,43,33,plan,OTHER
6479,6481,561,1385,576,1417,ard,15,32,ard,OTHER
6483,6487,581,1384,607,1416,party,26,32,party,OTHER
6489,6492,612,1383,631,1414,sick,19,31,sick,OTHER
6494,6496,637,1381,662,1412,pay,25,31,pay,OTHER
6498,6499,100,1430,118,1447,15,18,17,15,OTHER
6501,6505,138,1430,179,1450,state,41,20,state,OTHER
6507,6509,230,1441,254,1469,714,24,28,714,OTHER
6511,6511,2072,1932,2081,1962,-,9,30,-,OTHER
6513,6518,268,1439,336,1470,39-648,68,31,39-648,OTHER
6538,6539,407,1418,438,1451,16,31,33,16,OTHER
6541,6545,445,1419,481,1453,state,36,34,state,OTHER
6547,6551,486,1421,528,1454,wades,42,33,wades,OTHER
6553,6553,533,1423,537,1455,",",4,32,",",OTHER
6555,6558,542,1423,565,1456,tips,23,33,tips,OTHER
6560,6560,951,1676,953,1703,.,2,27,.,OTHER
6562,6565,578,1425,626,1458,etc.,48,33,etc.,OTHER
6567,6568,101,1485,122,1507,17,21,22,17,OTHER
6570,6574,143,1486,179,1510,state,36,24,state,OTHER
6576,6581,182,1486,238,1511,income,56,25,income,OTHER
6583,6585,241,1484,271,1510,tax,30,26,tax,OTHER
6609,6609,406,2056,428,2089,8,22,33,8,OTHER
6611,6615,444,1482,484,1514,local,40,32,local,OTHER
6617,6622,489,1484,540,1515,wanes.,51,31,wanes.,OTHER
6624,6628,545,1485,577,1515,"tips,",32,30,"tips,",OTHER
6630,6633,581,1487,625,1514,etc.,44,27,etc.,OTHER
6636,6637,102,1543,125,1569,19,23,26,19,OTHER
6639,6640,142,1541,159,1567,lo,17,26,lo,OTHER
6646,6654,151,1545,239,1577,293income,88,32,293income,OTHER
6656,6657,242,1543,260,1573,ta,18,30,ta,OTHER
6685,6692,444,1540,501,1574,locality,57,34,locality,OTHER
6694,6697,505,1545,556,1579,name,51,34,name,OTHER
6699,6706,561,1550,641,1584,morrison,80,34,morrison,OTHER
6708,6713,645,1556,713,1587,knolls,68,31,knolls,OTHER
6821,6821,1023,1558,1034,1588,@,11,30,@,OTHER
6823,6826,1039,1557,1071,1588,2018,32,31,2018,OTHER
6828,6831,1077,1556,1111,1586,"adp,",34,30,"adp,",OTHER
6833,6835,1116,1556,1155,1586,llc,39,30,llc,OTHER
6841,6845,132,1678,177,1706,wages,45,28,wages,OTHER
6847,6847,182,1678,185,1705,",",3,27,",",OTHER
6849,6852,190,1678,214,1705,tips,24,27,tips,OTHER
6854,6854,219,1677,223,1705,",",4,28,",",OTHER
6856,6860,229,1676,266,1705,other,37,29,other,OTHER
6862,6865,271,1674,306,1704,comp,35,30,comp,OTHER
6867,6867,987,1675,992,1702,.,5,27,.,OTHER
6877,6883,435,1674,489,1706,federal,54,32,federal,OTHER
6885,6890,493,1675,548,1707,income,55,32,income,OTHER
6892,6894,552,1677,574,1707,tax,22,30,tax,OTHER
6896,6903,578,1677,641,1708,withheld,63,31,withheld,OTHER
6927,6931,902,1676,945,1705,wages,43,29,wages,OTHER
6933,6933,1082,1672,1086,1702,.,4,30,.,OTHER
6935,6938,959,1675,981,1703,tips,22,28,tips,OTHER
6940,6940,1763,1676,1768,1706,.,5,30,.,OTHER
6942,6946,997,1674,1034,1702,other,37,28,other,OTHER
6948,6951,1040,1673,1076,1702,comp,36,29,comp,OTHER
6953,6953,1800,1676,1804,1706,.,4,30,.,OTHER
6968,6974,1209,1674,1260,1708,federal,51,34,federal,OTHER
6976,6981,1265,1675,1319,1708,income,54,33,income,OTHER
6983,6985,1324,1676,1346,1707,tax,22,31,tax,OTHER
6987,6994,1352,1675,1416,1707,withheld,64,32,withheld,OTHER
7031,7035,1715,1674,1758,1706,wages,43,32,wages,OTHER
7037,7037,1893,1671,1897,1702,.,4,31,.,OTHER
7039,7042,1773,1676,1795,1706,tips,22,30,tips,OTHER
7044,7044,610,1739,617,1767,.,7,28,.,OTHER
7046,7050,1810,1674,1847,1706,other,37,32,other,OTHER
7052,7055,1852,1672,1887,1704,comp,35,32,comp,OTHER
7057,7057,1003,1737,1009,1763,.,6,26,.,OTHER
7065,7071,2022,1674,2076,1705,federal,54,31,federal,OTHER
7073,7078,2081,1675,2135,1706,income,54,31,income,OTHER
7080,7082,2140,1675,2161,1706,tax,21,31,tax,OTHER
7084,7090,2165,1676,2220,1708,withhel,55,32,withhel,OTHER
7097,7102,135,1710,181,1738,social,46,28,social,OTHER
7104,7111,184,1713,242,1739,security,58,26,security,OTHER
7113,7113,244,1715,258,1739,w,14,24,w,OTHER
7128,7128,1994,1716,2017,1749,4,23,33,4,OTHER
7130,7135,437,1715,478,1753,social,41,38,social,OTHER
7137,7144,486,1716,540,1751,security,54,35,security,OTHER
7146,7148,547,1716,569,1748,tax,22,32,tax,OTHER
7150,7157,575,1714,641,1745,withheld,66,31,withheld,OTHER
7180,7185,903,1720,947,1747,social,44,27,social,OTHER
7187,7192,945,1737,1000,1763,186080,55,26,186080,OTHER
7290,7297,951,1720,1010,1746,security,59,26,security,OTHER
7298,7298,1383,1735,1389,1768,.,6,33,.,OTHER
7300,7302,1014,1721,1042,1747,wag,28,26,wag,OTHER
7323,7328,1209,1715,1253,1756,social,44,41,social,OTHER
7330,7337,1259,1715,1314,1753,security,55,38,security,OTHER
7339,7341,1320,1714,1342,1749,tax,22,35,tax,OTHER
7343,7350,1348,1711,1411,1746,withheld,63,35,withheld,OTHER
7387,7392,1716,1720,1760,1748,social,44,28,social,OTHER
7394,7401,1764,1720,1821,1746,security,57,26,security,OTHER
7403,7406,1826,1720,1862,1744,wage,36,24,wage,OTHER
7422,7427,2022,1716,2066,1750,social,44,34,social,OTHER
7429,7436,2071,1717,2129,1750,security,58,33,security,OTHER
7438,7440,2133,1717,2155,1749,tax,22,32,tax,OTHER
7442,7449,2159,1716,2222,1748,withheld,63,32,withheld,OTHER
7456,7464,152,1735,247,1763,186080.62,95,28,186080.62,OTHER
7558,7559,1012,1737,1041,1765,62,29,28,62,OTHER
7648,7649,1758,1742,1774,1768,18,16,26,18,OTHER
7651,7654,1777,1742,1812,1769,6080,35,27,6080,OTHER
7656,7658,1815,1743,1851,1769,.52,36,26,.52,OTHER
7695,7699,562,1741,607,1772,14235,45,31,14235,OTHER
7701,7701,2195,1736,2203,1768,.,8,32,.,OTHER
7703,7704,621,1735,634,1764,17,13,29,17,OTHER
7743,7750,432,1758,499,1796,medicare,67,38,medicare,OTHER
7752,7754,506,1760,524,1796,tax,18,36,tax,OTHER
7756,7760,1335,1737,1379,1773,14235,44,36,14235,OTHER
7766,7766,1211,1811,1226,1838,.,15,27,.,OTHER
7768,7769,1393,1731,1417,1767,17,24,36,17,OTHER
7770,7771,610,1771,642,1805,91,32,34,91,OTHER
7826,7833,531,1761,602,1801,withheld,71,40,withheld,OTHER
7902,7909,1207,1757,1272,1798,medicare,65,41,medicare,OTHER
7911,7913,1280,1759,1300,1796,tax,20,37,tax,OTHER
7914,7918,2148,1737,2192,1771,14235,44,34,14235,OTHER
7924,7924,1817,2070,1822,2098,.,5,28,.,OTHER
7926,7927,2206,1736,2219,1767,17,13,31,17,OTHER
7928,7929,1383,1771,1420,1806,91,37,35,91,OTHER
8075,8083,1308,1761,1375,1801,"withheld,",67,40,"withheld,",OTHER
8125,8132,1713,1768,1780,1800,medicare,67,32,medicare,OTHER
8134,8138,1785,1771,1831,1800,wanes,46,29,wanes,OTHER
8140,8142,255,1764,282,1797,and,27,33,and,OTHER
8144,8145,1054,1766,1067,1797,ti,13,31,ti,OTHER
8159,8166,2021,1763,2084,1799,medicare,63,36,medicare,OTHER
8168,8170,2091,1763,2112,1797,tax,21,34,tax,OTHER
8172,8179,2119,1763,2198,1798,withheld,79,35,withheld,OTHER
8186,8189,153,1771,196,1804,iraq,43,33,iraq,OTHER
8191,8195,199,1767,252,1801,wages,53,34,wages,OTHER
8197,8199,1835,1770,1864,1799,and,29,29,and,OTHER
8201,8204,286,1759,329,1796,tips,43,37,tips,OTHER
8272,8275,913,1772,961,1802,ed17,48,30,ed17,OTHER
8277,8284,965,1769,1051,1802,2410-and,86,33,2410-and,OTHER
8286,8287,1867,1770,1876,1798,ti,9,28,ti,OTHER
8289,8289,99,1817,118,1848,"""",19,31,"""",OTHER
8291,8297,130,1811,181,1844,control,51,33,control,OTHER
8299,8304,186,1807,255,1839,number,69,32,number,OTHER
8306,8310,306,1811,358,1843,dept.,52,32,dept.,OTHER
8312,8316,406,1805,441,1836,corp.,35,31,corp.,OTHER
8351,8358,614,1809,677,1839,employer,63,30,employer,OTHER
8360,8362,683,1809,708,1839,use,25,30,use,OTHER
8364,8367,713,1810,754,1843,only,41,33,only,OTHER
8401,8404,1099,1815,1147,1845,dept,48,30,dept,OTHER
8406,8409,1179,1811,1206,1839,corp,27,28,corp,OTHER
8411,8411,2206,2075,2211,2102,.,5,27,.,OTHER
8445,8452,1389,1807,1452,1838,employer,63,31,employer,OTHER
8454,8456,1456,1808,1482,1838,use,26,30,use,OTHER
8458,8461,1486,1807,1529,1838,only,43,31,only,OTHER
8505,8509,1912,1813,1965,1842,dept.,53,29,dept.,OTHER
8541,8548,2201,1808,2265,1839,employer,64,31,employer,OTHER
8550,8552,2269,1810,2295,1842,use,26,32,use,OTHER
8554,8557,2299,1813,2337,1846,only,38,33,only,OTHER
8559,8560,2343,1817,2371,1851,36,28,34,36,OTHER
8648,8654,897,1813,953,1843,control,56,30,control,OTHER
8656,8661,955,1807,1019,1837,number,64,30,number,OTHER
8754,8760,1715,1813,1764,1845,control,49,32,control,OTHER
8762,8767,1768,1804,1835,1838,number,67,34,number,OTHER
8770,8779,135,1842,215,1877,employer's,80,35,employer's,OTHER
8781,8784,219,1847,256,1879,name,37,32,name,OTHER
8786,8786,260,1849,266,1879,",",6,30,",",OTHER
8788,8794,270,1849,324,1880,address,54,31,address,OTHER
8796,8796,328,1850,333,1880,",",5,30,",",OTHER
8798,8800,337,1850,365,1880,and,28,30,and,OTHER
8802,8804,369,1850,393,1879,zip,24,29,zip,OTHER
8806,8809,397,1849,441,1879,code,44,30,code,OTHER
8855,8864,902,1843,983,1876,employer's,81,33,employer's,OTHER
8866,8869,986,1848,1025,1878,name,39,30,name,OTHER
8871,8871,1029,1850,1034,1879,",",5,29,",",OTHER
8873,8879,1037,1850,1093,1880,address,56,30,address,OTHER
8881,8881,1096,1851,1103,1880,",",7,29,",",OTHER
8883,8885,1106,1851,1135,1880,and,29,29,and,OTHER
8887,8889,1138,1850,1164,1879,zip,26,29,zip,OTHER
8891,8894,1167,1849,1209,1879,code,42,30,code,OTHER
8960,8969,1716,1842,1797,1875,employer's,81,33,employer's,OTHER
8971,8975,1800,1847,1847,1877,"name,",47,30,"name,",OTHER
8977,8984,1851,1849,1915,1878,"address,",64,29,"address,",OTHER
8986,8988,1918,1850,1947,1878,and,29,28,and,OTHER
8990,8992,1950,1849,1976,1877,zip,26,28,zip,OTHER
8994,8997,1979,1848,2022,1876,code,43,28,code,OTHER
9006,9022,150,1872,383,1906,morrison-richards,233,34,morrison-richards,OTHER
9024,9026,387,1878,436,1907,and,49,29,and,OTHER
9028,9031,440,1878,501,1907,sons,61,29,sons,OTHER
9094,9110,945,1877,1174,1906,morrison-richards,229,29,morrison-richards,OTHER
9112,9114,1181,1878,1226,1906,and,45,28,and,OTHER
9116,9119,1233,1878,1291,1906,sons,58,28,sons,OTHER
9197,9213,1756,1875,1988,1906,morrison-richards,232,31,morrison-richards,OTHER
9215,9217,1995,1878,2040,1907,and,45,29,and,OTHER
9219,9222,2047,1879,2104,1908,sons,57,29,sons,OTHER
9232,9236,154,1905,225,1936,32938,71,31,32938,OTHER
9238,9243,230,1905,316,1936,nelson,86,31,nelson,OTHER
9245,9250,321,1905,408,1935,branch,87,30,branch,OTHER
9252,9256,415,1905,488,1934,suite,73,29,suite,OTHER
9258,9260,493,1905,524,1933,014,31,28,014,OTHER
9318,9322,946,1906,1016,1935,32938,70,29,32938,OTHER
9324,9329,1021,1905,1108,1936,nelson,87,31,nelson,OTHER
9331,9336,1114,1905,1198,1936,branch,84,31,branch,OTHER
9338,9342,1208,1904,1277,1935,suite,69,31,suite,OTHER
9344,9346,1287,1905,1324,1934,014,37,29,014,OTHER
9424,9428,1761,1905,1831,1936,32938,70,31,32938,OTHER
9430,9435,1835,1904,1922,1935,nelson,87,31,nelson,OTHER
9437,9442,1926,1904,2011,1935,branch,85,31,branch,OTHER
9444,9448,2021,1904,2090,1935,suite,69,31,suite,OTHER
9450,9452,2097,1905,2138,1935,014,41,30,014,OTHER
9463,9472,167,1931,305,1965,ouglasview,138,34,ouglasview,OTHER
9473,9474,332,1929,369,1960,wa,37,31,wa,OTHER
9476,9485,401,1930,539,1962,38115-8413,138,32,38115-8413,OTHER
9550,9560,950,1933,1096,1964,douglasview,146,31,douglasview,OTHER
9562,9563,1125,1931,1162,1961,wa,37,30,wa,OTHER
9565,9570,1195,1930,1268,1962,38115-,73,32,38115-,OTHER
9572,9575,1271,1930,1323,1959,8413,52,29,8413,OTHER
9653,9663,1759,1933,1908,1965,douglasview,149,32,douglasview,OTHER
9665,9666,1939,1929,1975,1961,wa,36,32,wa,OTHER
9668,9672,2007,1931,2070,1962,38115,63,31,38115,OTHER
9674,9674,479,2434,488,2463,-,9,29,-,OTHER
9676,9679,2083,1932,2142,1963,8413,59,31,8413,OTHER
9686,9695,136,1996,215,2028,employer's,79,32,employer's,OTHER
9697,9699,220,1998,251,2029,fed,31,31,fed,OTHER
9701,9702,256,1999,270,2029,id,14,30,id,OTHER
9704,9709,275,1999,329,2029,number,54,30,number,OTHER
9722,9722,406,2000,426,2032,a,20,32,a,OTHER
9724,9733,436,1998,520,2031,employee's,84,33,employee's,OTHER
9735,9737,526,1998,557,2031,ssa,31,33,ssa,OTHER
9739,9744,562,1998,615,2030,number,53,32,number,OTHER
9772,9781,904,1999,983,2028,employer's,79,29,employer's,OTHER
9783,9785,988,1999,1018,2028,fed,30,29,fed,OTHER
9787,9788,1022,2000,1038,2029,id,16,29,id,OTHER
9790,9795,1042,2000,1101,2032,number,59,32,number,OTHER
9813,9822,1208,1998,1295,2031,employee's,87,33,employee's,OTHER
9824,9826,1300,1998,1328,2031,ssa,28,33,ssa,OTHER
9828,9833,1332,1996,1392,2030,number,60,34,number,OTHER
9876,9885,1715,1997,1798,2027,employer's,83,30,employer's,OTHER
9887,9889,1802,1999,1832,2028,fed,30,29,fed,OTHER
9891,9892,1836,2000,1854,2028,id,18,28,id,OTHER
9894,9899,1858,2000,1928,2029,number,70,29,number,OTHER
9916,9916,1993,2000,2014,2031,a,21,31,a,OTHER
9918,9927,2021,1999,2108,2031,employee's,87,32,employee's,OTHER
9929,9931,2113,1998,2142,2031,ssa,29,33,ssa,OTHER
9933,9938,2147,1995,2211,2030,number,64,35,number,OTHER
9946,9955,152,2015,258,2049,58-8813783,106,34,58-8813783,OTHER
10137,10146,1758,2015,1863,2046,58-8813783,105,31,58-8813783,OTHER
10153,10158,137,2065,178,2095,social,41,30,social,OTHER
10160,10167,182,2066,240,2095,security,58,29,security,OTHER
10169,10171,243,2065,265,2093,tip,22,28,tip,OTHER
10189,10189,1179,2053,1201,2088,8,22,35,8,OTHER
10191,10199,436,2056,501,2088,allocated,65,32,allocated,OTHER
10201,10204,507,2058,551,2089,tips,44,31,tips,OTHER
10238,10243,902,2058,947,2089,social,45,31,social,OTHER
10245,10252,952,2060,1009,2091,security,57,31,security,OTHER
10254,10257,1013,2062,1039,2091,tips,26,29,tips,OTHER
10275,10275,412,2554,435,2585,8,23,31,8,OTHER
10277,10285,1210,2055,1276,2088,allocated,66,33,allocated,OTHER
10287,10290,1282,2057,1324,2087,tips,42,30,tips,OTHER
10345,10349,1733,2068,1774,2098,c1218,41,30,c1218,OTHER
10351,10352,1777,2070,1794,2098,50,17,28,50,OTHER
10354,10355,1797,2070,1814,2098,80,17,28,80,OTHER
10357,10357,1383,2118,1386,2144,.,3,26,.,OTHER
10359,10360,1825,2071,1850,2099,62,25,28,62,OTHER
10383,10391,2023,2058,2090,2088,allocated,67,30,allocated,OTHER
10393,10396,2095,2057,2134,2087,tips,39,30,tips,OTHER
10457,10462,562,2076,616,2104,112410,54,28,112410,OTHER
10464,10466,620,2075,654,2102,.58,34,27,.58,OTHER
10541,10546,1335,2076,1388,2104,112410,53,28,112410,OTHER
10548,10550,1392,2074,1424,2103,.58,32,29,.58,OTHER
10647,10652,2148,2075,2204,2103,112410,56,28,112410,OTHER
10654,10654,2087,2291,2089,2327,.,2,36,.,OTHER
10656,10657,2214,2073,2235,2102,58,21,29,58,OTHER
10662,10673,132,2116,217,2146,verification,85,30,verification,OTHER
10675,10678,222,2115,264,2146,code,42,31,code,OTHER
10700,10701,408,2117,434,2149,10,26,32,10,OTHER
10703,10711,440,2118,520,2149,dependent,80,31,dependent,OTHER
10713,10716,525,2118,555,2148,care,30,30,care,OTHER
10718,10724,561,2117,612,2146,benefit,51,29,benefit,OTHER
10748,10759,902,2117,984,2148,verification,82,31,verification,OTHER
10761,10764,988,2116,1026,2147,code,38,31,code,OTHER
10785,10786,1179,2114,1209,2148,10,30,34,10,OTHER
10788,10796,1213,2116,1293,2149,dependent,80,33,dependent,OTHER
10798,10801,1298,2118,1329,2149,care,31,31,care,OTHER
10803,10809,1334,2118,1378,2148,benefit,44,30,benefit,OTHER
10811,10811,259,2337,264,2367,.,5,30,.,OTHER
10854,10865,1715,2118,1798,2147,verification,83,29,verification,OTHER
10867,10870,1802,2119,1834,2147,code,32,28,code,OTHER
10891,10892,1992,2115,2021,2146,10,29,31,10,OTHER
10894,10902,2026,2116,2105,2148,dependent,79,32,dependent,OTHER
10904,10907,2110,2117,2140,2148,care,30,31,care,OTHER
10908,10910,2148,2131,2191,2164,116,43,33,116,OTHER
11162,11168,2145,2117,2195,2147,benefit,50,30,benefit,OTHER
11174,11185,136,2178,230,2205,nonqualified,94,27,nonqualified,OTHER
11187,11191,234,2177,282,2205,plans,48,28,plans,OTHER
11213,11214,414,2176,434,2207,za,20,31,za,OTHER
11216,11218,440,2176,464,2207,see,24,31,see,OTHER
11220,11231,470,2175,558,2206,instructions,88,31,instructions,OTHER
11233,11235,563,2175,582,2205,for,19,30,for,OTHER
11237,11239,588,2175,615,2205,box,27,30,box,OTHER
11241,11242,620,2174,639,2204,12,19,30,12,OTHER
11260,11271,904,2176,997,2206,nonqualified,93,30,nonqualified,OTHER
11273,11277,1001,2175,1049,2205,plans,48,30,plans,OTHER
11301,11302,1187,2176,1209,2207,2a,22,31,2a,OTHER
11304,11306,1213,2176,1238,2207,see,25,31,see,OTHER
11308,11319,1242,2176,1330,2207,instructions,88,31,instructions,OTHER
11321,11323,1335,2176,1355,2206,for,20,30,for,OTHER
11325,11327,1359,2175,1390,2205,box,31,30,box,OTHER
11329,11330,1394,2175,1408,2204,12,14,29,12,OTHER
11363,11374,1716,2175,1811,2206,nonqualified,95,31,nonqualified,OTHER
11376,11380,1816,2175,1868,2206,plans,52,31,plans,OTHER
11405,11406,2002,2178,2021,2208,2a,19,30,2a,OTHER
11408,11410,2026,2177,2052,2207,see,26,30,see,OTHER
11412,11423,2056,2175,2145,2207,instructions,89,32,instructions,OTHER
11425,11427,2149,2174,2170,2206,for,21,32,for,OTHER
11429,11431,2173,2174,2202,2206,box,29,32,box,OTHER
11433,11434,2205,2174,2227,2207,12,22,33,12,OTHER
11441,11444,143,2231,175,2255,othe,32,24,othe,OTHER
11522,11523,868,2234,891,2259,14,23,25,14,OTHER
11525,11529,911,2231,953,2256,other,42,25,other,OTHER
11587,11589,1334,2223,1377,2258,851,43,35,851,OTHER
11629,11632,1724,2233,1755,2253,othe,31,20,othe,OTHER
11881,11883,2148,2251,2191,2288,595,43,37,595,OTHER
11921,11923,403,2301,415,2337,"""'s",12,36,"""'s",OTHER
11925,11928,420,2301,441,2337,stag,21,36,stag,OTHER
11930,11933,446,2301,476,2337,emp.,30,36,emp.,OTHER
11935,11938,482,2300,502,2337,ret.,20,37,ret.,OTHER
11940,11943,508,2298,551,2336,plan,43,38,plan,OTHER
11945,11947,561,2296,575,2334,ard,14,38,ard,OTHER
11949,11953,582,2294,611,2332,party,29,38,party,OTHER
11955,11958,617,2291,637,2330,sick,20,39,sick,OTHER
11960,11962,643,2288,675,2327,pay,32,39,pay,OTHER
12005,12006,1176,2297,1188,2335,12,12,38,12,OTHER
12008,12011,1193,2298,1215,2336,stat,22,38,stat,OTHER
12013,12015,1220,2299,1249,2336,emp,29,37,emp,OTHER
12017,12020,1255,2298,1276,2336,ret.,21,38,ret.,OTHER
12022,12025,1282,2297,1327,2336,plan,45,39,plan,OTHER
12027,12029,1334,2295,1349,2334,ard,15,39,ard,OTHER
12031,12035,1357,2293,1384,2333,party,27,40,party,OTHER
12037,12040,1391,2290,1411,2330,sick,20,40,sick,OTHER
12042,12044,1417,2287,1443,2327,pay,26,40,pay,OTHER
12111,12112,1990,2287,2000,2324,13,10,37,13,OTHER
12114,12117,2007,2287,2029,2325,stat,22,38,stat,OTHER
12119,12121,2036,2289,2060,2326,emp,24,37,emp,OTHER
12123,12125,2068,2290,2082,2327,ret,14,37,ret,OTHER
12127,12127,380,2497,399,2527,.,19,30,.,OTHER
12129,12132,2094,2291,2138,2327,plan,44,36,plan,OTHER
12134,12136,2147,2292,2162,2327,ard,15,35,ard,OTHER
12138,12142,2169,2292,2196,2327,party,27,35,party,OTHER
12144,12147,2203,2291,2225,2326,sick,22,35,sick,OTHER
12149,12151,2232,2291,2257,2325,pay,25,34,pay,OTHER
12153,12155,98,2335,128,2362,eff,30,27,eff,OTHER
12157,12165,133,2336,215,2366,employees,82,30,employees,OTHER
12167,12170,219,2338,256,2367,name,37,29,name,OTHER
12172,12172,983,2571,991,2593,.,8,22,.,OTHER
12174,12180,268,2335,328,2367,address,60,32,address,OTHER
12182,12184,332,2334,360,2366,and,28,32,and,OTHER
12186,12188,364,2332,388,2365,zip,24,33,zip,OTHER
12190,12193,392,2327,438,2363,code,46,36,code,OTHER
12239,12241,866,2335,896,2364,eff,30,29,eff,OTHER
12243,12251,901,2336,983,2366,employees,82,30,employees,OTHER
12253,12257,987,2337,1032,2366,"name,",45,29,"name,",OTHER
12259,12265,1036,2335,1096,2366,address,60,31,address,OTHER
12267,12269,1099,2334,1129,2364,and,30,30,and,OTHER
12271,12273,1132,2333,1158,2363,zip,26,30,zip,OTHER
12275,12278,1161,2329,1208,2362,code,47,33,code,OTHER
12342,12344,1679,2336,1711,2365,elf,32,29,elf,OTHER
12346,12354,1714,2336,1795,2366,employees,81,30,employees,OTHER
12356,12360,1798,2337,1847,2366,name.,49,29,name.,OTHER
12362,12368,1851,2336,1908,2366,address,57,30,address,OTHER
12370,12372,1912,2334,1940,2365,and,28,31,and,OTHER
12374,12376,1944,2333,1970,2364,zip,26,31,zip,OTHER
12378,12381,1974,2331,2017,2362,code,43,31,code,OTHER
12390,12397,157,2379,265,2408,jennifer,108,29,jennifer,OTHER
12399,12403,296,2379,370,2408,hurst,74,29,hurst,OTHER
12477,12484,950,2381,1055,2408,jennifer,105,27,jennifer,OTHER
12486,12490,1088,2380,1160,2409,hurst,72,29,hurst,OTHER
12581,12588,1761,2382,1871,2411,jennifer,110,29,jennifer,OTHER
12590,12594,1902,2382,1976,2408,hurst,74,26,hurst,OTHER
12603,12607,155,2407,225,2437,73352,70,30,73352,OTHER
12609,12612,231,2407,292,2436,long,61,29,long,OTHER
12614,12622,299,2407,416,2436,junctions,117,29,junctions,OTHER
12692,12696,949,2407,1018,2439,73352,69,32,73352,OTHER
12698,12701,1023,2406,1084,2436,long,61,30,long,OTHER
12703,12711,1089,2405,1209,2434,junctions,120,29,junctions,OTHER
12795,12799,1761,2405,1832,2439,73352,71,34,73352,OTHER
12801,12804,1837,2405,1898,2435,long,61,30,long,OTHER
12806,12814,1903,2405,2021,2437,junctions,118,32,junctions,OTHER
12822,12825,151,2434,212,2466,west,61,32,west,OTHER
12827,12834,217,2433,330,2465,grantton,113,32,grantton,OTHER
12836,12837,361,2433,396,2463,az,35,30,az,OTHER
12839,12843,415,2433,474,2463,82379,59,30,82379,OTHER
12847,12850,493,2434,548,2463,9741,55,29,9741,OTHER
12911,12914,945,2435,1004,2463,west,59,28,west,OTHER
12916,12923,1011,2433,1119,2463,grantton,108,30,grantton,OTHER
12925,12926,1154,2432,1187,2463,az,33,31,az,OTHER
12928,12937,1207,2432,1344,2463,82379-9741,137,31,82379-9741,OTHER
13014,13017,1757,2434,1818,2464,west,61,30,west,OTHER
13019,13026,1824,2433,1934,2463,grantton,110,30,grantton,OTHER
13028,13029,1967,2432,2001,2462,az,34,30,az,OTHER
13031,13036,2021,2432,2094,2462,82379-,73,30,82379-,OTHER
13038,13041,2099,2432,2155,2462,9741,56,30,9741,OTHER
13046,13050,137,2501,184,2530,state,47,29,state,OTHER
13052,13061,230,2499,305,2532,emplovers',75,33,emplovers',OTHER
13063,13067,310,2498,340,2528,state,30,30,state,OTHER
13069,13070,344,2497,358,2527,id,14,30,id,OTHER
13072,13073,362,2497,376,2527,no,14,30,no,OTHER
13075,13075,1310,2558,1312,2588,.,2,30,.,OTHER
13077,13078,407,2497,434,2528,16,27,31,16,OTHER
13080,13084,445,2497,483,2529,state,38,32,state,OTHER
13086,13090,487,2499,539,2532,wanes,52,33,wanes,OTHER
13092,13096,543,2501,582,2535,tips.,39,34,tips.,OTHER
13098,13099,587,2504,613,2537,to,26,33,to,OTHER
13101,13102,621,2508,642,2540,56,21,32,56,OTHER
13129,13130,868,2500,891,2526,15,23,26,15,OTHER
13132,13136,907,2502,951,2534,state,44,32,state,OTHER
13149,13158,1021,2499,1098,2532,emplovers',77,33,emplovers',OTHER
13160,13164,1103,2498,1134,2529,state,31,31,state,OTHER
13166,13167,1138,2498,1150,2528,id,12,30,id,OTHER
13169,13170,1155,2497,1175,2528,no,20,31,no,OTHER
13172,13173,1179,2497,1206,2529,16,27,32,16,OTHER
13175,13179,1218,2498,1255,2530,state,37,32,state,OTHER
13181,13185,1259,2499,1311,2532,wades,52,33,wades,OTHER
13187,13190,1315,2502,1348,2535,tips,33,33,tips,OTHER
13192,13193,1352,2505,1387,2538,56,35,33,56,OTHER
13195,13196,1394,2509,1416,2540,66,22,31,66,OTHER
13233,13234,1679,2501,1707,2528,15,28,27,15,OTHER
13236,13240,1718,2501,1767,2533,state,49,32,state,OTHER
13254,13263,1834,2498,1910,2534,emplovers',76,36,emplovers',OTHER
13265,13269,1915,2497,1944,2531,state,29,34,state,OTHER
13271,13272,1949,2497,1963,2530,10,14,33,10,OTHER
13274,13275,1968,2497,1986,2530,no,18,33,no,OTHER
13277,13278,1991,2497,2023,2530,16,32,33,16,OTHER
13280,13284,2030,2497,2065,2531,state,35,34,state,OTHER
13286,13290,2070,2498,2123,2533,wanes,53,35,wanes,OTHER
13292,13295,2128,2500,2168,2535,tips,40,35,tips,OTHER
13297,13298,2173,2503,2183,2536,to,10,33,to,OTHER
13300,13300,2188,2504,2202,2537,*,14,33,*,OTHER
13302,13303,2207,2505,2225,2539,56,18,34,56,OTHER
13306,13307,102,2556,123,2580,17,21,24,17,OTHER
13309,13313,142,2558,180,2583,state,38,25,state,OTHER
13315,13320,182,2557,240,2583,income,58,26,income,OTHER
13322,13324,241,2555,271,2583,tax,30,28,tax,OTHER
13349,13353,442,2555,483,2586,local,41,31,local,OTHER
13355,13360,486,2556,539,2587,"wanes,",53,31,"wanes,",OTHER
13362,13365,542,2559,567,2588,tips,25,29,tips,OTHER
13367,13367,570,2560,577,2588,",",7,28,",",OTHER
13369,13372,581,2561,623,2589,etc.,42,28,etc.,OTHER
13431,13432,1178,2553,1210,2586,18,32,33,18,OTHER
13434,13438,1216,2554,1257,2587,local,41,33,local,OTHER
13440,13444,1261,2556,1306,2588,wades,45,32,wades,OTHER
13446,13446,2121,2555,2127,2588,.,6,33,.,OTHER
13448,13451,1317,2559,1340,2589,tips,23,30,tips,OTHER
13453,13453,1344,2560,1349,2590,",",5,30,",",OTHER
13455,13458,1353,2561,1400,2592,etc.,47,31,etc.,OTHER
13460,13460,1413,2566,1421,2593,7,8,27,7,OTHER
13540,13541,1993,2555,2020,2586,18,27,31,18,OTHER
13543,13547,2028,2554,2069,2586,local,41,32,local,OTHER
13549,13553,2074,2554,2117,2588,wanes,43,34,wanes,OTHER
13555,13555,1797,2574,1804,2598,.,7,24,.,OTHER
13557,13560,2130,2556,2154,2589,tips,24,33,tips,OTHER
13562,13562,2158,2558,2164,2590,",",6,32,",",OTHER
13564,13567,2168,2558,2192,2592,etc.,24,34,etc.,OTHER
13821,13829,2148,2570,2244,2602,137103.97,96,32,137103.97,OTHER
13926,13929,944,2571,982,2596,8059,38,25,8059,OTHER
13931,13931,200,2629,207,2655,.,7,26,.,OTHER
13933,13934,992,2572,1024,2599,26,32,27,26,OTHER
14027,14030,1757,2572,1795,2597,8059,38,25,8059,OTHER
14034,14035,1806,2574,1824,2599,26,18,25,26,OTHER
14038,14039,100,2616,126,2643,19,26,27,19,OTHER
14041,14045,151,2626,197,2655,28952,46,29,28952,OTHER
14054,14054,140,2614,155,2641,l,15,27,l,OTHER
14065,14066,210,2625,239,2655,95,29,30,95,OTHER
14089,14090,409,2615,431,2642,20,22,27,20,OTHER
14092,14099,443,2616,502,2643,locality,59,27,locality,OTHER
14101,14104,505,2617,557,2646,name,52,29,name,OTHER
14143,14148,946,2626,1001,2652,28962-,55,26,28962-,OTHER
14150,14151,1004,2627,1026,2653,95,22,26,95,OTHER
14173,14174,1179,2613,1206,2641,20,27,28,20,OTHER
14176,14183,1216,2614,1275,2644,locality,59,30,locality,OTHER
14185,14188,1278,2616,1331,2646,name,53,30,name,OTHER
14238,14239,1681,2615,1706,2644,19,25,29,19,OTHER
14241,14245,1723,2619,1762,2648,local,39,29,local,OTHER
14247,14252,1765,2622,1830,2652,income,65,30,income,OTHER
14283,14290,2029,2614,2088,2647,locality,59,33,locality,OTHER
14292,14295,2092,2620,2143,2652,name,51,32,name,OTHER
14297,14304,2147,2625,2227,2658,morrison,80,33,morrison,OTHER
14306,14311,645,2632,708,2661,knolls,63,29,knolls,OTHER
14379,14383,590,2632,642,2659,rison,52,27,rison,OTHER
14385,14390,1419,2634,1478,2660,knolls,59,26,knolls,OTHER
14453,14460,1333,2631,1415,2660,morrison,82,29,morrison,OTHER
14462,14467,2231,2632,2299,2662,knolls,68,30,knolls,OTHER
14487,14493,229,2677,316,2706,federal,87,29,federal,OTHER
14513,14518,417,2681,468,2705,filing,51,24,filing,OTHER
14535,14538,592,2678,644,2702,copy,52,24,copy,OTHER
14576,14583,1019,2677,1107,2708,id.state,88,31,id.state,OTHER
14615,14618,1367,2677,1415,2701,copy,48,24,copy,OTHER
14679,14682,1812,2675,1849,2705,city,37,30,city,OTHER
14684,14685,1853,2675,1874,2705,or,21,30,or,OTHER
14687,14691,1878,2675,1945,2712,local,67,37,local,OTHER
14697,14702,1189,2683,1238,2705,filing,49,22,filing,OTHER
14718,14721,2179,2677,2229,2701,copy,50,24,copy,OTHER
14851,14856,2002,2681,2055,2708,filing,53,27,filing,OTHER
14889,14892,325,2706,388,2734,wage,63,28,wage,OTHER
14894,14896,426,2702,468,2725,and,42,23,and,OTHER
14898,14900,505,2706,539,2728,tax,34,22,tax,OTHER
14983,14985,1196,2700,1240,2729,and,44,29,and,OTHER
14987,14989,1277,2702,1310,2727,tax,33,25,tax,OTHER
15078,15081,1921,2705,1984,2734,wage,63,29,wage,OTHER
15083,15085,2010,2702,2052,2732,and,42,30,and,OTHER
15087,15089,2090,2702,2128,2726,tax,38,24,tax,OTHER
15122,15130,319,2730,417,2756,statement,98,26,statement,OTHER
15154,15157,581,2742,668,2774,2018,87,32,2018,OTHER
15177,15179,1093,999,1121,1026,w-2,28,27,w-2,OTHER
15208,15215,1110,2730,1203,2757,tatement,93,27,tatement,OTHER
15235,15238,1359,2740,1443,2772,2018,84,32,2018,OTHER
15283,15285,106,2742,174,2771,w-2,68,29,w-2,OTHER
15310,15318,1911,2729,2011,2753,statement,100,24,statement,OTHER
15338,15341,2167,2742,2252,2774,2018,85,32,2018,OTHER
15344,15346,1686,2741,1754,2773,w-2,68,32,w-2,OTHER
15348,15351,99,2779,132,2806,copy,33,27,copy,OTHER
15353,15353,137,2780,148,2807,b,11,27,b,OTHER
15355,15356,152,2780,164,2807,to,12,27,to,OTHER
15358,15359,168,2780,185,2807,be,17,27,be,OTHER
15361,15365,190,2780,218,2807,filed,28,27,filed,OTHER
15367,15370,223,2781,250,2807,with,27,26,with,OTHER
15372,15381,255,2781,330,2807,employee's,75,26,employee's,OTHER
15383,15389,335,2781,384,2806,federal,49,25,federal,OTHER
15391,15396,390,2780,441,2806,income,51,26,income,OTHER
15398,15400,446,2780,470,2804,tax,24,24,tax,OTHER
15402,15407,474,2779,521,2804,return,47,25,return,OTHER
15409,15411,560,2778,596,2809,omb,36,31,omb,OTHER
15413,15415,600,2776,626,2806,no.,26,30,no.,OTHER
15417,15425,630,2777,701,2809,1545-0008,71,32,1545-0008,OTHER
15434,15437,867,2779,902,2807,copy,35,28,copy,OTHER
15441,15442,917,2778,929,2806,to,12,28,to,OTHER
15444,15445,934,2778,951,2806,be,17,28,be,OTHER
15447,15451,956,2778,984,2807,filed,28,29,filed,OTHER
15453,15453,989,2780,997,2808,w,8,28,w,OTHER
15458,15462,1060,2780,1097,2807,yee's,37,27,yee's,OTHER
15464,15468,1101,2780,1136,2807,state,35,27,state,OTHER
15470,15475,1139,2779,1192,2806,income,53,27,income,OTHER
15477,15479,1196,2779,1220,2805,tax,24,26,tax,OTHER
15481,15486,1224,2779,1269,2804,return,45,25,return,OTHER
15489,15491,1334,2777,1369,2808,ome,35,31,ome,OTHER
15493,15495,1373,2775,1398,2805,no.,25,30,no.,OTHER
15497,15505,1402,2775,1472,2807,1545-0008,70,32,1545-0008,OTHER
15538,15541,1680,2777,1714,2805,copy,34,28,copy,OTHER
15545,15546,1732,2778,1742,2806,to,10,28,to,OTHER
15548,15549,1748,2778,1766,2806,be,18,28,be,OTHER
15551,15555,1771,2779,1798,2807,filed,27,28,filed,OTHER
15557,15560,1803,2780,1832,2808,with,29,28,with,OTHER
15574,15575,1987,2782,2000,2804,al,13,22,al,OTHER
15577,15582,2002,2781,2056,2806,income,54,25,income,OTHER
15584,15586,2058,2781,2084,2807,tax,26,26,tax,OTHER
15588,15593,2087,2780,2139,2807,return,52,27,return,OTHER
15595,15597,2148,2779,2184,2807,omb,36,28,omb,OTHER
15599,15601,2186,2779,2214,2807,no.,28,28,no.,OTHER
15603,15611,2216,2777,2297,2807,1545-0008,81,30,1545-0008,OTHER
