start_index,end_index,x_top_left,y_top_left,x_bottom_right,y_bottom_right,transcript,box_width,box_height,combined_text,predicted_field
109,112,1035,253,1156,305,2018,121,52,2018,OTHER
133,135,1171,254,1276,306,w-2,105,52,w-2,OTHER
148,150,1287,255,1389,307,and,102,52,and,OTHER
165,172,1401,255,1690,307,earnings,289,52,earnings,OTHER
195,201,1709,253,1995,306,summary,286,53,summary,OTHER
258,260,2225,245,2311,291,adp,86,46,adp,OTHER
279,286,222,317,320,344,employee,98,27,employee,OTHER
300,308,393,313,497,346,reference,104,33,reference,OTHER
314,317,592,316,643,342,copy,51,26,copy,OTHER
362,364,964,314,1006,344,his,42,30,his,OTHER
366,369,1010,314,1070,343,blue,60,29,blue,OTHER
371,378,1077,314,1196,343,earnings,119,29,earnings,OTHER
380,386,1201,314,1328,342,summary,127,28,summary,OTHER
388,394,1333,314,1429,342,section,96,28,section,OTHER
396,397,1434,314,1458,342,is,24,28,is,OTHER
399,406,1463,314,1579,342,included,116,28,included,OTHER
408,411,1584,314,1639,342,with,55,28,with,OTHER
413,416,1644,314,1705,342,your,61,28,your,OTHER
418,420,1710,314,1767,342,w-2,57,28,w-2,OTHER
422,423,1772,314,1800,343,to,28,29,to,OTHER
425,428,1806,314,1864,343,help,58,29,help,OTHER
430,437,1875,313,1985,344,describe,110,31,describe,OTHER
439,446,1990,313,2097,344,portions,107,31,portions,OTHER
448,449,2103,313,2128,345,in,25,32,in,OTHER
451,454,2134,312,2206,346,more,72,34,more,OTHER
456,462,2216,312,2288,346,detail.,72,34,detail.,OTHER
494,497,329,351,384,376,wage,55,25,wage,OTHER
499,501,428,346,465,370,and,37,24,and,OTHER
503,505,507,345,545,371,tax,38,26,tax,OTHER
563,564,965,343,999,370,he,34,27,he,OTHER
566,572,1006,343,1107,370,reverse,101,27,reverse,OTHER
574,577,1114,343,1169,370,side,55,27,side,OTHER
579,586,1176,343,1289,370,includes,113,27,includes,OTHER
588,594,1294,343,1395,370,general,101,27,general,OTHER
596,606,1399,343,1547,370,information,148,27,information,OTHER
608,611,1554,343,1608,370,that,54,27,that,OTHER
613,615,1612,343,1660,370,you,48,27,you,OTHER
617,619,1666,343,1726,370,may,60,27,may,OTHER
621,624,1732,343,1786,370,also,54,27,also,OTHER
626,629,1794,343,1844,370,find,50,27,find,OTHER
631,638,1848,343,1946,370,helpful.,98,27,helpful.,OTHER
643,645,113,381,169,416,n-2,56,35,n-2,OTHER
670,678,324,371,405,396,statement,81,25,statement,OTHER
688,691,583,386,666,417,2018,83,31,2018,taxYear
694,697,99,432,134,458,copy,35,26,copy,OTHER
699,699,137,432,148,456,c,11,24,c,OTHER
701,703,151,431,172,455,for,21,24,for,OTHER
705,714,175,431,251,455,employee's,76,24,employee's,OTHER
716,723,253,431,322,460,records.,69,29,records.,OTHER
740,742,564,422,596,448,dmb,32,26,dmb,OTHER
744,746,600,422,625,447,no.,25,25,no.,OTHER
748,756,630,421,709,448,1545-0008,79,27,1545-0008,OTHER
801,802,1025,425,1048,455,1.,23,30,1.,OTHER
804,806,1052,425,1096,455,the,44,30,the,OTHER
808,816,1100,425,1212,455,following,112,30,following,OTHER
818,828,1216,424,1352,454,information,136,30,information,OTHER
830,837,1357,424,1447,454,reflects,90,30,reflects,OTHER
839,842,1451,424,1507,454,your,56,30,your,OTHER
844,848,1511,424,1564,455,final,53,31,final,OTHER
850,853,1569,424,1624,455,2018,55,31,2018,OTHER
855,857,1628,424,1676,455,pay,48,31,pay,OTHER
859,862,1680,424,1732,455,stub,52,31,stub,OTHER
864,867,1736,424,1792,455,plus,56,31,plus,OTHER
869,871,1796,424,1840,455,any,44,31,any,OTHER
873,883,1844,424,1990,456,adjustments,146,32,adjustments,OTHER
885,893,1994,424,2114,456,submitted,120,32,submitted,OTHER
895,896,2118,425,2148,457,by,30,32,by,OTHER
898,901,2152,425,2210,457,your,58,32,your,OTHER
903,911,2214,425,2337,458,employer.,123,33,employer.,OTHER
914,914,99,449,117,476,d,18,27,d,OTHER
916,922,129,449,184,476,control,55,27,control,OTHER
924,929,187,445,256,475,number,69,30,number,OTHER
931,935,307,449,341,489,dept.,34,40,dept.,OTHER
937,939,344,460,379,490,150,35,30,150,OTHER
965,972,614,450,679,480,emplover,65,30,emplover,OTHER
974,976,683,450,708,479,use,25,29,use,OTHER
978,981,713,452,752,484,only,39,32,only,OTHER
983,984,757,458,780,488,36,23,30,36,OTHER
986,991,98,473,164,500,237106,66,27,237106,OTHER
1033,1033,561,465,582,495,a,21,30,a,OTHER
1101,1105,1102,472,1144,499,gross,42,27,gross,OTHER
1107,1109,1148,468,1181,497,pay,33,29,pay,OTHER
1117,1124,1263,468,1333,494,148833.6,70,26,148833.6,OTHER
1131,1136,1456,474,1501,499,social,45,25,social,OTHER
1138,1145,1505,472,1568,499,security,63,27,security,OTHER
1147,1153,1637,466,1692,491,5983.94,55,25,5983.94,OTHER
1162,1169,1836,474,1899,499,dc.state,63,25,dc.state,OTHER
1171,1176,1903,473,1959,499,income,56,26,income,OTHER
1178,1180,1963,472,1987,498,tax,24,26,tax,OTHER
1183,1188,2070,465,2121,496,5171.7,51,31,5171.7,OTHER
1335,1337,1458,509,1482,537,box,24,28,box,OTHER
1339,1339,1485,509,1496,536,4,11,27,4,OTHER
1341,1342,1499,509,1513,535,of,14,26,of,OTHER
1344,1346,1516,509,1556,536,w-2,40,27,w-2,OTHER
1368,1370,1838,497,1866,517,box,28,20,box,OTHER
1372,1373,1868,498,1888,518,17,20,20,17,OTHER
1374,1379,1878,512,1935,536,income,57,24,income,OTHER
1558,1562,1835,511,1875,535,local,40,24,local,OTHER
1568,1569,1890,498,1906,518,of,16,20,of,OTHER
1571,1573,1908,499,1943,520,w-2,35,21,w-2,OTHER
1574,1575,1938,513,1953,537,ta,15,24,ta,OTHER
1579,1585,2077,508,2132,537,6931.46,55,29,6931.46,OTHER
1598,1608,208,519,333,554,"soprogress,",125,35,"soprogress,",OTHER
1616,1622,156,538,250,568,johnson,94,30,johnson,employerName
1633,1635,335,516,367,546,and,32,30,and,OTHER
1637,1639,369,513,395,543,zip,26,30,zip,OTHER
1641,1644,397,507,436,540,code,39,33,code,OTHER
1663,1665,257,536,304,565,itd,47,29,itd,employerName
1667,1669,309,534,357,563,itd,48,29,itd,employerName
1823,1825,1835,532,1865,561,box,30,29,box,OTHER
1827,1828,1869,531,1886,560,19,17,29,19,OTHER
1830,1831,1890,531,1904,560,of,14,29,of,OTHER
1833,1834,1907,533,1926,560,w-,19,27,w-,OTHER
1836,1836,1928,534,1942,561,2,14,27,2,OTHER
1844,1847,153,567,211,598,9837,58,31,9837,employerAddressStreet_name
1849,1854,217,567,303,598,ashley,86,31,ashley,employerAddressStreet_name
1856,1862,310,568,406,598,springs,96,30,springs,employerAddressStreet_name
1864,1867,411,569,474,598,apt.,63,29,apt.,employerAddressStreet_name
1869,1871,479,570,512,598,912,33,28,912,employerAddressStreet_name
1954,1957,1102,568,1132,595,fed.,30,27,fed.,OTHER
1959,1964,1136,568,1199,594,income,63,26,income,OTHER
1968,1975,1257,565,1328,591,34575.05,71,26,34575.05,OTHER
1982,1989,1453,567,1520,595,medicare,67,28,medicare,OTHER
1991,1993,1524,566,1549,593,tax,25,27,tax,OTHER
2002,2008,1669,567,1727,592,3178.87,58,25,3178.87,OTHER
2017,2028,156,593,315,625,jameschester,159,32,jameschester,employerAddressCity
2030,2031,320,594,354,625,ne,34,31,ne,employerAddressState
2033,2042,363,590,498,624,93556-9680,135,34,93556-9680,employerAddressZip
2125,2127,1101,592,1129,619,tax,28,27,tax,OTHER
2129,2136,1131,591,1199,618,withheld,68,27,withheld,OTHER
2155,2162,1454,592,1530,618,withheld,76,26,withheld,OTHER
2281,2283,1106,615,1129,642,box,23,27,box,OTHER
2285,2285,1134,617,1142,644,2,8,27,2,OTHER
2287,2288,1146,618,1160,644,of,14,26,of,OTHER
2290,2292,1164,618,1194,644,w-2,30,26,w-2,OTHER
2308,2310,1453,612,1483,642,box,30,30,box,OTHER
2312,2312,1485,616,1495,642,6,10,26,6,OTHER
2314,2315,1498,616,1513,643,of,15,27,of,OTHER
2317,2317,1516,616,1528,643,w,12,27,w,OTHER
2319,2319,1530,616,1535,643,-,5,27,-,OTHER
2321,2321,1538,614,1558,642,2,20,28,2,OTHER
2343,2345,1843,614,1865,639,box,22,25,box,OTHER
2347,2348,1869,613,1886,639,14,17,26,14,OTHER
2350,2351,1890,614,1904,642,of,14,28,of,OTHER
2353,2354,1908,616,1929,645,w-,21,29,w-,OTHER
2393,2397,406,682,476,712,batch,70,30,batch,OTHER
2420,2425,589,678,674,711,#02021,85,33,#02021,OTHER
2427,2429,99,728,128,754,eff,29,26,eff,OTHER
2431,2439,132,728,215,755,employees,83,27,employees,OTHER
2441,2445,219,728,266,755,name.,47,27,name.,OTHER
2447,2453,269,729,330,755,address,61,26,address,OTHER
2455,2457,334,728,361,755,and,27,27,and,OTHER
2459,2461,366,728,390,754,zip,24,26,zip,OTHER
2463,2466,395,728,439,754,code,44,26,code,OTHER
2576,2577,1023,753,1047,782,2.,24,29,2.,OTHER
2579,2582,1053,753,1111,782,your,58,29,your,OTHER
2584,2588,1116,753,1187,782,gross,71,29,gross,OTHER
2590,2592,1192,754,1237,782,pay,45,28,pay,OTHER
2594,2596,1243,754,1291,783,was,48,29,was,OTHER
2598,2605,1297,754,1397,783,adjusted,100,29,adjusted,OTHER
2607,2608,1403,754,1431,783,as,28,29,as,OTHER
2610,2616,1436,753,1524,783,follows,88,30,follows,OTHER
2618,2619,1529,753,1554,783,to,25,30,to,OTHER
2621,2627,1559,753,1658,783,produce,99,30,produce,OTHER
2629,2632,1663,752,1718,783,your,55,31,your,OTHER
2634,2636,1722,752,1772,783,w-2,50,31,w-2,OTHER
2638,2647,1776,751,1895,783,statement.,119,32,statement.,OTHER
2655,2660,152,783,239,815,amanda,87,32,amanda,employeeName
2662,2667,244,783,330,815,weaver,86,32,weaver,employeeName
2675,2677,154,809,198,840,972,44,31,972,OTHER
2679,2686,204,811,318,841,whitaker,114,30,whitaker,OTHER
2688,2694,324,812,420,841,station,96,29,station,OTHER
2696,2699,425,811,488,839,apt.,63,28,apt.,OTHER
2701,2703,493,809,530,836,380,37,27,380,OTHER
2817,2822,1333,817,1389,844,"wages,",56,27,"wages,",OTHER
2824,2828,1394,816,1431,844,"tips,",37,28,"tips,",OTHER
2830,2833,1435,814,1465,842,othe,30,28,othe,OTHER
2839,2844,1582,815,1626,845,social,44,30,social,OTHER
2846,2850,1632,813,1675,843,secur,43,30,secur,OTHER
2853,2858,1680,813,1730,841,medica,50,28,medica,OTHER
2873,2880,1836,812,1899,843,dc.state,63,31,dc.state,OTHER
2882,2886,1904,810,1949,840,wages,45,30,wages,OTHER
2888,2888,1954,809,1973,837,",",19,28,",",OTHER
2890,2895,1993,814,2042,843,jordan,49,29,jordan,OTHER
2897,2900,2047,813,2098,842,ways,51,29,ways,OTHER
2909,2917,156,838,277,870,smithberg,121,32,smithberg,OTHER
2919,2920,282,839,317,868,ar,35,29,ar,OTHER
2922,2931,350,838,491,867,39898-4764,141,29,39898-4764,OTHER
3082,3084,1335,857,1363,887,box,28,30,box,OTHER
3086,3086,1368,859,1374,888,1,6,29,1,OTHER
3088,3089,1379,859,1393,888,of,14,29,of,OTHER
3091,3091,1399,860,1407,888,w,8,28,w,OTHER
3093,3093,1412,860,1413,888,-,1,28,-,OTHER
3095,3095,1418,860,1436,888,2,18,28,2,OTHER
3104,3108,1582,841,1644,871,wages,62,30,wages,OTHER
3109,3113,1679,829,1742,860,waves,63,31,waves,OTHER
3138,3142,1838,840,1874,866,"tips,",36,26,"tips,",OTHER
3143,3144,1868,857,1887,886,16,19,29,16,OTHER
3145,3147,1878,841,1899,867,etc,21,26,etc,OTHER
3148,3149,1625,860,1638,892,of,13,32,of,OTHER
3151,3151,1642,860,1655,891,w,13,31,w,OTHER
3153,3153,1659,860,1662,891,-,3,31,-,OTHER
3360,3362,1836,857,1865,885,box,29,28,box,OTHER
3377,3380,2001,843,2031,873,ocal,30,30,ocal,OTHER
3382,3386,2035,841,2082,873,wages,47,32,wages,OTHER
3388,3388,2086,841,2090,867,",",4,26,",",OTHER
3559,3561,1578,860,1609,893,box,31,33,box,OTHER
3563,3563,1612,860,1622,892,3,10,32,3,OTHER
3565,3566,1725,860,1738,890,of,13,30,of,OTHER
3568,3568,1742,860,1753,890,w,11,30,w,OTHER
3570,3570,1757,860,1759,890,-,2,30,-,OTHER
3572,3572,1665,860,1675,891,2,10,31,2,OTHER
3574,3576,1678,860,1706,891,box,28,31,box,OTHER
3578,3578,1710,860,1721,890,5,11,30,5,OTHER
3580,3581,1890,859,1904,888,of,14,29,of,OTHER
3583,3583,1906,861,1920,890,w,14,29,w,OTHER
3585,3585,1923,863,1929,891,-,6,28,-,OTHER
3587,3587,1763,860,1778,890,2,15,30,2,OTHER
3612,3615,1994,871,2023,902,pipe,29,31,pipe,OTHER
3617,3618,2026,875,2043,904,18,17,29,18,OTHER
3620,3621,2048,876,2059,904,of,11,28,of,OTHER
3623,3624,2064,875,2087,903,w2,23,28,w2,OTHER
3629,3638,134,905,216,931,employer's,82,26,employer's,OTHER
3640,3642,219,905,253,931,fed,34,26,fed,OTHER
3644,3645,256,905,273,931,id,17,26,id,OTHER
3647,3652,276,904,336,931,number,60,27,number,OTHER
3666,3675,434,904,523,932,employee's,89,28,employee's,OTHER
3677,3679,525,904,557,932,ssa,32,28,ssa,OTHER
3681,3687,560,905,642,939,number_,82,34,number_,OTHER
3695,3704,151,921,258,954,38-3911514,107,33,38-3911514,einEmployerIdentificationNumber
3747,3749,560,921,587,951,132,27,30,132,OTHER
3751,3758,590,923,666,951,-42-6909,76,28,-42-6909,ssnOfEmployee
3804,3809,1071,926,1139,961,tgross,68,35,tgross,OTHER
3811,3813,1144,926,1172,952,pay,28,26,pay,OTHER
3840,3848,1372,923,1454,953,148833.56,82,30,148833.56,OTHER
3858,3861,1584,926,1626,954,16+0,42,28,16+0,OTHER
3871,3877,1693,924,1749,951,48833.6,56,27,48833.6,OTHER
3894,3901,1997,920,2057,946,148833.6,60,26,148833.6,OTHER
3916,3923,1842,923,1905,951,148833.6,63,28,148833.6,OTHER
3966,3972,433,957,489,990,federal,56,33,federal,OTHER
3974,3979,493,959,549,990,income,56,31,income,OTHER
3981,3983,552,961,576,989,tax,24,28,tax,OTHER
3985,3991,579,961,635,987,withhel,56,26,withhel,OTHER
4074,4077,1335,940,1378,969,4768,43,29,4768,OTHER
4095,4097,1579,959,1619,992,nia,40,33,nia,OTHER
4099,4106,1679,971,1749,1006,34575.05,70,35,34575.05,OTHER
4129,4132,1836,947,1880,974,4768,44,27,4768,OTHER
4151,4154,1993,950,2031,970,4/68,38,20,4/68,OTHER
4161,4166,151,977,208,1005,108274,57,28,108274,box1WagesTipsAndOtherCompensations
4168,4170,210,973,250,1005,.57,40,32,.57,box1WagesTipsAndOtherCompensations
4213,4219,563,974,629,1004,34575-0,66,30,34575-0,box2FederalIncomeTaxWithheld
4264,4267,1023,966,1057,993,less,34,27,less,OTHER
4269,4271,1062,965,1082,991,401,20,26,401,OTHER
4273,4275,1087,964,1106,990,(k),19,26,(k),OTHER
4277,4282,1111,962,1160,989,(d-box,49,27,(d-box,OTHER
4284,4285,1165,961,1184,987,2),19,26,2),OTHER
4305,4307,1335,966,1369,991,785,34,25,785,OTHER
4360,4367,1835,974,1903,1014,24575.03,68,40,24575.03,OTHER
4381,4382,1992,981,2008,1014,34,16,33,34,OTHER
4384,4389,2009,994,2058,1017,8274.5,49,23,8274.5,OTHER
4500,4507,1022,1000,1090,1026,reported,68,26,reported,OTHER
4509,4511,1094,999,1122,1026,w-2,28,27,w-2,OTHER
4513,4517,1127,994,1180,1024,wages,53,30,wages,OTHER
4540,4545,1335,993,1381,1024,108274,46,31,108274,OTHER
4547,4549,1385,997,1404,1026,.57,19,29,.57,OTHER
4560,4568,1581,992,1666,1020,108274.57,85,28,108274.57,OTHER
4570,4575,1680,993,1729,1023,108274,49,30,108274,OTHER
4577,4578,1730,996,1749,1024,.5,19,28,.5,OTHER
4585,4590,134,1025,179,1054,social,45,29,social,OTHER
4592,4599,183,1023,241,1054,security,58,31,security,OTHER
4601,4605,244,1017,297,1050,wages,53,33,wages,OTHER
4621,4626,434,1018,480,1049,social,46,31,social,OTHER
4628,4635,483,1019,543,1049,security,60,30,security,OTHER
4637,4639,546,1019,568,1049,tax,22,30,tax,OTHER
4641,4648,572,1018,639,1048,withheld,67,30,withheld,OTHER
4657,4663,145,1092,198,1122,edicare,53,30,edicare,OTHER
4665,4669,202,1089,252,1116,wages,50,27,wages,OTHER
4693,4700,433,1089,503,1115,medicare,70,26,medicare,OTHER
4702,4704,506,1089,529,1114,tax,23,25,tax,OTHER
4706,4713,533,1089,602,1115,withheld,69,26,withheld,OTHER
4759,4760,1023,1085,1046,1116,3.,23,31,3.,OTHER
4762,4769,1052,1085,1169,1116,employee,117,31,employee,OTHER
4771,4773,1175,1085,1220,1116,w-4,45,31,w-4,OTHER
4775,4782,1226,1085,1312,1116,profile.,86,31,profile.,OTHER
4784,4785,1318,1085,1349,1116,to,31,31,to,OTHER
4787,4792,1355,1085,1439,1116,change,84,31,change,OTHER
4794,4797,1445,1085,1501,1116,your,56,31,your,OTHER
4799,4806,1506,1085,1624,1117,employee,118,32,employee,OTHER
4808,4810,1628,1086,1675,1117,w-4,47,31,w-4,OTHER
4812,4818,1679,1086,1759,1117,profile,80,31,profile,OTHER
4820,4831,1763,1086,1907,1117,"information,",144,31,"information,",OTHER
4833,4836,1910,1086,1950,1117,file,40,31,file,OTHER
4838,4838,1953,1086,1970,1117,a,17,31,a,OTHER
4840,4842,1974,1086,2026,1117,new,52,31,new,OTHER
4844,4846,2029,1086,2077,1117,w-4,48,31,w-4,OTHER
4848,4851,2080,1086,2134,1117,with,54,31,with,OTHER
4853,4856,2137,1086,2194,1118,your,57,32,your,OTHER
4858,4864,2196,1086,2286,1118,payroll,90,32,payroll,OTHER
4866,4870,2288,1086,2360,1118,dept.,72,32,dept.,OTHER
4878,4883,150,1111,206,1136,109616,56,25,109616,OTHER
4887,4889,208,1109,247,1135,.14,39,26,.14,OTHER
4891,4893,256,1088,284,1112,and,28,24,and,OTHER
4895,4898,288,1088,326,1111,tips,38,23,tips,OTHER
4929,4932,562,1104,598,1132,3178,36,28,3178,OTHER
4934,4934,602,1106,605,1132,.,3,26,.,OTHER
4936,4936,609,1106,615,1133,8,6,27,8,OTHER
4938,4938,619,1107,622,1133,',3,26,',OTHER
4979,4979,405,1146,424,1175,8,19,29,8,OTHER
4981,4989,436,1145,504,1176,allocated,68,31,allocated,OTHER
4991,4994,506,1146,548,1182,tips,42,36,tips,OTHER
5144,5149,1838,1151,1878,1180,social,40,29,social,OTHER
5151,5158,1883,1151,1936,1178,security,53,27,security,OTHER
5160,5162,1940,1152,1971,1177,num,31,25,num,OTHER
5164,5165,1974,1154,1990,1177,be,16,23,be,OTHER
5173,5177,152,1161,197,1190,78221,45,29,78221,OTHER
5179,5179,200,1164,206,1189,.,6,25,.,OTHER
5181,5182,209,1160,238,1189,48,29,29,48,OTHER
5224,5229,562,1165,616,1193,109616,54,28,109616,OTHER
5231,5231,620,1165,625,1192,.,5,27,.,OTHER
5233,5234,629,1164,650,1192,14,21,28,14,OTHER
5285,5290,1103,1170,1196,1202,amanda,93,32,amanda,OTHER
5292,5297,1203,1170,1296,1199,weaver,93,29,weaver,OTHER
5406,5412,2073,1161,2142,1194,married,69,33,married,OTHER
5417,5428,131,1208,217,1236,verification,86,28,verification,OTHER
5430,5433,220,1207,260,1233,code,40,26,code,OTHER
5454,5454,412,1206,432,1233,0,20,27,0,OTHER
5456,5464,439,1206,520,1234,dependent,81,28,dependent,OTHER
5466,5469,523,1207,556,1234,care,33,27,care,OTHER
5471,5478,559,1207,617,1234,benefits,58,27,benefits,OTHER
5532,5534,1104,1208,1153,1240,972,49,32,972,OTHER
5536,5543,1158,1209,1284,1239,whitaker,126,30,whitaker,OTHER
5545,5551,1292,1209,1398,1238,station,106,29,station,OTHER
5553,5556,1406,1210,1475,1239,apt.,69,29,apt.,OTHER
5558,5560,1482,1210,1527,1239,380,45,29,380,OTHER
5617,5623,1834,1201,1906,1229,federal,72,28,federal,OTHER
5625,5625,1908,1199,1927,1228,:,19,29,:,OTHER
5745,5756,1106,1249,1283,1278,jameschester,177,29,jameschester,OTHER
5758,5759,1290,1249,1324,1275,ne,34,26,ne,OTHER
5761,5768,1335,1248,1456,1275,93556-96,121,27,93556-96,OTHER
5830,5834,1833,1233,1897,1267,local,64,34,local,OTHER
5837,5837,107,1265,123,1288,1,16,23,1,OTHER
5839,5850,137,1266,231,1289,nonqualified,94,23,nonqualified,OTHER
5852,5856,233,1264,274,1288,plans,41,24,plans,OTHER
5875,5876,414,1263,435,1289,2a,21,26,2a,OTHER
5878,5880,439,1264,467,1290,see,28,26,see,OTHER
5882,5893,471,1263,559,1290,instructions,88,27,instructions,OTHER
5895,5897,563,1263,584,1290,for,21,27,for,OTHER
5899,5901,588,1262,618,1289,box,30,27,box,OTHER
5903,5904,621,1261,638,1288,12,17,27,12,OTHER
5907,5907,108,1326,122,1349,4,14,23,4,OTHER
5909,5913,142,1325,187,1348,other,45,23,other,OTHER
5947,5948,413,1349,442,1380,20,29,31,20,OTHER
5969,5971,562,1342,599,1369,808,37,27,808,OTHER
6005,6005,411,1378,415,1411,a,4,33,a,OTHER
6007,6010,422,1379,441,1413,stat,19,34,stat,OTHER
6012,6015,447,1381,477,1415,emp.,30,34,emp.,OTHER
6017,6019,483,1383,503,1416,fet,20,33,fet,OTHER
6021,6024,508,1384,549,1416,plan,41,32,plan,OTHER
6026,6028,561,1383,577,1415,ard,16,32,ard,OTHER
6030,6034,582,1381,609,1414,party,27,33,party,OTHER
6036,6039,614,1379,634,1411,sick,20,32,sick,OTHER
6041,6043,639,1376,660,1408,pay,21,32,pay,OTHER
6047,6051,139,1430,184,1454,state,45,24,state,OTHER
6053,6062,227,1425,305,1461,emblovers',78,36,emblovers',OTHER
6064,6068,309,1423,340,1455,state,31,32,state,OTHER
6070,6071,343,1422,359,1453,id,16,31,id,OTHER
6073,6074,363,1422,377,1453,no,14,31,no,OTHER
6076,6076,380,1421,402,1452,.,22,31,.,OTHER
6078,6079,405,1421,435,1453,16,30,32,16,OTHER
6081,6085,446,1422,483,1455,state,37,33,state,OTHER
6087,6091,487,1423,529,1458,wanes,42,35,wanes,OTHER
6093,6093,533,1426,539,1459,.,6,33,.,OTHER
6095,6098,543,1427,578,1462,tip$,35,35,tip$,box16StateWagesTips
6100,6101,581,1430,614,1467,56,33,37,56,box16StateWagesTips
6103,6104,620,1434,639,1470,99,19,36,99,box16StateWagesTips
6107,6108,99,1484,124,1510,17,25,26,17,OTHER
6110,6114,143,1484,179,1511,state,36,27,state,OTHER
6116,6121,183,1484,237,1511,income,54,27,income,OTHER
6123,6125,241,1484,266,1510,tax,25,26,tax,OTHER
6159,6164,562,1496,616,1527,131005,54,31,131005,OTHER
6166,6166,619,1499,625,1527,.,6,28,.,OTHER
6168,6169,628,1499,647,1527,63,19,28,63,OTHER
6176,6179,152,1501,186,1535,5171,34,34,5171,OTHER
6181,6183,189,1494,228,1533,.77,39,39,.77,OTHER
6189,6193,139,1545,179,1578,local,40,33,local,OTHER
6195,6200,183,1544,238,1578,income,55,34,income,OTHER
6202,6204,242,1541,261,1574,tax,19,33,tax,OTHER
6226,6233,444,1541,501,1572,locality,57,31,locality,OTHER
6235,6238,506,1544,555,1577,name,49,33,name,OTHER
6240,6245,564,1549,622,1585,jordan,58,36,jordan,OTHER
6247,6249,627,1556,658,1590,way,31,34,way,OTHER
6359,6359,1023,1558,1034,1588,@,11,30,@,OTHER
6361,6364,1039,1557,1071,1588,2018,32,31,2018,OTHER
6366,6369,1076,1557,1111,1586,"adp,",35,29,"adp,",OTHER
6371,6373,1116,1556,1157,1586,llc,41,30,llc,OTHER
6381,6386,133,1680,186,1707,"wages,",53,27,"wages,",OTHER
6388,6391,190,1679,214,1707,tips,24,28,tips,OTHER
6393,6393,218,1679,224,1706,",",6,27,",",OTHER
6395,6399,228,1676,268,1706,other,40,30,other,OTHER
6401,6404,271,1673,308,1703,comp,37,30,comp,OTHER
6406,6406,311,1671,323,1700,.,12,29,.,OTHER
6415,6421,433,1673,488,1705,federal,55,32,federal,OTHER
6423,6428,493,1674,547,1706,income,54,32,income,OTHER
6430,6432,552,1676,574,1707,tax,22,31,tax,OTHER
6434,6437,579,1677,605,1708,with,26,31,with,OTHER
6439,6441,609,1678,632,1708,hel,23,30,hel,OTHER
6462,6462,863,1675,890,1707,1,27,32,1,OTHER
6464,6468,901,1676,945,1707,wages,44,31,wages,OTHER
6470,6470,950,1677,953,1705,.,3,28,.,OTHER
6472,6475,959,1677,981,1705,tips,22,28,tips,OTHER
6477,6477,987,1676,991,1705,.,4,29,.,OTHER
6479,6483,997,1675,1034,1704,other,37,29,other,OTHER
6485,6488,1040,1673,1074,1703,comp,34,30,comp,OTHER
6490,6490,1080,1672,1085,1702,.,5,30,.,OTHER
6501,6501,1180,1674,1203,1707,2,23,33,2,OTHER
6503,6509,1209,1675,1261,1707,federal,52,32,federal,OTHER
6511,6516,1267,1676,1320,1707,income,53,31,income,OTHER
6518,6520,1326,1676,1346,1707,tax,20,31,tax,OTHER
6522,6529,1352,1674,1411,1706,withheld,59,32,withheld,OTHER
6563,6567,1714,1677,1758,1708,wages,44,31,wages,OTHER
6569,6569,1764,1678,1768,1708,.,4,30,.,OTHER
6571,6574,1773,1677,1796,1708,tips,23,31,tips,OTHER
6576,6576,1801,1677,1805,1708,",",4,31,",",OTHER
6578,6582,1810,1675,1848,1708,other,38,33,other,OTHER
6584,6587,1853,1672,1889,1706,comp,36,34,comp,OTHER
6589,6589,1894,1670,1902,1703,.,8,33,.,OTHER
6600,6606,2021,1674,2075,1705,federal,54,31,federal,OTHER
6608,6613,2080,1674,2135,1706,income,55,32,income,OTHER
6615,6617,2140,1675,2161,1707,tax,21,32,tax,OTHER
6619,6625,2165,1676,2220,1709,withhel,55,33,withhel,OTHER
6632,6637,134,1723,180,1748,social,46,25,social,OTHER
6639,6646,183,1722,243,1748,security,60,26,security,OTHER
6648,6652,246,1721,293,1747,wages,47,26,wages,OTHER
6664,6664,406,1715,430,1754,4,24,39,4,OTHER
6666,6671,437,1715,479,1754,social,42,39,social,OTHER
6673,6680,485,1715,541,1752,security,56,37,security,OTHER
6682,6684,546,1715,569,1749,tax,23,34,tax,OTHER
6686,6689,574,1715,600,1747,with,26,32,with,OTHER
6691,6694,605,1715,633,1744,held,28,29,held,OTHER
6715,6720,902,1720,947,1749,social,45,29,social,OTHER
6722,6729,952,1719,1009,1747,security,57,28,security,OTHER
6731,6734,1013,1719,1050,1745,wage,37,26,wage,OTHER
6753,6758,1210,1716,1252,1754,social,42,38,social,OTHER
6760,6767,1257,1716,1314,1752,security,57,36,security,OTHER
6769,6771,1320,1716,1342,1748,tax,22,32,tax,OTHER
6773,6780,1347,1712,1412,1746,withheld,65,34,withheld,OTHER
6816,6821,1715,1721,1758,1749,social,43,28,social,OTHER
6823,6830,1763,1721,1822,1746,security,59,25,security,OTHER
6832,6834,1826,1721,1859,1744,wag,33,23,wag,OTHER
6850,6855,2022,1716,2066,1750,social,44,34,social,OTHER
6857,6864,2071,1717,2129,1750,security,58,33,security,OTHER
6866,6868,2134,1717,2157,1749,tax,23,32,tax,OTHER
6870,6877,2162,1714,2221,1747,withheld,59,33,withheld,OTHER
6885,6890,152,1744,206,1771,78221-,54,27,78221-,OTHER
6892,6893,209,1742,236,1770,48,27,28,48,OTHER
6935,6938,562,1735,598,1768,5983,36,33,5983,OTHER
6940,6940,600,1735,607,1767,.,7,32,.,OTHER
6942,6943,2196,1732,2222,1766,94,26,34,94,OTHER
6944,6945,609,1772,641,1807,87,32,35,87,OTHER
6985,6992,433,1758,498,1797,medicare,65,39,medicare,OTHER
6994,6996,505,1759,526,1796,tax,21,37,tax,OTHER
6998,7006,533,1761,601,1801,withheldg,68,40,withheldg,OTHER
7040,7045,946,1747,999,1774,78221.,53,27,78221.,OTHER
7047,7048,1002,1747,1028,1772,48,26,25,48,OTHER
7089,7092,1334,1733,1371,1770,5983,37,37,5983,OTHER
7094,7094,1374,1734,1380,1767,.,6,33,.,OTHER
7096,7097,608,1735,630,1766,94,22,31,94,OTHER
7138,7143,1759,1746,1811,1775,78221-,52,29,78221-,OTHER
7145,7146,1815,1746,1843,1772,48,28,26,48,OTHER
7187,7190,2147,1733,2183,1770,5983,36,37,5983,OTHER
7192,7192,2185,1733,2194,1767,.,9,34,.,OTHER
7194,7195,1383,1735,1400,1767,94,17,32,94,OTHER
7289,7296,915,1772,966,1801,"edicare,",51,29,"edicare,",OTHER
7298,7302,970,1769,1019,1800,wages,49,31,wages,OTHER
7304,7306,257,1763,284,1797,and,27,34,and,OTHER
7308,7311,288,1758,329,1795,tips,41,37,tips,OTHER
7321,7321,1179,1758,1200,1797,6,21,39,6,OTHER
7323,7330,1207,1758,1271,1796,medicare,64,38,medicare,OTHER
7332,7334,1278,1760,1299,1796,tax,21,36,tax,OTHER
7336,7343,1306,1762,1386,1798,withheld,80,36,withheld,OTHER
7387,7394,1723,1772,1781,1801,medicare,58,29,medicare,OTHER
7396,7400,1785,1769,1834,1801,wages,49,32,wages,OTHER
7402,7404,1023,1767,1051,1798,and,28,31,and,OTHER
7406,7409,1055,1763,1087,1796,tips,32,33,tips,OTHER
7423,7430,2019,1761,2086,1798,medicare,67,37,medicare,OTHER
7432,7434,2093,1761,2114,1796,tax,21,35,tax,OTHER
7436,7443,2121,1762,2189,1801,withheld,68,39,withheld,OTHER
7446,7447,2196,1769,2219,1803,87,23,34,87,OTHER
7455,7459,152,1771,197,1804,1oggi,45,33,1oggi,OTHER
7461,7465,201,1766,253,1801,sales,52,35,sales,OTHER
7467,7469,1838,1766,1865,1798,and,27,32,and,OTHER
7471,7474,1869,1760,1907,1796,tips,38,36,tips,OTHER
7477,7483,129,1813,184,1843,control,55,30,control,OTHER
7485,7490,187,1810,245,1838,number,58,28,number,OTHER
7492,7496,307,1811,358,1845,dept.,51,34,dept.,OTHER
7498,7501,405,1808,433,1839,corp,28,31,corp,OTHER
7503,7503,436,1806,445,1836,.,9,30,.,OTHER
7540,7547,614,1809,678,1840,employer,64,31,employer,OTHER
7549,7551,684,1809,708,1840,use,24,31,use,OTHER
7553,7557,713,1810,774,1846,onlya,61,36,onlya,OTHER
7563,7569,899,1811,951,1843,control,52,32,control,OTHER
7571,7576,955,1806,1023,1835,number,68,29,number,OTHER
7592,7596,1101,1815,1151,1845,dept.,50,30,dept.,OTHER
7598,7601,1179,1813,1207,1844,corp,28,31,corp,OTHER
7603,7603,1211,1811,1225,1840,.,14,29,.,OTHER
7625,7632,1389,1808,1453,1838,employer,64,30,employer,OTHER
7634,7636,1457,1808,1480,1838,use,23,30,use,OTHER
7638,7641,1484,1807,1528,1837,only,44,30,only,OTHER
7690,7694,1913,1814,1963,1841,dept.,50,27,dept.,OTHER
7723,7730,2201,1808,2266,1839,employer,65,31,employer,OTHER
7732,7734,2270,1810,2294,1841,use,24,31,use,OTHER
7736,7739,2298,1813,2339,1846,only,41,33,only,OTHER
7741,7742,2342,1818,2370,1851,36,28,33,36,OTHER
7929,7938,1691,1812,1766,1847,"27,control",75,35,"27,control",OTHER
7940,7945,1771,1806,1835,1837,number,64,31,number,OTHER
7948,7958,102,1841,217,1876,"""employer's",115,35,"""employer's",OTHER
7960,7964,219,1847,266,1878,"name,",47,31,"name,",OTHER
7966,7972,269,1848,325,1879,address,56,31,address,OTHER
7974,7974,328,1848,336,1879,",",8,31,",",OTHER
7976,7978,339,1848,366,1879,and,27,31,and,OTHER
7980,7982,369,1847,395,1878,zip,26,31,zip,OTHER
7984,7987,397,1845,439,1877,code,42,32,code,OTHER
8032,8041,903,1843,983,1878,employer's,80,35,employer's,OTHER
8043,8046,988,1847,1025,1879,name,37,32,name,OTHER
8048,8048,1030,1848,1033,1879,",",3,31,",",OTHER
8050,8056,1037,1848,1092,1879,address,55,31,address,OTHER
8058,8058,1096,1848,1102,1878,",",6,30,",",OTHER
8060,8062,1105,1847,1134,1878,and,29,31,and,OTHER
8064,8066,1137,1846,1163,1877,zip,26,31,zip,OTHER
8068,8071,1166,1844,1216,1875,code,50,31,code,OTHER
8131,8141,1680,1840,1798,1876,"""employer's",118,36,"""employer's",OTHER
8143,8146,1801,1847,1839,1877,name,38,30,name,OTHER
8148,8148,1842,1849,1848,1877,",",6,28,",",OTHER
8150,8156,1850,1849,1907,1878,address,57,29,address,OTHER
8158,8158,1909,1850,1916,1877,",",7,27,",",OTHER
8160,8162,1918,1849,1948,1877,and,30,28,and,OTHER
8164,8166,1950,1849,1977,1876,zip,27,27,zip,OTHER
8168,8171,1978,1848,2012,1875,code,34,27,code,OTHER
8193,8195,258,1877,303,1905,itd,45,28,itd,OTHER
8197,8199,309,1876,356,1902,itd,47,26,itd,OTHER
8268,8274,948,1875,1044,1907,johnson,96,32,johnson,OTHER
8276,8278,1051,1875,1097,1906,itd,46,31,itd,OTHER
8280,8282,1103,1875,1151,1906,itd,48,31,itd,OTHER
8366,8372,1761,1877,1856,1906,johnson,95,29,johnson,OTHER
8374,8376,1864,1876,1910,1905,itd,46,29,itd,OTHER
8378,8380,1915,1876,1963,1904,itd,48,28,itd,OTHER
8389,8392,154,1906,212,1939,9837,58,33,9837,OTHER
8394,8399,217,1906,305,1939,ashley,88,33,ashley,OTHER
8401,8407,310,1906,406,1939,springs,96,33,springs,OTHER
8409,8412,411,1907,474,1937,apt.,63,30,apt.,OTHER
8414,8416,479,1908,514,1935,912,35,27,912,OTHER
8477,8480,946,1907,1006,1938,9837,60,31,9837,OTHER
8482,8487,1010,1906,1097,1939,ashley,87,33,ashley,OTHER
8489,8495,1103,1906,1201,1939,springs,98,33,springs,OTHER
8497,8500,1205,1906,1268,1937,apt.,63,31,apt.,OTHER
8502,8504,1274,1906,1308,1934,912,34,28,912,OTHER
8576,8579,1760,1905,1819,1936,9837,59,31,9837,OTHER
8581,8586,1824,1905,1909,1937,ashley,85,32,ashley,OTHER
8588,8594,1916,1906,2013,1937,springs,97,31,springs,OTHER
8596,8599,2018,1906,2081,1935,apt.,63,29,apt.,OTHER
8601,8603,2085,1907,2121,1933,912,36,26,912,OTHER
8613,8624,155,1933,315,1966,jameschester,160,33,jameschester,OTHER
8626,8627,320,1935,357,1966,ne,37,31,ne,OTHER
8629,8638,361,1930,502,1965,93556-9680,141,35,93556-9680,OTHER
8701,8712,947,1935,1110,1965,jameschester,163,30,jameschester,OTHER
8714,8715,1114,1934,1149,1965,ne,35,31,ne,OTHER
8717,8726,1156,1932,1292,1965,93556-9680,136,33,93556-9680,OTHER
8799,8810,1761,1934,1922,1965,jameschester,161,31,jameschester,OTHER
8812,8813,1926,1934,1963,1965,ne,37,31,ne,OTHER
8815,8824,1969,1933,2103,1964,93556-9680,134,31,93556-9680,OTHER
8831,8840,136,1996,215,2028,employer's,79,32,employer's,OTHER
8842,8844,220,1999,251,2029,fed,31,30,fed,OTHER
8846,8847,256,1999,269,2029,id,13,30,id,OTHER
8849,8854,274,1999,326,2030,number,52,31,number,OTHER
8864,8864,406,2000,427,2033,a,21,33,a,OTHER
8866,8875,435,1997,519,2032,employee's,84,35,employee's,OTHER
8877,8879,524,1997,555,2031,ssa,31,34,ssa,OTHER
8881,8886,560,1997,614,2031,number,54,34,number,OTHER
8916,8925,903,2000,983,2028,employer's,80,28,employer's,OTHER
8927,8929,987,2000,1020,2028,fed,33,28,fed,OTHER
8931,8932,1024,2000,1041,2029,id,17,29,id,OTHER
8934,8939,1044,2001,1107,2032,number,63,31,number,OTHER
8954,8954,1179,1998,1203,2033,a,24,35,a,OTHER
8956,8965,1209,1997,1294,2033,employee's,85,36,employee's,OTHER
8967,8969,1299,1997,1326,2030,ssa,27,33,ssa,OTHER
8971,8976,1331,1997,1392,2030,number,61,33,number,OTHER
9013,9022,1715,1995,1798,2027,employer's,83,32,employer's,OTHER
9024,9026,1802,1999,1832,2028,fed,30,29,fed,OTHER
9028,9029,1836,2000,1852,2028,id,16,28,id,OTHER
9031,9036,1856,2001,1926,2030,number,70,29,number,OTHER
9050,9050,1991,1999,2013,2032,a,22,33,a,OTHER
9052,9061,2021,1998,2106,2032,employee's,85,34,employee's,OTHER
9063,9065,2112,1998,2141,2031,ssa,29,33,ssa,OTHER
9067,9072,2146,1997,2206,2031,number,60,34,number,OTHER
9080,9089,151,2015,258,2049,38-3911514,107,34,38-3911514,OTHER
9264,9273,1758,2017,1862,2046,38-3911514,104,29,38-3911514,OTHER
9280,9282,150,2068,178,2097,982,28,29,982,OTHER
9284,9285,180,2069,197,2098,24,17,29,24,OTHER
9287,9292,199,2065,241,2097,curity,42,32,curity,OTHER
9294,9297,244,2061,271,2093,tips,27,32,tips,OTHER
9314,9314,406,2056,428,2089,8,22,33,8,OTHER
9316,9324,436,2056,501,2088,allocated,65,32,allocated,OTHER
9326,9329,507,2058,550,2089,tips,43,31,tips,OTHER
9368,9370,925,2065,946,2096,ial,21,31,ial,OTHER
9372,9379,949,2065,1008,2095,security,59,30,security,OTHER
9381,9383,1011,2065,1026,2095,tin,15,30,tin,OTHER
9404,9404,1178,2053,1201,2088,8,23,35,8,OTHER
9406,9414,1210,2054,1276,2088,allocated,66,34,allocated,OTHER
9416,9419,1282,2057,1324,2087,tips,42,30,tips,OTHER
9466,9467,1746,2065,1760,2092,al,14,27,al,OTHER
9469,9476,1762,2067,1821,2094,security,59,27,security,OTHER
9478,9481,1822,2068,1849,2094,dips,27,26,dips,OTHER
9502,9510,2024,2057,2089,2088,allocated,65,31,allocated,OTHER
9512,9515,2094,2057,2134,2087,tips,40,30,tips,OTHER
9573,9581,562,2071,652,2104,109516.14,90,33,109516.14,OTHER
9664,9672,1335,2071,1430,2106,109616.14,95,35,109616.14,OTHER
9759,9764,2147,2077,2205,2102,109616,58,25,109616,OTHER
9766,9766,2207,2076,2212,2101,.,5,25,.,OTHER
9768,9769,2215,2072,2236,2100,14,21,28,14,OTHER
9774,9785,132,2116,217,2146,verification,85,30,verification,OTHER
9787,9790,222,2115,264,2145,code,42,30,code,OTHER
9810,9811,408,2117,432,2149,10,24,32,10,OTHER
9813,9821,438,2118,518,2149,dependent,80,31,dependent,OTHER
9823,9826,524,2118,554,2148,care,30,30,care,OTHER
9828,9834,559,2116,611,2146,benefit,52,30,benefit,OTHER
9860,9871,902,2117,985,2148,verification,83,31,verification,OTHER
9873,9876,990,2117,1027,2147,code,37,30,code,OTHER
9899,9900,1179,2114,1208,2148,10,29,34,10,OTHER
9902,9910,1212,2116,1294,2149,dependent,82,33,dependent,OTHER
9912,9915,1299,2118,1330,2149,care,31,31,care,OTHER
9917,9924,1334,2117,1391,2147,benefits,57,30,benefits,OTHER
9959,9970,1715,2118,1798,2149,verification,83,31,verification,OTHER
9972,9975,1802,2118,1844,2146,code,42,28,code,OTHER
9996,9997,1992,2115,2020,2146,10,28,31,10,OTHER
9999,10007,2025,2116,2105,2148,dependent,80,32,dependent,OTHER
10009,10012,2110,2117,2141,2148,care,31,31,care,OTHER
10014,10020,2145,2116,2198,2147,benefit,53,31,benefit,OTHER
10168,10170,1334,2140,1374,2167,183,40,27,183,OTHER
10174,10174,108,2176,125,2203,1,17,27,1,OTHER
10176,10187,136,2178,229,2205,nonqualified,93,27,nonqualified,OTHER
10189,10193,233,2177,281,2205,plans,48,28,plans,OTHER
10212,10213,415,2176,435,2206,2a,20,30,2a,OTHER
10215,10217,440,2176,464,2206,see,24,30,see,OTHER
10219,10230,470,2176,556,2206,instructions,86,30,instructions,OTHER
10232,10234,561,2175,581,2205,for,20,30,for,OTHER
10236,10238,586,2175,615,2205,box,29,30,box,OTHER
10240,10241,620,2174,637,2204,12,17,30,12,OTHER
10262,10273,905,2175,997,2205,nonqualified,92,30,nonqualified,OTHER
10275,10279,1002,2175,1049,2205,plans,47,30,plans,OTHER
10302,10303,1186,2176,1208,2207,2a,22,31,2a,OTHER
10305,10307,1213,2176,1238,2207,see,25,31,see,OTHER
10309,10320,1243,2176,1330,2207,instructions,87,31,instructions,OTHER
10322,10324,1334,2176,1354,2206,for,20,30,for,OTHER
10326,10328,1359,2175,1388,2205,box,29,30,box,OTHER
10330,10331,1393,2175,1406,2204,12,13,29,12,OTHER
10357,10357,1689,2175,1708,2203,1,19,28,1,OTHER
10359,10370,1718,2175,1810,2205,nonqualified,92,30,nonqualified,OTHER
10372,10376,1815,2176,1867,2205,plans,52,29,plans,OTHER
10401,10402,2002,2178,2021,2208,2a,19,30,2a,OTHER
10404,10406,2026,2177,2052,2207,see,26,30,see,OTHER
10408,10419,2056,2175,2145,2207,instructions,89,32,instructions,OTHER
10421,10423,2149,2174,2168,2207,for,19,33,for,OTHER
10425,10427,2172,2174,2203,2207,box,31,33,box,OTHER
10429,10430,2206,2174,2227,2207,12,21,33,12,OTHER
10436,10438,142,2230,170,2251,oth,28,21,oth,OTHER
10517,10518,868,2233,891,2259,14,23,26,14,OTHER
10520,10523,910,2232,942,2256,othe,32,24,othe,OTHER
10580,10583,1317,2221,1378,2258,1785,61,37,1785,OTHER
10616,10616,1687,2233,1703,2256,4,16,23,4,OTHER
10618,10622,1728,2229,1764,2261,other,36,32,other,OTHER
10658,10660,406,2241,444,2273,726,38,32,726,OTHER
10866,10866,2130,2243,2140,2281,1,10,38,1,OTHER
10868,10870,2148,2243,2193,2281,808,45,38,808,OTHER
10905,10906,405,2283,418,2316,13,13,33,13,OTHER
10908,10912,422,2284,457,2319,slate,35,35,slate,OTHER
10991,10992,1177,2298,1189,2336,13,12,38,13,OTHER
10994,10997,1195,2298,1216,2337,stat,21,39,stat,OTHER
10999,11001,1223,2299,1249,2337,emp,26,38,emp,OTHER
11003,11006,481,2299,504,2335,ret.,23,36,ret.,OTHER
11008,11011,510,2296,552,2333,plan,42,37,plan,OTHER
11013,11015,560,2294,578,2331,ard,18,37,ard,OTHER
11017,11021,585,2292,612,2330,party,27,38,party,OTHER
11023,11026,617,2290,640,2328,sick,23,38,sick,OTHER
11028,11030,646,2287,676,2327,pay,30,40,pay,OTHER
11092,11093,1990,2287,2000,2324,13,10,37,13,OTHER
11095,11098,2007,2289,2029,2327,stat,22,38,stat,OTHER
11100,11102,2036,2292,2060,2329,emp,24,37,emp,OTHER
11104,11106,2067,2294,2082,2330,ret,15,36,ret,OTHER
11108,11108,2089,2295,2089,2330,.,0,35,.,OTHER
11110,11113,1283,2296,1326,2336,plan,43,40,plan,OTHER
11115,11117,1333,2295,1349,2334,ard,16,39,ard,OTHER
11119,11124,2171,2294,2198,2329,partly,27,35,partly,OTHER
11126,11129,1391,2290,1412,2330,sick,21,40,sick,OTHER
11131,11133,1418,2287,1444,2327,pay,26,40,pay,OTHER
11173,11177,437,2301,475,2337,temp.,38,36,temp.,OTHER
11179,11182,1255,2298,1276,2337,ret.,21,39,ret.,OTHER
11184,11187,2096,2295,2140,2330,plan,44,35,plan,OTHER
11189,11191,2147,2295,2164,2330,ard,17,35,ard,OTHER
11193,11197,1356,2293,1384,2333,party,28,40,party,OTHER
11199,11202,2204,2292,2227,2327,sick,23,35,sick,OTHER
11204,11206,2233,2289,2258,2324,pay,25,35,pay,OTHER
11208,11210,98,2335,128,2362,eff,30,27,eff,OTHER
11212,11220,133,2336,215,2366,employees,82,30,employees,OTHER
11222,11226,219,2337,265,2367,name.,46,30,name.,OTHER
11228,11234,268,2335,329,2367,address,61,32,address,OTHER
11236,11238,333,2334,362,2365,and,29,31,and,OTHER
11240,11242,366,2332,390,2364,zip,24,32,zip,OTHER
11244,11247,394,2328,440,2362,code,46,34,code,OTHER
11293,11295,866,2335,897,2364,eif,31,29,eif,OTHER
11297,11305,900,2336,983,2366,employees,83,30,employees,OTHER
11307,11311,987,2337,1032,2366,name.,45,29,name.,OTHER
11313,11319,1035,2335,1096,2366,address,61,31,address,OTHER
11321,11323,1100,2334,1129,2365,and,29,31,and,OTHER
11325,11327,1132,2333,1158,2363,zip,26,30,zip,OTHER
11329,11332,1161,2330,1208,2362,code,47,32,code,OTHER
11391,11393,1679,2336,1710,2365,elf,31,29,elf,OTHER
11395,11403,1714,2337,1797,2366,employees,83,29,employees,OTHER
11405,11409,1800,2337,1846,2366,name.,46,29,name.,OTHER
11411,11417,1850,2336,1911,2366,address,61,30,address,OTHER
11419,11421,1914,2335,1942,2365,and,28,30,and,OTHER
11423,11425,1946,2334,1971,2363,zip,25,29,zip,OTHER
11427,11430,1975,2332,2019,2362,code,44,30,code,OTHER
11439,11444,156,2381,237,2410,amanda,81,29,amanda,OTHER
11446,11451,243,2380,329,2411,weaver,86,31,weaver,OTHER
11527,11532,949,2380,1030,2408,amanda,81,28,amanda,OTHER
11534,11539,1036,2380,1121,2408,weaver,85,28,weaver,OTHER
11624,11629,1758,2380,1843,2410,amanda,85,30,amanda,OTHER
11631,11636,1849,2380,1935,2407,weaver,86,27,weaver,OTHER
11644,11646,155,2406,197,2437,972,42,31,972,OTHER
11648,11655,203,2406,317,2436,whitaker,114,30,whitaker,OTHER
11657,11663,323,2406,421,2434,station,98,28,station,OTHER
11665,11668,427,2406,487,2434,apt.,60,28,apt.,OTHER
11670,11672,493,2406,533,2433,380,40,27,380,OTHER
11733,11735,949,2408,992,2437,972,43,29,972,OTHER
11737,11744,998,2407,1109,2437,whitaker,111,30,whitaker,OTHER
11746,11752,1116,2406,1212,2436,station,96,30,station,OTHER
11754,11757,1220,2405,1282,2434,apt.,62,29,apt.,OTHER
11759,11761,1287,2404,1331,2432,380,44,28,380,OTHER
11831,11833,1760,2407,1804,2434,972,44,27,972,OTHER
11835,11842,1810,2407,1922,2434,whitaker,112,27,whitaker,OTHER
11844,11850,1930,2407,2024,2434,station,94,27,station,OTHER
11852,11855,2033,2405,2093,2433,apt.,60,28,apt.,OTHER
11857,11859,2100,2404,2142,2431,380,42,27,380,OTHER
11867,11875,155,2433,278,2464,smithberg,123,31,smithberg,OTHER
11877,11878,284,2434,317,2463,ar,33,29,ar,OTHER
11880,11889,349,2430,480,2462,39898-4764,131,32,39898-4764,OTHER
11955,11963,947,2433,1070,2463,smithberg,123,30,smithberg,OTHER
11965,11966,1076,2433,1109,2463,ar,33,30,ar,OTHER
11968,11977,1143,2431,1280,2463,39898-4764,137,32,39898-4764,OTHER
12053,12061,1761,2433,1884,2463,smithberg,123,30,smithberg,OTHER
12063,12064,1890,2432,1923,2463,ar,33,31,ar,OTHER
12066,12075,1955,2431,2087,2463,39898-4764,132,32,39898-4764,OTHER
12079,12079,107,2503,122,2526,5,15,23,5,OTHER
12081,12085,138,2501,183,2531,state,45,30,state,OTHER
12087,12096,229,2500,305,2531,emplovers',76,31,emplovers',OTHER
12098,12102,309,2498,339,2528,state,30,30,state,OTHER
12104,12105,344,2498,359,2528,id,15,30,id,OTHER
12107,12108,363,2498,376,2528,no,13,30,no,OTHER
12110,12110,380,2497,398,2528,.,18,31,.,OTHER
12112,12113,406,2497,431,2529,16,25,32,16,OTHER
12115,12119,446,2498,482,2530,state,36,32,state,OTHER
12121,12125,486,2499,530,2533,wades,44,34,wades,OTHER
12127,12127,535,2502,537,2533,.,2,31,.,OTHER
12129,12132,542,2502,577,2536,tips,35,34,tips,OTHER
12134,12135,582,2505,598,2537,56,16,32,56,OTHER
12137,12137,602,2507,617,2539,;,15,32,;,OTHER
12139,12140,622,2509,638,2541,99,16,32,99,OTHER
12163,12164,869,2500,890,2526,15,21,26,15,OTHER
12166,12170,906,2502,951,2535,state,45,33,state,OTHER
12185,12194,1022,2499,1096,2532,emplovers',74,33,emplovers',OTHER
12196,12200,1101,2498,1132,2529,state,31,31,state,OTHER
12202,12203,1137,2498,1150,2529,id,13,31,id,OTHER
12205,12206,1154,2498,1174,2529,no,20,31,no,OTHER
12208,12209,1178,2498,1206,2529,16,28,31,16,OTHER
12211,12215,1218,2498,1254,2530,state,36,32,state,OTHER
12217,12221,1258,2499,1303,2532,wades,45,33,wades,OTHER
12223,12223,1307,2502,1311,2532,.,4,30,.,OTHER
12225,12228,1314,2502,1348,2534,tips,34,32,tips,OTHER
12230,12231,1352,2505,1369,2536,ed,17,31,ed,OTHER
12233,12233,1373,2506,1390,2537,;,17,31,;,OTHER
12235,12236,1393,2508,1413,2539,99,20,31,99,OTHER
12260,12261,1679,2499,1707,2527,15,28,28,15,OTHER
12263,12267,1718,2499,1767,2532,state,49,33,state,OTHER
12280,12289,1835,2499,1909,2534,emplovers',74,35,emplovers',OTHER
12291,12295,1915,2497,1946,2531,state,31,34,state,OTHER
12297,12298,1951,2497,1964,2530,10,13,33,10,OTHER
12300,12301,1969,2497,1988,2530,no,19,33,no,OTHER
12303,12304,1993,2497,2020,2530,16,27,33,16,OTHER
12306,12310,2031,2497,2068,2531,state,37,34,state,OTHER
12312,12316,2073,2498,2117,2533,wanes,44,35,wanes,OTHER
12318,12318,2121,2500,2125,2533,.,4,33,.,OTHER
12320,12323,2129,2500,2163,2535,tips,34,35,tips,OTHER
12325,12327,2167,2503,2183,2536,on6,16,33,on6,OTHER
12329,12329,2187,2504,2203,2537,1,16,33,1,OTHER
12331,12331,2207,2506,2223,2539,9,16,33,9,OTHER
12334,12335,103,2556,122,2580,17,19,24,17,OTHER
12337,12341,142,2558,180,2583,state,38,25,state,OTHER
12343,12348,182,2558,239,2583,income,57,25,income,OTHER
12350,12352,240,2556,268,2583,tax,28,27,tax,OTHER
12372,12373,407,2554,434,2585,18,27,31,18,OTHER
12375,12379,442,2555,483,2587,local,41,32,local,OTHER
12381,12386,487,2558,539,2591,wanes.,52,33,wanes.,OTHER
12388,12391,544,2562,567,2593,tip5,23,31,tip5,OTHER
12393,12398,571,2565,623,2599,39005.,52,34,39005.,OTHER
12400,12401,2216,2568,2239,2599,63,23,31,63,OTHER
12462,12463,1179,2552,1210,2586,18,31,34,18,OTHER
12465,12469,1215,2554,1255,2587,local,40,33,local,OTHER
12471,12475,1260,2556,1304,2590,wanes,44,34,wanes,OTHER
12477,12477,1309,2561,1311,2591,.,2,30,.,OTHER
12479,12482,1316,2561,1340,2593,tips,24,32,tips,OTHER
12484,12486,1345,2565,1368,2596,;10,23,31,;10,OTHER
12488,12489,1373,2568,1389,2598,05,16,30,05,OTHER
12491,12491,2208,2567,2212,2597,.,4,30,.,OTHER
12493,12494,627,2571,656,2602,63,29,31,63,OTHER
12517,12518,1681,2554,1705,2580,17,24,26,17,OTHER
12520,12524,1723,2557,1762,2583,state,39,26,state,OTHER
12526,12531,1764,2560,1821,2586,income,57,26,income,OTHER
12533,12534,1822,2562,1840,2586,ta,18,24,ta,OTHER
12562,12563,1994,2554,2021,2585,18,27,31,18,OTHER
12565,12569,2029,2554,2070,2587,local,41,33,local,OTHER
12571,12576,2074,2555,2127,2590,wanes.,53,35,wanes.,OTHER
12578,12582,2131,2559,2165,2593,tips;,34,34,tips;,OTHER
12584,12587,2169,2562,2204,2596,it65,35,34,it65,OTHER
12589,12589,1394,2571,1398,2599,.,4,28,.,OTHER
12591,12592,1403,2572,1423,2602,63,20,30,63,OTHER
12598,12601,944,2569,983,2595,5171,39,26,5171,OTHER
12603,12605,189,2573,230,2602,.77,41,29,.77,OTHER
12688,12691,150,2575,188,2602,5171,38,27,5171,OTHER
12693,12693,985,2570,992,2593,-,7,23,-,OTHER
12695,12696,994,2571,1024,2598,77,30,27,77,OTHER
12699,12700,99,2616,125,2642,19,26,26,19,OTHER
12702,12703,142,2615,158,2640,lo,16,25,lo,OTHER
12710,12715,151,2625,207,2655,16931.,56,30,16931.,OTHER
12717,12718,210,2623,240,2655,46,30,32,46,OTHER
12720,12721,242,2620,258,2649,ta,16,29,ta,OTHER
12745,12746,409,2615,432,2642,20,23,27,20,OTHER
12748,12755,444,2615,501,2644,locality,57,29,locality,OTHER
12757,12762,2149,2623,2210,2657,jordan,61,34,jordan,OTHER
12816,12819,504,2616,557,2646,name,53,30,name,OTHER
12821,12824,626,2635,662,2663,ways,36,28,ways,OTHER
12856,12860,945,2625,991,2654,16931,46,29,16931,OTHER
12862,12862,993,2627,1000,2654,.,7,27,.,OTHER
12864,12865,1002,2625,1032,2653,45,30,28,45,OTHER
12893,12894,1179,2613,1205,2641,20,26,28,20,OTHER
12896,12903,1216,2614,1276,2644,locality,60,30,locality,OTHER
12905,12908,1279,2616,1331,2646,name,52,30,name,OTHER
12948,12949,1682,2615,1705,2644,19,23,29,19,OTHER
12951,12955,1723,2619,1763,2648,local,40,29,local,OTHER
12957,12962,1766,2623,1838,2653,ineeda,72,30,ineeda,OTHER
12994,13001,2028,2614,2088,2646,locality,60,32,locality,OTHER
13003,13006,2091,2617,2144,2650,name,53,33,name,OTHER
13008,13013,561,2630,625,2660,jordan,64,30,jordan,OTHER
13015,13017,2211,2631,2247,2661,way,36,30,way,OTHER
13162,13167,1335,2632,1397,2660,jordan,62,28,jordan,OTHER
13169,13172,1399,2637,1448,2662,ways,49,25,ways,OTHER
13192,13198,230,2677,316,2706,federal,86,29,federal,OTHER
13218,13223,416,2681,468,2706,filing,52,25,filing,OTHER
13240,13243,592,2678,643,2702,copy,51,24,copy,OTHER
13275,13282,1015,2675,1113,2708,dc.state,98,33,dc.state,OTHER
13305,13310,1189,2683,1238,2705,filing,49,22,filing,OTHER
13323,13326,1367,2675,1414,2701,copy,47,26,copy,OTHER
13376,13379,1811,2675,1850,2705,city,39,30,city,OTHER
13381,13382,1854,2675,1877,2705,or,23,30,or,OTHER
13384,13388,1880,2675,1946,2713,local,66,38,local,OTHER
13390,13395,2001,2679,2055,2708,filing,54,29,filing,OTHER
13415,13418,2178,2677,2228,2700,copy,50,23,copy,OTHER
13451,13454,325,2706,388,2734,wage,63,28,wage,OTHER
13456,13458,426,2702,468,2725,and,42,23,and,OTHER
13460,13462,505,2706,539,2728,tax,34,22,tax,OTHER
13548,13550,1198,2700,1238,2729,and,40,29,and,OTHER
13552,13554,1277,2703,1311,2727,tax,34,24,tax,OTHER
13632,13635,1921,2705,1984,2734,wage,63,29,wage,OTHER
13637,13639,2010,2702,2052,2733,and,42,31,and,OTHER
13641,13643,2090,2702,2127,2726,tax,37,24,tax,OTHER
13676,13684,319,2730,417,2756,statement,98,26,statement,OTHER
13708,13711,580,2742,667,2774,2018,87,32,2018,OTHER
13763,13771,1097,2727,1203,2755,statement,106,28,statement,OTHER
13792,13795,1359,2740,1442,2772,2018,83,32,2018,OTHER
13856,13864,1911,2729,2010,2753,statement,99,24,statement,OTHER
13884,13887,2167,2742,2253,2774,2018,86,32,2018,OTHER
13890,13892,105,2742,174,2771,w-2,69,29,w-2,OTHER
13974,13976,874,2744,943,2770,w-2,69,26,w-2,OTHER
14074,14076,1686,2741,1754,2773,w-2,68,32,w-2,OTHER
14078,14081,99,2779,134,2806,copy,35,27,copy,OTHER
14083,14083,138,2780,148,2806,b,10,26,b,OTHER
14085,14086,152,2780,164,2807,to,12,27,to,OTHER
14088,14089,168,2780,185,2807,be,17,27,be,OTHER
14091,14095,190,2780,218,2807,filed,28,27,filed,OTHER
14097,14100,223,2781,250,2807,with,27,26,with,OTHER
14102,14111,255,2781,329,2807,employee's,74,26,employee's,OTHER
14113,14119,335,2781,386,2806,federal,51,25,federal,OTHER
14121,14126,391,2781,441,2805,income,50,24,income,OTHER
14128,14130,446,2780,469,2804,tax,23,24,tax,OTHER
14132,14137,474,2780,520,2804,return,46,24,return,OTHER
14139,14141,561,2778,596,2808,ome,35,30,ome,OTHER
14143,14145,600,2777,626,2806,no.,26,29,no.,OTHER
14147,14155,631,2777,709,2806,1545-0008,78,29,1545-0008,OTHER
14163,14166,867,2779,901,2807,copy,34,28,copy,OTHER
14168,14168,906,2779,913,2805,2,7,26,2,OTHER
14170,14171,918,2778,930,2805,to,12,27,to,OTHER
14173,14174,935,2778,952,2806,be,17,28,be,OTHER
14176,14180,957,2779,984,2807,filed,27,28,filed,OTHER
14182,14182,989,2780,998,2808,w,9,28,w,OTHER
14191,14195,1062,2780,1097,2807,yee's,35,27,yee's,OTHER
14197,14201,1100,2780,1135,2806,state,35,26,state,OTHER
14203,14208,1139,2779,1191,2806,income,52,27,income,OTHER
14210,14212,1196,2779,1220,2805,tax,24,26,tax,OTHER
14214,14219,1224,2779,1269,2804,return,45,25,return,OTHER
14222,14224,1334,2777,1369,2808,ome,35,31,ome,OTHER
14226,14228,1373,2775,1399,2805,no.,26,30,no.,OTHER
14230,14238,1403,2775,1473,2807,1545-0008,70,32,1545-0008,OTHER
14261,14264,1680,2777,1714,2805,copy,34,28,copy,OTHER
14266,14266,1719,2778,1726,2805,2,7,27,2,OTHER
14268,14269,1731,2778,1742,2806,to,11,28,to,OTHER
14271,14272,1747,2778,1764,2806,be,17,28,be,OTHER
14274,14278,1769,2779,1797,2807,filed,28,28,filed,OTHER
14280,14283,1803,2780,1831,2808,with,28,28,with,OTHER
14296,14297,1987,2782,2000,2804,al,13,22,al,OTHER
14299,14304,2002,2781,2056,2806,income,54,25,income,OTHER
14306,14308,2058,2781,2083,2807,tax,25,26,tax,OTHER
14310,14315,2085,2780,2139,2807,return,54,27,return,OTHER
14317,14319,2148,2779,2184,2808,omb,36,29,omb,OTHER
14321,14323,2186,2779,2213,2808,no.,27,29,no.,OTHER
14325,14333,2215,2777,2296,2807,1545-0008,81,30,1545-0008,OTHER
