start_index,end_index,x_top_left,y_top_left,x_bottom_right,y_bottom_right,transcript,box_width,box_height,combined_text,predicted_field
34,34,215,4,227,21,a,12,17,a,OTHER
36,45,235,3,308,21,employee's,73,18,employee's,OTHER
47,52,311,2,350,20,social,39,18,social,OTHER
54,61,353,2,402,20,security,49,18,security,OTHER
63,68,405,3,458,20,number,53,17,number,OTHER
125,129,782,1,819,20,"safe,",37,19,"safe,",OTHER
131,139,822,3,897,23,"accurate,",75,20,"accurate,",OTHER
159,163,1046,2,1079,19,visit,33,17,visit,OTHER
165,167,1081,4,1103,20,the,22,16,the,OTHER
169,171,1106,4,1134,20,irs,28,16,irs,OTHER
173,179,1136,3,1195,20,website,59,17,website,OTHER
229,239,311,24,466,46,806-87-1556,155,22,806-87-1556,ssnOfEmployee
278,280,610,27,642,42,omb,32,15,omb,OTHER
282,284,644,26,668,42,no.,24,16,no.,OTHER
286,294,670,25,732,42,1545-0008,62,17,1545-0008,OTHER
296,300,780,24,831,44,fast!,51,20,fast!,OTHER
302,304,834,25,867,44,use,33,19,use,OTHER
306,308,912,13,944,38,"""se",32,25,"""se",OTHER
310,310,955,15,971,39,~,16,24,~,OTHER
312,315,975,15,1023,40,file,48,25,file,OTHER
316,317,1047,28,1060,45,at,13,17,at,OTHER
319,336,1063,28,1182,45,www.irs.gov/efile.,119,17,www.irs.gov/efile.,OTHER
339,339,10,55,22,71,b,12,16,b,OTHER
341,348,27,55,83,72,employer,56,17,employer,OTHER
350,363,86,56,159,72,identification,73,16,identification,OTHER
365,370,162,55,207,72,number,45,17,number,OTHER
372,376,210,54,241,71,(ein),31,17,(ein),OTHER
449,454,704,56,750,72,"wages,",46,16,"wages,",OTHER
456,460,753,56,779,72,"tips,",26,16,"tips,",OTHER
462,466,782,56,813,72,other,31,16,other,OTHER
468,479,815,56,898,72,compensation,83,16,compensation,OTHER
488,494,994,57,1038,72,federal,44,15,federal,OTHER
496,501,1040,56,1084,72,income,44,16,income,OTHER
503,505,1086,56,1106,72,tax,20,16,tax,OTHER
507,514,1108,56,1154,71,withheld,46,15,withheld,OTHER
526,535,67,78,207,100,23-0818096,140,22,23-0818096,einEmployerIdentificationNumber
633,638,729,78,807,99,143652,78,21,143652,box1WagesTipsAndOtherCompensations
640,640,811,78,820,99,.,9,21,.,box1WagesTipsAndOtherCompensations
642,643,823,78,847,99,83,24,21,83,box1WagesTipsAndOtherCompensations
666,670,988,77,1054,99,32981,66,22,32981,box2FederalIncomeTaxWithheld
672,672,1058,77,1068,99,.,10,22,.,box2FederalIncomeTaxWithheld
674,675,1072,78,1096,100,78,24,22,78,box2FederalIncomeTaxWithheld
678,678,12,107,23,123,c,11,16,c,OTHER
680,689,28,107,93,124,employer's,65,17,employer's,OTHER
691,695,96,107,134,124,"name,",38,17,"name,",OTHER
697,704,137,107,188,124,"address,",51,17,"address,",OTHER
706,708,191,107,213,124,and,22,17,and,OTHER
710,712,216,107,236,124,zip,20,17,zip,OTHER
714,717,239,107,266,124,code,27,17,code,OTHER
789,794,704,107,742,124,social,38,17,social,OTHER
796,803,745,107,791,125,security,46,18,security,OTHER
805,809,794,107,835,125,wages,41,18,wages,OTHER
827,832,995,106,1031,123,social,36,17,social,OTHER
834,841,1035,107,1081,123,security,46,16,security,OTHER
843,845,1084,108,1103,123,tax,19,15,tax,OTHER
847,854,1106,107,1152,123,withheld,46,16,withheld,OTHER
866,872,66,132,166,153,"butler,",100,21,"butler,",employerName
874,879,176,131,261,153,walker,85,22,walker,employerName
881,883,275,131,318,153,and,43,22,and,employerName
885,889,331,131,400,153,huynh,69,22,huynh,employerName
891,893,415,130,457,153,llc,42,23,llc,employerName
972,977,725,130,807,153,161775,82,23,161775,box3SocialSecurityWages
979,979,810,130,822,153,.,12,23,.,box3SocialSecurityWages
981,982,825,130,850,153,72,25,23,72,box3SocialSecurityWages
1006,1010,987,131,1054,152,12375,67,21,12375,box4SocialSecurityTaxWithheld
1012,1012,1058,131,1068,151,.,10,20,.,box4SocialSecurityTaxWithheld
1014,1015,1071,131,1100,151,84,29,20,84,box4SocialSecurityTaxWithheld
1027,1031,66,164,137,188,20635,71,24,20635,employerAddressStreet_name
1033,1040,149,164,262,189,ferguson,113,25,ferguson,employerAddressStreet_name
1042,1046,274,164,349,189,knoll,75,25,knoll,employerAddressStreet_name
1048,1051,359,163,421,189,apt.,62,26,apt.,employerAddressStreet_name
1053,1055,431,162,476,188,904,45,26,904,employerAddressStreet_name
1123,1123,680,155,693,175,5,13,20,5,OTHER
1125,1132,702,155,756,174,medicare,54,19,medicare,OTHER
1134,1138,760,157,800,174,wages,40,17,wages,OTHER
1140,1142,803,158,823,175,and,20,17,and,OTHER
1144,1147,827,158,853,175,tips,26,17,tips,OTHER
1164,1164,970,156,982,173,6,12,17,6,OTHER
1166,1173,993,156,1047,173,medicare,54,17,medicare,OTHER
1175,1177,1050,157,1069,173,tax,19,16,tax,OTHER
1179,1186,1072,157,1122,173,withheld,50,16,withheld,OTHER
1304,1309,725,181,808,203,116777,83,22,116777,OTHER
1311,1311,811,181,820,203,.,9,22,.,OTHER
1313,1314,823,181,850,203,49,27,22,49,OTHER
1348,1354,1050,181,1146,201,3386.55,96,20,3386.55,OTHER
1366,1373,62,199,176,222,maryfort,114,23,maryfort,employerAddressCity
1393,1394,230,199,262,220,me,32,21,me,employerAddressState
1396,1405,276,198,412,222,28982-8170,136,24,28982-8170,employerAddressZip
1468,1473,705,208,742,226,social,37,18,social,OTHER
1475,1482,745,208,790,227,security,45,19,security,OTHER
1484,1487,794,209,819,227,tips,25,18,tips,OTHER
1505,1513,994,210,1049,225,allocated,55,15,allocated,OTHER
1515,1518,1052,210,1076,225,tips,24,15,tips,OTHER
1636,1641,726,232,807,255,161775,81,23,161775,OTHER
1643,1643,811,233,822,255,.,11,22,.,OTHER
1645,1646,825,233,849,255,72,24,22,72,OTHER
1681,1686,1052,233,1133,255,116777,81,22,116777,OTHER
1688,1688,1137,233,1144,255,.,7,22,.,OTHER
1690,1691,1148,231,1176,255,49,28,24,49,OTHER
1694,1694,12,259,24,274,d,12,15,d,OTHER
1696,1702,27,258,70,275,control,43,17,control,OTHER
1704,1709,72,258,114,276,number,42,18,number,OTHER
1839,1840,964,259,979,274,10,15,15,10,OTHER
1842,1850,994,259,1058,276,dependent,64,17,dependent,OTHER
1852,1855,1060,260,1087,276,care,27,16,care,OTHER
1857,1864,1089,260,1135,276,benefits,46,16,benefits,OTHER
1877,1883,68,283,162,304,8335987,94,21,8335987,OTHER
2027,2029,1052,282,1086,304,102,34,22,102,OTHER
2032,2032,11,312,21,326,e,10,14,e,OTHER
2034,2043,28,312,96,327,employee's,68,15,employee's,OTHER
2045,2049,98,312,121,327,first,23,15,first,OTHER
2051,2054,123,311,158,327,name,35,16,name,OTHER
2056,2058,161,311,182,327,and,21,16,and,OTHER
2060,2066,184,310,219,326,initial,35,16,initial,OTHER
2069,2072,278,310,304,326,last,26,16,last,OTHER
2074,2077,307,310,343,327,name,36,17,name,OTHER
2131,2135,633,309,665,325,suff.,32,16,suff.,OTHER
2137,2138,674,310,692,326,11,18,16,11,OTHER
2140,2151,704,310,776,327,nonqualified,72,17,nonqualified,OTHER
2153,2157,778,312,813,327,plans,35,15,plans,OTHER
2178,2180,966,311,989,325,12a,23,14,12a,OTHER
2182,2184,1008,310,1034,324,see,26,14,see,OTHER
2186,2197,1036,311,1110,325,instructions,74,14,instructions,OTHER
2199,2201,1112,310,1131,326,for,19,16,for,OTHER
2203,2205,1133,309,1159,326,box,26,17,box,OTHER
2207,2208,1162,309,1176,326,12,14,17,12,OTHER
2220,2223,65,359,127,382,erin,62,23,erin,employeeName
2225,2231,146,359,257,382,shields,111,23,shields,employeeName
2326,2328,725,347,759,363,232,34,16,232,OTHER
2363,2363,1006,344,1016,359,d,10,15,d,OTHER
2365,2368,1051,344,1100,363,4733,49,19,4733,OTHER
2476,2477,674,372,690,385,13,16,13,13,OTHER
2479,2486,692,387,739,401,employee,47,14,employee,OTHER
2597,2605,693,372,733,386,statutory,40,14,statutory,OTHER
2607,2616,784,372,832,387,retirement,48,15,retirement,OTHER
2618,2628,867,372,918,386,third-party,51,14,third-party,OTHER
2634,2636,966,368,990,384,12b,24,16,12b,OTHER
2648,2652,66,404,148,429,37346,82,25,37346,OTHER
2654,2658,160,405,242,428,brown,82,23,brown,OTHER
2660,2668,256,406,403,428,crossroad,147,22,crossroad,OTHER
2775,2778,867,387,886,401,sick,19,14,sick,OTHER
2780,2782,888,388,906,402,pay,18,14,pay,OTHER
2938,2938,1006,409,1016,422,c,10,13,c,OTHER
2940,2942,1050,406,1086,427,662,36,21,662,OTHER
2954,2961,66,445,196,467,sarafurt,130,22,sarafurt,OTHER
2981,2982,256,445,288,466,wa,32,21,wa,OTHER
2992,3001,370,443,532,468,88489-2003,162,25,88489-2003,OTHER
3049,3050,674,434,691,449,14,17,15,14,OTHER
3051,3055,704,438,735,450,other,31,12,other,OTHER
3090,3092,967,435,991,452,12c,24,17,12c,OTHER
3240,3240,962,452,975,469,c,13,17,c,OTHER
3242,3242,1006,471,1016,485,h,10,14,h,OTHER
3244,3246,1053,468,1087,487,761,34,19,761,OTHER
3394,3394,962,463,975,482,9,13,19,9,OTHER
3542,3544,966,492,990,508,12d,24,16,12d,OTHER
3692,3692,962,510,976,529,c,14,19,c,OTHER
3706,3708,1051,527,1093,549,239,42,22,239,OTHER
3711,3712,6,575,22,590,15,16,15,15,OTHER
3713,3713,10,562,21,579,f,11,17,f,OTHER
3715,3724,28,561,97,578,employee's,69,17,employee's,OTHER
3726,3732,100,560,147,576,address,47,16,address,OTHER
3734,3736,150,560,171,576,and,21,16,and,OTHER
3744,3748,29,575,62,592,state,33,17,state,OTHER
3750,3759,87,575,152,593,employer's,65,18,employer's,OTHER
3762,3766,155,577,183,593,state,28,16,state,OTHER
3767,3769,174,561,194,577,zip,20,16,zip,OTHER
3770,3771,187,577,200,593,id,13,16,id,OTHER
3772,3775,197,561,228,578,code,31,17,code,OTHER
3812,3817,203,576,246,593,number,43,17,number,OTHER
3825,3826,348,573,366,593,16,18,20,16,OTHER
3828,3832,369,574,401,594,state,32,20,state,OTHER
3834,3839,404,576,445,594,"wages,",41,18,"wages,",OTHER
3841,3845,448,577,476,594,"tips,",28,17,"tips,",OTHER
3847,3850,479,576,498,594,etc.,19,18,etc.,OTHER
3863,3864,540,575,558,593,17,18,18,17,OTHER
3866,3870,562,575,592,594,state,30,19,state,OTHER
3872,3877,595,576,638,594,income,43,18,income,OTHER
3879,3881,641,578,659,595,tax,18,17,tax,OTHER
3892,3893,726,574,743,593,18,17,19,18,OTHER
3895,3899,746,575,778,593,local,32,18,local,OTHER
3901,3906,781,576,823,594,"wages,",42,18,"wages,",OTHER
3908,3912,826,577,853,594,"tips,",27,17,"tips,",OTHER
3914,3917,857,577,880,594,etc.,23,17,etc.,OTHER
3926,3927,929,576,946,592,19,17,16,19,OTHER
3929,3933,949,576,981,593,local,32,17,local,OTHER
3935,3940,984,577,1028,594,income,44,17,income,OTHER
3942,3944,1030,578,1054,594,tax,24,16,tax,OTHER
4088,4089,1115,576,1132,592,20,17,16,20,OTHER
4091,4098,1136,577,1182,594,locality,46,17,locality,OTHER
4100,4103,1185,578,1218,595,name,33,17,name,OTHER
4109,4110,17,601,42,618,wy,25,17,wy,OTHER
4127,4136,133,601,269,622,377-99-655,136,21,377-99-655,OTHER
4152,4157,348,599,427,622,72068.,79,23,72068.,OTHER
4159,4159,431,600,443,621,6,12,21,6,OTHER
4191,4194,539,601,593,621,4414,54,20,4414,OTHER
4196,4196,597,601,606,621,.,9,20,.,OTHER
4198,4199,610,601,633,622,98,23,21,98,OTHER
4220,4228,725,601,848,623,172188.17,123,22,172188.17,OTHER
4254,4259,929,601,1009,621,25920.,80,20,25920.,OTHER
4261,4262,1012,601,1036,621,93,24,20,93,OTHER
4406,4413,1117,609,1182,624,jennings,65,15,jennings,OTHER
4415,4419,1187,609,1225,623,drive,38,14,drive,OTHER
4425,4426,16,654,45,671,mt,29,17,mt,OTHER
4442,4451,132,651,270,672,756-36-466,138,21,756-36-466,OTHER
4469,4473,348,651,415,675,67722,67,24,67722,OTHER
4475,4475,419,651,426,673,.,7,22,.,OTHER
4477,4478,430,651,454,674,58,24,23,58,OTHER
4506,4509,539,652,594,673,3859,55,21,3859,OTHER
4511,4511,596,652,608,672,.,12,20,.,OTHER
4513,4514,611,652,637,672,79,26,20,79,OTHER
4516,4521,726,651,807,676,166697,81,25,166697,OTHER
4523,4523,811,651,821,674,.,10,23,.,OTHER
4525,4526,824,651,849,675,79,25,24,79,OTHER
4537,4544,928,652,1038,674,27406.26,110,22,27406.26,OTHER
4563,4568,1112,657,1169,674,miller,57,17,miller,OTHER
4570,4575,1175,657,1230,677,bridge,55,20,bridge,OTHER
4600,4603,141,683,207,707,wage,66,24,wage,OTHER
4605,4607,211,686,257,707,and,46,21,and,OTHER
4609,4611,264,684,306,707,tax,42,23,tax,OTHER
4663,4666,550,690,696,740,2019,146,50,2019,taxYear
4684,4693,863,689,946,708,department,83,19,department,OTHER
4695,4696,950,690,962,707,of,12,17,of,OTHER
4698,4700,966,690,989,707,the,23,17,the,OTHER
4702,4719,992,690,1111,707,treasury--internal,119,17,treasury--internal,OTHER
4721,4727,1115,690,1177,708,revenue,62,18,revenue,OTHER
4729,4735,1181,690,1234,709,service,53,19,service,OTHER
4737,4740,3,722,39,741,form,36,19,form,OTHER
4742,4744,46,722,79,740,w-2,33,18,w-2,OTHER
4760,4768,141,714,259,737,statement,118,23,statement,OTHER
4771,4774,8,747,47,765,copy,39,18,copy,OTHER
4776,4780,50,746,96,764,b--to,46,18,b--to,OTHER
4782,4783,99,746,122,764,be,23,18,be,OTHER
4785,4789,125,746,164,764,filed,39,18,filed,OTHER
4791,4794,167,746,201,764,with,34,18,with,OTHER
4796,4805,206,746,296,764,employee's,90,18,employee's,OTHER
4807,4813,299,746,378,764,federal,79,18,federal,OTHER
4815,4817,383,746,411,765,tax,28,19,tax,OTHER
4819,4824,414,746,467,765,return,53,19,return,OTHER
4826,4829,5,769,35,785,this,30,16,this,OTHER
4831,4841,38,768,121,785,information,83,17,information,OTHER
4843,4844,124,768,138,785,is,14,17,is,OTHER
4846,4850,141,768,185,785,being,44,17,being,OTHER
4852,4860,188,768,257,785,furnished,69,17,furnished,OTHER
4862,4863,260,768,275,785,to,15,17,to,OTHER
4865,4867,278,768,302,785,the,24,17,the,OTHER
4869,4876,305,768,361,785,internal,56,17,internal,OTHER
4878,4884,364,768,430,786,revenue,66,18,revenue,OTHER
4886,4893,433,768,491,786,service.,58,18,service.,OTHER
4969,4971,468,820,490,840,cut,22,20,cut,OTHER
4973,4977,494,820,532,840,here.,38,20,here.,OTHER
4979,4982,536,821,569,840,keep,33,19,keep,OTHER
4984,4988,573,821,609,841,lower,36,20,lower,OTHER
4990,4996,612,822,657,841,portion,45,19,portion,OTHER
4998,5000,661,822,678,841,for,17,19,for,OTHER
5002,5005,681,822,710,841,your,29,19,your,OTHER
5007,5014,713,822,766,841,records.,53,19,records.,OTHER
5049,5049,215,877,226,893,a,11,16,a,OTHER
5051,5060,234,877,308,893,employee's,74,16,employee's,OTHER
5062,5067,311,877,349,893,social,38,16,social,OTHER
5069,5076,352,877,402,893,security,50,16,security,OTHER
5078,5083,405,877,452,893,number,47,16,number,OTHER
5131,5134,751,876,774,893,this,23,17,this,OTHER
5136,5146,777,876,841,893,information,64,17,information,OTHER
5148,5149,844,876,856,893,is,12,17,is,OTHER
5151,5155,859,876,890,894,being,31,18,being,OTHER
5157,5165,893,876,947,894,furnished,54,18,furnished,OTHER
5167,5168,950,876,962,894,to,12,18,to,OTHER
5170,5172,965,876,983,894,the,18,18,the,OTHER
5174,5181,986,876,1030,894,internal,44,18,internal,OTHER
5183,5189,1033,876,1084,894,revenue,51,18,revenue,OTHER
5191,5198,1087,876,1137,894,service.,50,18,service.,OTHER
5200,5201,1140,877,1147,893,if,7,16,if,OTHER
5203,5205,1150,877,1173,893,you,23,16,you,OTHER
5207,5209,1176,877,1191,893,are,15,16,are,OTHER
5257,5267,311,899,464,919,806-87-1556,153,20,806-87-1556,OTHER
5302,5304,611,898,641,917,omb,30,19,omb,OTHER
5306,5308,644,898,667,917,no.,23,19,no.,OTHER
5310,5318,670,898,733,916,1545-0008,63,18,1545-0008,OTHER
5320,5321,750,912,765,926,on,15,14,on,OTHER
5322,5329,749,893,796,910,required,47,17,required,OTHER
5335,5336,799,893,811,909,to,12,16,to,OTHER
5338,5341,814,893,832,909,file,18,16,file,OTHER
5343,5343,835,893,843,909,a,8,16,a,OTHER
5345,5347,846,893,865,909,tax,19,16,tax,OTHER
5349,5355,868,893,906,909,"return,",38,16,"return,",OTHER
5357,5357,910,892,916,909,a,6,17,a,OTHER
5359,5368,919,892,983,909,negligence,64,17,negligence,OTHER
5370,5376,986,892,1030,909,penalty,44,17,penalty,OTHER
5378,5379,1033,892,1045,909,or,12,17,or,OTHER
5381,5385,1048,892,1078,909,other,30,17,other,OTHER
5387,5394,1081,892,1131,910,sanction,50,18,sanction,OTHER
5396,5398,1134,892,1160,910,may,26,18,may,OTHER
5400,5401,1162,892,1177,910,be,15,18,be,OTHER
5403,5409,1179,892,1232,910,imposed,53,18,imposed,OTHER
5528,5530,768,911,790,926,you,22,15,you,OTHER
5532,5533,792,911,800,926,if,8,15,if,OTHER
5535,5538,802,910,825,926,this,23,16,this,OTHER
5540,5545,827,910,871,926,income,44,16,income,OTHER
5547,5548,873,910,886,926,is,13,16,is,OTHER
5550,5556,888,909,932,926,taxable,44,17,taxable,OTHER
5558,5560,935,909,957,926,and,22,17,and,OTHER
5562,5564,960,909,982,926,you,22,17,you,OTHER
5565,5565,970,925,982,942,2,12,17,2,OTHER
5566,5569,984,909,1001,926,fail,17,17,fail,OTHER
5570,5576,993,926,1036,943,federal,43,17,federal,OTHER
5740,5741,1004,910,1016,926,to,12,16,to,OTHER
5743,5748,1019,910,1053,927,report,34,17,report,OTHER
5751,5751,11,926,22,944,b,11,18,b,OTHER
5753,5760,28,926,83,945,employer,55,19,employer,OTHER
5762,5775,86,927,160,945,identification,74,18,identification,OTHER
5777,5782,163,926,208,945,number,45,19,number,OTHER
5855,5860,704,928,749,944,"wages,",45,16,"wages,",OTHER
5862,5866,752,928,779,944,"tips,",27,16,"tips,",OTHER
5868,5872,782,928,813,943,other,31,15,other,OTHER
5874,5885,816,928,897,943,compensation,81,15,compensation,OTHER
5918,5923,1040,927,1084,944,income,44,17,income,OTHER
5924,5926,1056,910,1072,927,it.,16,17,it.,OTHER
5928,5930,1087,928,1105,944,tax,18,16,tax,OTHER
5932,5939,1108,928,1155,944,withheld,47,16,withheld,OTHER
5951,5960,66,953,206,972,23-0818096,140,19,23-0818096,OTHER
6050,6055,725,951,807,971,143652,82,20,143652,OTHER
6057,6059,812,951,846,971,.83,34,20,.83,OTHER
6098,6102,987,951,1054,971,32981,67,20,32981,OTHER
6104,6104,1057,951,1068,971,.,11,20,.,OTHER
6106,6107,1071,951,1097,971,78,26,20,78,OTHER
6111,6111,12,978,24,996,c,12,18,c,OTHER
6113,6122,27,978,92,996,employer's,65,18,employer's,OTHER
6124,6128,95,978,134,995,"name,",39,17,"name,",OTHER
6130,6137,137,977,187,995,"address,",50,18,"address,",OTHER
6139,6141,190,977,212,994,and,22,17,and,OTHER
6143,6145,215,977,235,994,zip,20,17,zip,OTHER
6147,6150,239,976,271,993,code,32,17,code,OTHER
6214,6219,705,976,741,994,social,36,18,social,OTHER
6221,6228,744,977,790,994,security,46,17,security,OTHER
6230,6234,793,978,836,995,wages,43,17,wages,OTHER
6266,6271,995,977,1032,993,social,37,16,social,OTHER
6273,6280,1035,977,1081,993,security,46,16,security,OTHER
6282,6284,1084,977,1103,993,tax,19,16,tax,OTHER
6286,6293,1106,976,1158,993,withheld,52,17,withheld,OTHER
6305,6311,64,1003,166,1024,"butler,",102,21,"butler,",OTHER
6313,6318,175,1003,263,1024,walker,88,21,walker,OTHER
6320,6322,275,1002,319,1024,and,44,22,and,OTHER
6324,6328,330,1002,401,1024,huynh,71,22,huynh,OTHER
6330,6332,416,1001,457,1024,llc,41,23,llc,OTHER
6405,6410,725,1002,807,1023,161775,82,21,161775,OTHER
6412,6412,811,1002,821,1023,.,10,21,.,OTHER
6414,6415,825,1000,847,1023,72,22,23,72,OTHER
6452,6456,986,1002,1055,1023,12375,69,21,12375,OTHER
6458,6458,1058,1002,1067,1022,.,9,20,.,OTHER
6460,6461,1071,1002,1098,1022,84,27,20,84,OTHER
6473,6477,65,1035,137,1058,20635,72,23,20635,OTHER
6479,6486,149,1036,262,1058,ferguson,113,22,ferguson,OTHER
6488,6492,274,1035,347,1058,knoll,73,23,knoll,OTHER
6494,6497,359,1034,420,1058,apt.,61,24,apt.,OTHER
6499,6501,431,1033,474,1058,904,43,25,904,OTHER
6567,6574,703,1027,758,1044,medicare,55,17,medicare,OTHER
6576,6580,761,1028,800,1044,wages,39,16,wages,OTHER
6582,6584,803,1028,823,1044,and,20,16,and,OTHER
6586,6589,827,1027,850,1044,tips,23,17,tips,OTHER
6620,6627,993,1027,1048,1044,medicare,55,17,medicare,OTHER
6629,6631,1051,1027,1070,1043,tax,19,16,tax,OTHER
6633,6640,1073,1027,1123,1044,withheld,50,17,withheld,OTHER
6751,6756,725,1052,808,1073,116777,83,21,116777,OTHER
6758,6758,811,1052,821,1072,.,10,20,.,OTHER
6760,6761,824,1051,850,1072,49,26,21,49,OTHER
6812,6815,1050,1053,1104,1072,3386,54,19,3386,OTHER
6817,6819,1107,1052,1146,1072,.55,39,20,.55,OTHER
6831,6838,63,1070,175,1094,maryfort,112,24,maryfort,OTHER
6840,6841,231,1070,261,1091,me,30,21,me,OTHER
6843,6852,276,1070,415,1091,28982-8170,139,21,28982-8170,OTHER
6925,6930,704,1078,742,1095,social,38,17,social,OTHER
6932,6939,745,1079,791,1095,security,46,16,security,OTHER
6941,6944,794,1079,814,1095,tips,20,16,tips,OTHER
6976,6976,971,1080,979,1093,8,8,13,8,OTHER
6978,6986,994,1079,1049,1094,allocated,55,15,allocated,OTHER
6988,6991,1051,1079,1071,1095,tips,20,16,tips,OTHER
7103,7108,725,1103,809,1124,161775,84,21,161775,OTHER
7110,7110,812,1103,823,1124,.,11,21,.,OTHER
7112,7113,826,1103,848,1124,72,22,21,72,OTHER
7164,7169,1050,1103,1132,1124,116777,82,21,116777,OTHER
7171,7171,1136,1102,1145,1124,.,9,22,.,OTHER
7173,7174,1149,1102,1176,1124,49,27,22,49,OTHER
7177,7177,13,1131,23,1146,d,10,15,d,OTHER
7179,7185,28,1130,70,1145,control,42,15,control,OTHER
7187,7192,72,1130,114,1146,number,42,16,number,OTHER
7329,7330,963,1132,979,1145,10,16,13,10,OTHER
7332,7340,994,1131,1058,1145,dependent,64,14,dependent,OTHER
7342,7345,1060,1131,1087,1145,care,27,14,care,OTHER
7347,7354,1089,1131,1137,1145,benefits,48,14,benefits,OTHER
7366,7372,66,1154,164,1174,8335987,98,20,8335987,OTHER
7526,7528,1051,1156,1090,1174,102,39,18,102,OTHER
7531,7531,12,1184,21,1198,e,9,14,e,OTHER
7533,7542,28,1183,95,1197,employee's,67,14,employee's,OTHER
7544,7548,98,1183,121,1197,first,23,14,first,OTHER
7550,7553,124,1183,158,1197,name,34,14,name,OTHER
7555,7557,161,1182,182,1197,and,21,15,and,OTHER
7559,7564,184,1182,210,1197,initia,26,15,initia,OTHER
7573,7576,279,1183,305,1197,last,26,14,last,OTHER
7578,7581,307,1181,343,1197,name,36,16,name,OTHER
7624,7628,632,1181,664,1196,suff.,32,15,suff.,OTHER
7630,7631,674,1181,691,1196,11,17,15,11,OTHER
7633,7644,704,1181,775,1197,nonqualified,71,16,nonqualified,OTHER
7646,7650,778,1183,813,1198,plans,35,15,plans,OTHER
7684,7686,966,1180,990,1196,12a,24,16,12a,OTHER
7688,7690,1008,1182,1033,1196,see,25,14,see,OTHER
7692,7703,1035,1182,1109,1197,instructions,74,15,instructions,OTHER
7705,7707,1112,1182,1130,1197,for,18,15,for,OTHER
7709,7711,1133,1181,1159,1197,box,26,16,box,OTHER
7713,7714,1163,1181,1175,1196,12,12,15,12,OTHER
7726,7729,65,1227,126,1249,erin,61,22,erin,OTHER
7731,7737,147,1227,256,1249,shields,109,22,shields,OTHER
7825,7827,725,1215,763,1231,232,38,16,232,OTHER
7879,7879,1006,1213,1016,1228,d,10,15,d,OTHER
7881,7884,1050,1209,1102,1231,4733,52,22,4733,OTHER
7986,7987,673,1239,690,1252,13,17,13,13,OTHER
7989,7997,692,1239,735,1252,statutory,43,13,statutory,OTHER
8103,8110,692,1253,738,1268,employee,46,15,employee,OTHER
8112,8121,778,1239,834,1253,retirement,56,14,retirement,OTHER
8123,8126,866,1254,886,1271,sick,20,17,sick,OTHER
8135,8145,868,1239,920,1254,third-party,52,15,third-party,OTHER
8288,8290,887,1255,909,1271,pay,22,16,pay,OTHER
8301,8303,967,1237,988,1250,12b,21,13,12b,OTHER
8315,8319,66,1264,147,1290,37346,81,26,37346,OTHER
8321,8325,160,1266,241,1289,brown,81,23,brown,OTHER
8327,8335,256,1267,403,1289,crossroad,147,22,crossroad,OTHER
8469,8469,1008,1268,1019,1283,s,11,15,s,OTHER
8471,8473,1050,1263,1089,1287,662,39,24,662,OTHER
8485,8492,65,1305,193,1328,sarafurt,128,23,sarafurt,OTHER
8517,8518,256,1304,289,1327,wa,33,23,wa,OTHER
8531,8540,371,1303,530,1328,88489-2003,159,25,88489-2003,OTHER
8575,8576,674,1297,691,1311,14,17,14,14,OTHER
8578,8582,704,1298,737,1312,other,33,14,other,OTHER
8584,8587,739,1299,767,1312,(see,28,13,(see,OTHER
8589,8596,770,1300,822,1313,enclosed,52,13,enclosed,OTHER
8598,8603,825,1300,864,1313,notice,39,13,notice,OTHER
8605,8606,866,1300,879,1312,to,13,12,to,OTHER
8608,8616,881,1298,947,1312,employee),66,14,employee),OTHER
8618,8618,949,1297,959,1312,|,10,15,|,OTHER
8620,8622,966,1296,986,1311,12c,20,15,12c,OTHER
8787,8787,1007,1330,1017,1345,h,10,15,h,OTHER
8789,8791,1051,1323,1089,1349,761,38,26,761,OTHER
8946,8948,967,1354,988,1367,12d,21,13,12d,OTHER
9120,9122,1050,1380,1088,1406,239,38,26,239,OTHER
9124,9125,7,1432,22,1447,15,15,15,15,OTHER
9126,9135,29,1417,97,1434,employee's,68,17,employee's,OTHER
9139,9145,100,1416,147,1433,address,47,17,address,OTHER
9147,9149,150,1416,171,1432,and,21,16,and,OTHER
9155,9159,29,1431,63,1448,state,34,17,state,OTHER
9161,9170,86,1431,152,1449,employer's,66,18,employer's,OTHER
9175,9179,155,1433,184,1449,state,29,16,state,OTHER
9180,9182,174,1416,195,1432,zip,21,16,zip,OTHER
9183,9184,187,1433,200,1450,id,13,17,id,OTHER
9185,9188,197,1416,228,1432,code,31,16,code,OTHER
9225,9230,204,1432,246,1450,number,42,18,number,OTHER
9243,9244,348,1429,366,1449,16,18,20,16,OTHER
9246,9250,369,1431,400,1450,state,31,19,state,OTHER
9252,9257,403,1432,445,1450,"wages,",42,18,"wages,",OTHER
9259,9263,448,1433,475,1449,"tips,",27,16,"tips,",OTHER
9265,9268,478,1433,499,1449,etc.,21,16,etc.,OTHER
9270,9271,540,1431,558,1449,17,18,18,17,OTHER
9273,9277,562,1432,592,1449,state,30,17,state,OTHER
9279,9284,596,1432,638,1449,income,42,17,income,OTHER
9286,9288,641,1433,661,1449,tax,20,16,tax,OTHER
9300,9301,725,1430,743,1448,18,18,18,18,OTHER
9303,9307,746,1431,779,1449,local,33,18,local,OTHER
9309,9314,782,1432,823,1450,"wages,",41,18,"wages,",OTHER
9316,9320,826,1433,854,1450,"tips,",28,17,"tips,",OTHER
9322,9325,857,1433,882,1450,etc.,25,17,etc.,OTHER
9327,9328,929,1431,946,1448,19,17,17,19,OTHER
9330,9334,949,1432,981,1449,local,32,17,local,OTHER
9336,9341,984,1434,1027,1450,income,43,16,income,OTHER
9343,9345,1030,1434,1053,1450,tax,23,16,tax,OTHER
9373,9374,1114,1432,1131,1448,20,17,16,20,OTHER
9376,9383,1135,1433,1182,1449,locality,47,16,locality,OTHER
9385,9388,1185,1435,1218,1450,name,33,15,name,OTHER
9392,9393,17,1457,42,1473,wy,25,16,wy,OTHER
9412,9421,133,1457,269,1477,377-99-655,136,20,377-99-655,OTHER
9442,9447,347,1456,428,1477,72068.,81,21,72068.,box16StateWagesTips
9449,9449,432,1456,445,1477,6,13,21,6,box16StateWagesTips
9470,9473,540,1456,594,1476,4414,54,20,4414,box17StateIncomeTax
9475,9475,597,1457,606,1476,.,9,19,.,box17StateIncomeTax
9477,9478,609,1457,634,1476,98,25,19,98,box17StateIncomeTax
9499,9507,725,1457,846,1479,172188.17,121,22,172188.17,OTHER
9538,9542,928,1457,997,1476,25920,69,19,25920,OTHER
9544,9544,1000,1457,1009,1475,.,9,18,.,OTHER
9546,9547,1012,1457,1037,1476,93,25,19,93,OTHER
9574,9581,1117,1464,1182,1478,jennings,65,14,jennings,OTHER
9583,9587,1188,1464,1230,1479,drive,42,15,drive,OTHER
9590,9591,15,1511,47,1530,mt,32,19,mt,OTHER
9610,9619,132,1509,269,1529,756-36-466,137,20,756-36-466,OTHER
9642,9646,349,1509,416,1531,67722,67,22,67722,OTHER
9648,9650,419,1508,460,1530,.58,41,22,.58,OTHER
9669,9673,540,1509,607,1529,3859.,67,20,3859.,OTHER
9675,9676,610,1509,634,1530,79,24,21,79,OTHER
9698,9704,725,1508,823,1531,166697.,98,23,166697.,OTHER
9706,9707,825,1508,849,1530,79,24,22,79,OTHER
9737,9744,927,1510,1039,1531,27406.26,112,21,27406.26,OTHER
9772,9777,1111,1513,1171,1531,miller,60,18,miller,OTHER
9779,9784,1175,1513,1230,1532,bridge,55,19,bridge,OTHER
9809,9812,142,1539,206,1562,wage,64,23,wage,OTHER
9814,9816,212,1541,255,1562,and,43,21,and,OTHER
9818,9820,265,1540,304,1562,tax,39,22,tax,OTHER
9867,9870,548,1544,697,1597,2019,149,53,2019,OTHER
9921,9930,863,1543,946,1564,department,83,21,department,OTHER
9932,9933,950,1545,962,1563,of,12,18,of,OTHER
9935,9937,966,1545,989,1563,the,23,18,the,OTHER
9939,9956,993,1545,1111,1563,treasury--internal,118,18,treasury--internal,OTHER
9958,9964,1114,1545,1177,1564,revenue,63,19,revenue,OTHER
9966,9972,1181,1544,1235,1565,service,54,21,service,OTHER
9974,9977,4,1575,38,1593,form,34,18,form,OTHER
9979,9981,47,1576,74,1593,w-2,27,17,w-2,OTHER
9998,10006,144,1570,259,1592,statement,115,22,statement,OTHER
10122,10126,930,1573,965,1591,"safe,",35,18,"safe,",OTHER
10128,10136,968,1573,1038,1594,"accurate,",70,21,"accurate,",OTHER
10138,10141,8,1599,47,1618,copy,39,19,copy,OTHER
10143,10143,50,1599,63,1618,c,13,19,c,OTHER
10145,10147,66,1599,95,1618,for,29,19,for,OTHER
10149,10158,99,1598,206,1618,employee's,107,20,employee's,OTHER
10160,10167,209,1598,299,1618,records.,90,20,records.,OTHER
10169,10172,303,1598,339,1618,(see,36,20,(see,OTHER
10174,10179,342,1599,395,1618,notice,53,19,notice,OTHER
10181,10182,398,1599,417,1618,to,19,19,to,OTHER
10286,10290,926,1592,976,1612,fast!,50,20,fast!,OTHER
10292,10294,979,1594,1013,1612,use,34,18,use,OTHER
10296,10298,1052,1581,1089,1604,the,37,23,the,OTHER
10300,10303,1119,1582,1165,1608,file,46,26,file,OTHER
10305,10312,9,1623,84,1640,employee,75,17,employee,OTHER
10314,10315,86,1622,107,1639,on,21,17,on,OTHER
10317,10319,111,1622,138,1639,the,27,17,the,OTHER
10321,10324,140,1622,180,1639,back,40,17,back,OTHER
10326,10327,184,1622,201,1639,of,17,17,of,OTHER
10329,10332,203,1621,246,1640,copy,43,19,copy,OTHER
10334,10337,249,1621,280,1640,b.)',31,19,b.)',OTHER
