start_index,end_index,x_top_left,y_top_left,x_bottom_right,y_bottom_right,transcript,box_width,box_height,combined_text,predicted_field
0,0,2078,1148,2149,1174,38-08-035,71,26,38-08-035,OTHER
0,0,152,1737,238,1765,32185.95,86,28,32185.95,OTHER
0,0,1700,1810,1764,1847,7control,64,37,7control,OTHER
0,0,2137,2288,2161,2327,tard,24,39,tard,OTHER
108,111,1035,253,1156,305,2018,121,52,2018,OTHER
131,133,1171,254,1276,306,w-2,105,52,w-2,OTHER
146,148,1288,255,1389,307,and,101,52,and,OTHER
164,171,1401,255,1691,307,earnings,290,52,earnings,OTHER
197,203,1709,253,1996,306,summary,287,53,summary,OTHER
261,263,2225,245,2311,291,adp,86,46,adp,OTHER
283,290,222,317,319,344,employee,97,27,employee,OTHER
303,311,393,313,497,346,reference,104,33,reference,OTHER
317,320,592,316,643,342,copy,51,26,copy,OTHER
365,367,964,314,1006,344,his,42,30,his,OTHER
369,372,1011,314,1070,343,blue,59,29,blue,OTHER
374,381,1075,314,1197,343,earnings,122,29,earnings,OTHER
383,389,1202,314,1329,342,summary,127,28,summary,OTHER
391,397,1334,314,1429,342,section,95,28,section,OTHER
399,400,1434,314,1460,342,is,26,28,is,OTHER
402,409,1465,314,1579,342,included,114,28,included,OTHER
411,414,1584,314,1639,342,with,55,28,with,OTHER
416,419,1644,314,1705,342,your,61,28,your,OTHER
421,423,1711,314,1768,342,w-2,57,28,w-2,OTHER
425,426,1773,314,1799,342,to,26,28,to,OTHER
428,431,1804,314,1865,343,help,61,29,help,OTHER
433,440,1876,313,1984,344,describe,108,31,describe,OTHER
442,449,1990,313,2097,344,portions,107,31,portions,OTHER
451,452,2103,313,2128,345,in,25,32,in,OTHER
454,457,2134,312,2206,346,more,72,34,more,OTHER
459,465,2216,312,2288,346,detail.,72,34,detail.,OTHER
497,500,329,351,386,376,wage,57,25,wage,OTHER
502,504,428,346,465,370,and,37,24,and,OTHER
506,508,507,345,545,371,tax,38,26,tax,OTHER
566,567,965,343,999,370,he,34,27,he,OTHER
569,575,1006,343,1107,370,reverse,101,27,reverse,OTHER
577,580,1114,343,1170,370,side,56,27,side,OTHER
582,589,1175,343,1290,370,includes,115,27,includes,OTHER
591,597,1294,343,1394,370,general,100,27,general,OTHER
599,609,1398,343,1547,370,information,149,27,information,OTHER
611,614,1555,343,1607,370,that,52,27,that,OTHER
616,618,1612,343,1661,370,you,49,27,you,OTHER
620,622,1666,343,1725,370,may,59,27,may,OTHER
624,627,1732,343,1786,370,also,54,27,also,OTHER
629,632,1794,343,1843,370,find,49,27,find,OTHER
634,641,1848,343,1946,370,helpful.,98,27,helpful.,OTHER
646,648,112,379,169,416,n-2,57,37,n-2,OTHER
673,681,324,371,404,396,statement,80,25,statement,OTHER
691,694,583,386,665,417,2018,82,31,2018,taxYear
697,700,100,432,134,458,copy,34,26,copy,OTHER
702,702,137,432,148,455,c,11,23,c,OTHER
704,706,151,431,172,455,for,21,24,for,OTHER
708,717,174,431,251,455,employee's,77,24,employee's,OTHER
719,726,253,431,321,460,records.,68,29,records.,OTHER
743,745,564,422,596,448,omb,32,26,omb,OTHER
747,749,599,422,627,447,no.,28,25,no.,OTHER
751,759,631,422,709,448,1545-0008,78,26,1545-0008,OTHER
802,803,1025,425,1048,455,1.,23,30,1.,OTHER
805,807,1052,425,1097,455,the,45,30,the,OTHER
809,817,1101,424,1211,455,following,110,31,following,OTHER
819,829,1215,424,1353,454,information,138,30,information,OTHER
831,838,1357,424,1448,454,reflects,91,30,reflects,OTHER
840,843,1452,424,1506,454,your,54,30,your,OTHER
845,849,1510,424,1565,454,final,55,30,final,OTHER
851,854,1569,424,1625,455,2018,56,31,2018,OTHER
856,858,1629,424,1675,455,pay,46,31,pay,OTHER
860,863,1679,424,1733,455,stub,54,31,stub,OTHER
865,868,1738,424,1792,455,plus,54,31,plus,OTHER
870,872,1796,424,1840,455,any,44,31,any,OTHER
874,884,1844,424,1992,456,adjustments,148,32,adjustments,OTHER
886,894,1996,424,2112,456,submitted,116,32,submitted,OTHER
896,897,2116,425,2149,456,by,33,31,by,OTHER
899,902,2153,425,2209,457,your,56,32,your,OTHER
904,912,2213,425,2337,457,employer.,124,32,employer.,OTHER
915,915,99,449,117,475,d,18,26,d,OTHER
917,923,129,449,184,475,control,55,26,control,OTHER
925,930,186,444,256,475,number,70,31,number,OTHER
932,936,306,448,348,487,dept.,42,39,dept.,OTHER
938,939,351,458,382,490,50,31,32,50,OTHER
966,973,614,450,678,479,emplover,64,29,emplover,OTHER
975,977,683,450,708,479,use,25,29,use,OTHER
979,982,713,452,752,484,only,39,32,only,OTHER
984,985,757,458,780,488,36,23,30,36,OTHER
987,993,97,473,175,503,5571285,78,30,5571285,OTHER
1034,1034,562,464,585,496,a,23,32,a,OTHER
1100,1104,1102,472,1144,499,gross,42,27,gross,OTHER
1106,1108,1148,468,1179,497,pay,31,29,pay,OTHER
1116,1123,1262,467,1334,493,50626.19,72,26,50626.19,OTHER
1144,1150,1638,468,1692,494,2462.23,54,26,2462.23,OTHER
1161,1163,1836,474,1856,497,wi.,20,23,wi.,OTHER
1165,1169,1860,474,1896,497,state,36,23,state,OTHER
1171,1176,1900,473,1957,497,income,57,24,income,OTHER
1178,1180,1961,472,1983,496,tax,22,24,tax,OTHER
1182,1187,2069,464,2118,495,2095.8,49,31,2095.8,OTHER
1332,1334,1458,488,1481,516,tax,23,28,tax,OTHER
1336,1343,1485,484,1562,516,withheld,77,32,withheld,OTHER
1365,1367,1837,496,1865,518,box,28,22,box,OTHER
1369,1370,1867,498,1887,519,1/,20,21,1/,OTHER
1371,1376,1879,513,1936,537,income,57,24,income,OTHER
1563,1564,1889,500,1905,519,of,16,19,of,OTHER
1566,1568,1907,500,1944,521,w-2,37,21,w-2,OTHER
1576,1585,139,518,214,551,implover's,75,33,implover's,OTHER
1713,1715,1458,510,1481,537,box,23,27,box,OTHER
1717,1717,1484,509,1495,536,4,11,27,4,OTHER
1719,1720,1498,509,1513,535,of,15,26,of,OTHER
1722,1724,1516,509,1554,536,w-2,38,27,w-2,OTHER
1745,1749,1835,511,1876,535,local,41,24,local,OTHER
1760,1761,1938,514,1954,537,ta,16,23,ta,OTHER
1766,1772,2071,511,2122,536,3208.77,51,25,3208.77,OTHER
1782,1786,155,537,225,566,pratt,70,29,pratt,employerName
1788,1792,216,516,266,546,"name,",50,30,"name,",OTHER
1811,1813,232,537,278,564,plc,46,27,plc,employerName
1814,1821,268,513,335,544,"address,",67,31,"address,",OTHER
1846,1850,283,537,356,561,group,73,24,group,employerName
1852,1854,338,512,366,541,and,28,29,and,OTHER
1856,1858,369,511,395,540,zip,26,29,zip,OTHER
1860,1863,398,510,438,539,code,40,29,code,OTHER
1998,2000,1836,532,1864,560,box,28,28,box,OTHER
2002,2003,1868,531,1887,560,19,19,29,19,OTHER
2005,2006,1890,531,1903,559,of,13,28,of,OTHER
2008,2009,1906,533,1926,560,w-,20,27,w-,OTHER
2011,2011,1928,534,1940,560,2,12,26,2,OTHER
2021,2024,153,567,213,602,9783,60,35,9783,employerAddressStreet_name
2026,2031,217,566,302,595,garcia,85,29,garcia,employerAddressStreet_name
2033,2038,304,566,395,600,meadow,91,34,meadow,employerAddressStreet_name
2127,2130,1102,568,1132,595,fed.,30,27,fed.,OTHER
2132,2137,1136,568,1199,594,income,63,26,income,OTHER
2141,2147,1256,565,1313,590,6700.29,57,25,6700.29,OTHER
2155,2162,1453,567,1520,595,medicare,67,28,medicare,OTHER
2164,2166,1524,566,1549,593,tax,25,27,tax,OTHER
2174,2179,1672,564,1719,592,945.35,47,28,945.35,OTHER
2189,2198,159,590,291,624,greenmouth,132,34,greenmouth,employerAddressCity
2200,2201,334,592,369,620,al,35,28,al,employerAddressState
2203,2212,388,591,524,621,01436-7916,136,30,01436-7916,employerAddressZip
2294,2296,1101,592,1128,619,tax,27,27,tax,OTHER
2298,2305,1130,591,1198,618,withheld,68,27,withheld,OTHER
2324,2331,1454,592,1530,618,withheld,76,26,withheld,OTHER
2475,2477,1106,615,1129,642,box,23,27,box,OTHER
2479,2479,1485,616,1495,642,6,10,26,6,OTHER
2481,2482,1147,617,1160,644,of,13,27,of,OTHER
2484,2484,1518,616,1529,643,w,11,27,w,OTHER
2486,2486,1532,615,1536,643,-,4,28,-,OTHER
2488,2488,1134,617,1142,644,2,8,27,2,OTHER
2510,2512,1453,612,1483,642,box,30,30,box,OTHER
2514,2515,1869,613,1887,639,14,18,26,14,OTHER
2517,2518,1498,616,1515,643,of,17,27,of,OTHER
2520,2521,1909,616,1930,645,w-,21,29,w-,OTHER
2638,2640,1843,614,1865,640,box,22,26,box,OTHER
2642,2642,1539,614,1559,642,2,20,28,2,OTHER
2644,2645,1891,614,1905,642,of,14,28,of,OTHER
2647,2649,1164,618,1194,644,w-2,30,26,w-2,OTHER
2688,2692,407,683,475,712,batch,68,29,batch,OTHER
2723,2728,589,678,673,710,#02021,84,32,#02021,OTHER
2730,2732,98,728,129,754,elf,31,26,elf,OTHER
2734,2742,132,728,216,756,employees,84,28,employees,OTHER
2744,2748,218,728,265,756,name.,47,28,name.,OTHER
2750,2756,267,728,329,756,address,62,28,address,OTHER
2758,2760,332,727,361,755,and,29,28,and,OTHER
2762,2764,364,727,390,755,zip,26,28,zip,OTHER
2766,2769,393,726,439,754,code,46,28,code,OTHER
2877,2878,1023,753,1047,781,2.,24,28,2.,OTHER
2880,2883,1053,753,1110,782,your,57,29,your,OTHER
2885,2889,1116,753,1187,782,gross,71,29,gross,OTHER
2891,2893,1192,754,1237,783,pay,45,29,pay,OTHER
2895,2897,1242,754,1291,783,was,49,29,was,OTHER
2899,2906,1296,754,1398,783,adjusted,102,29,adjusted,OTHER
2908,2909,1403,754,1432,783,as,29,29,as,OTHER
2911,2917,1437,753,1523,783,follows,86,30,follows,OTHER
2919,2920,1527,753,1552,783,to,25,30,to,OTHER
2922,2928,1557,753,1658,783,produce,101,30,produce,OTHER
2930,2933,1663,752,1717,783,your,54,31,your,OTHER
2935,2937,1722,752,1771,783,w-2,49,31,w-2,OTHER
2939,2948,1776,751,1894,783,statement.,118,32,statement.,OTHER
2956,2960,152,785,224,817,ricky,72,32,ricky,employeeName
2962,2966,245,784,310,814,adams,65,30,adams,employeeName
2974,2978,154,811,225,841,18965,71,30,18965,OTHER
2980,2985,231,811,318,841,sandra,87,30,sandra,OTHER
2987,2991,322,812,396,841,pines,74,29,pines,OTHER
3113,3118,1334,817,1389,844,"wages,",55,27,"wages,",OTHER
3120,3124,1394,816,1430,844,"tips,",36,28,"tips,",OTHER
3126,3129,1435,814,1465,842,othe,30,28,othe,OTHER
3140,3145,1582,814,1625,845,social,43,31,social,OTHER
3147,3151,1631,813,1672,843,secur,41,30,secur,OTHER
3154,3159,1678,813,1729,841,medica,51,28,medica,OTHER
3175,3182,1840,812,1896,845,wi.state,56,33,wi.state,OTHER
3184,3189,1900,809,1970,840,"wages,",70,31,"wages,",OTHER
3191,3196,1992,812,2052,842,thomas,60,30,thomas,OTHER
3198,3203,2056,812,2108,842,stream,52,30,stream,OTHER
3212,3222,156,840,305,872,matthewside,149,32,matthewside,OTHER
3224,3225,349,841,381,868,ct,32,27,ct,OTHER
3227,3236,402,840,538,869,20148-6977,136,29,20148-6977,OTHER
3351,3353,1335,856,1362,886,box,27,30,box,OTHER
3355,3355,1367,856,1376,886,1,9,30,1,OTHER
3357,3358,1381,856,1395,886,of,14,30,of,OTHER
3360,3360,1400,857,1408,887,w,8,30,w,OTHER
3362,3362,1413,858,1415,887,-,2,29,-,OTHER
3364,3364,1421,859,1437,887,2,16,28,2,OTHER
3378,3382,1583,840,1643,871,wages,60,31,wages,OTHER
3383,3387,1679,829,1743,860,wanes,64,31,wanes,OTHER
3412,3414,1836,856,1866,886,box,30,30,box,OTHER
3416,3417,1869,856,1887,886,16,18,30,16,OTHER
3419,3420,1626,860,1640,892,of,14,32,of,OTHER
3422,3422,1644,860,1655,892,w,11,32,w,OTHER
3424,3424,1659,860,1661,891,-,2,31,-,OTHER
3426,3426,1665,860,1674,891,2,9,31,2,OTHER
3428,3432,1993,842,2031,869,local,38,27,local,OTHER
3434,3439,2035,840,2093,869,"wages,",58,29,"wages,",OTHER
3612,3614,1578,860,1609,894,box,31,34,box,OTHER
3616,3616,1613,860,1622,892,3,9,32,3,OTHER
3618,3619,1724,860,1737,890,of,13,30,of,OTHER
3621,3621,1741,860,1753,890,w,12,30,w,OTHER
3623,3623,1757,860,1759,890,-,2,30,-,OTHER
3625,3625,1763,860,1779,890,2,16,30,2,OTHER
3627,3629,1678,860,1707,891,box,29,31,box,OTHER
3631,3631,1711,860,1720,891,5,9,31,5,OTHER
3633,3634,1890,856,1904,888,of,14,32,of,OTHER
3636,3636,1908,858,1920,890,w,12,32,w,OTHER
3638,3638,1923,860,1926,890,-,3,30,-,OTHER
3640,3640,1929,861,1941,892,2,12,31,2,OTHER
3866,3868,1992,879,2020,910,box,28,31,box,OTHER
3870,3871,2024,882,2041,911,18,17,29,18,OTHER
3873,3874,2045,882,2060,911,of,15,29,of,OTHER
3876,3877,2064,880,2086,910,w2,22,30,w2,OTHER
3882,3891,135,905,217,931,emplover's,82,26,emplover's,OTHER
3893,3895,221,905,252,930,fed,31,25,fed,OTHER
3897,3898,256,904,272,930,id,16,26,id,OTHER
3900,3905,276,902,334,930,number,58,28,number,OTHER
3922,3931,436,904,522,934,employee's,86,30,employee's,OTHER
3933,3935,525,906,556,936,ssa,31,30,ssa,OTHER
3937,3947,559,908,668,952,num_08-0355,109,44,num_08-0355,ssnOfEmployee
3956,3965,151,922,258,952,75-1132926,107,30,75-1132926,einEmployerIdentificationNumber
4062,4062,1071,933,1088,961,t,17,28,t,OTHER
4064,4068,1102,926,1140,954,gross,38,28,gross,OTHER
4070,4072,1145,926,1172,952,pay,27,26,pay,OTHER
4100,4107,1997,918,2062,946,50626.19,65,28,50626.19,OTHER
4120,4124,1588,923,1630,952,50626,42,29,50626,OTHER
4135,4140,1703,924,1748,950,626.19,45,26,626.19,OTHER
4157,4164,1382,921,1451,946,50626.19,69,25,50626.19,OTHER
4174,4181,1841,923,1903,947,50626.19,62,24,50626.19,OTHER
4227,4233,433,957,487,991,federal,54,34,federal,OTHER
4235,4240,491,959,546,991,income,55,32,income,OTHER
4242,4244,550,961,573,989,tax,23,28,tax,OTHER
4246,4249,577,962,605,987,with,28,25,with,OTHER
4251,4252,608,962,630,983,he,22,21,he,OTHER
4367,4370,1679,937,1724,965,4546,45,28,4546,OTHER
4407,4410,1992,949,2032,971,4546,40,22,4546,OTHER
4417,4421,133,963,180,991,wages,47,28,wages,OTHER
4423,4423,183,963,187,989,",",4,26,",",OTHER
4425,4428,190,962,216,989,tips,26,27,tips,OTHER
4430,4430,218,962,225,988,",",7,26,",",OTHER
4432,4436,227,961,267,988,other,40,27,other,OTHER
4438,4441,270,959,308,987,comp,38,28,comp,OTHER
4443,4443,311,959,319,987,.,8,28,.,OTHER
4471,4477,561,977,628,1004,6700.29,67,27,6700.29,box2FederalIncomeTaxWithheld
4518,4521,1022,966,1057,993,less,35,27,less,OTHER
4523,4525,1061,965,1082,991,401,21,26,401,OTHER
4527,4529,1086,964,1106,990,(k),20,26,(k),OTHER
4531,4536,1110,962,1160,989,(d-box,50,27,(d-box,OTHER
4538,4539,1164,962,1183,987,2),19,25,2),OTHER
4558,4562,1336,971,1371,1001,8700.,35,30,8700.,OTHER
4564,4565,1374,975,1395,1003,29,21,28,29,OTHER
4595,4597,1679,960,1718,994,nia,39,34,nia,OTHER
4618,4624,1834,967,1898,1002,2900.29,64,35,2900.29,OTHER
4733,4740,1022,1000,1089,1026,reported,67,26,reported,OTHER
4742,4744,1094,999,1122,1026,w-2,28,27,w-2,OTHER
4746,4750,1127,994,1182,1024,wages,55,30,wages,OTHER
4772,4779,1334,990,1407,1022,41463.67,73,32,41463.67,OTHER
4809,4811,1687,987,1711,1020,146,24,33,146,OTHER
4813,4816,1714,990,1744,1024,3.67,30,34,3.67,OTHER
4849,4854,1990,985,2038,1017,6700.5,48,32,6700.5,OTHER
4856,4857,2039,993,2057,1020,67,18,27,67,OTHER
4865,4869,152,1028,197,1059,52185,45,31,52185,box3SocialSecurityWages
4871,4871,199,1029,209,1059,-,10,30,-,box3SocialSecurityWages
4873,4874,211,1027,229,1058,96,18,31,96,box3SocialSecurityWages
4876,4876,231,1025,243,1055,v,12,30,v,OTHER
4878,4878,244,1022,258,1053,w,14,31,w,OTHER
4902,4907,436,1018,482,1048,social,46,30,social,OTHER
4909,4916,485,1018,544,1048,security,59,30,security,OTHER
4918,4920,547,1019,570,1048,tax,23,29,tax,OTHER
4922,4929,573,1018,641,1048,withheld,68,30,withheld,OTHER
4938,4945,139,1090,199,1118,medicare,60,28,medicare,OTHER
4947,4951,203,1088,251,1113,wages,48,25,wages,OTHER
4953,4955,255,1088,283,1111,and,28,23,and,OTHER
4957,4960,287,1088,325,1110,tips,38,22,tips,OTHER
4976,4983,433,1088,503,1115,medicare,70,27,medicare,OTHER
4985,4987,506,1088,529,1114,tax,23,26,tax,OTHER
4989,4996,533,1088,601,1116,withheld,68,28,withheld,OTHER
5038,5039,1023,1085,1046,1115,3.,23,30,3.,OTHER
5041,5048,1052,1085,1168,1115,employee,116,30,employee,OTHER
5050,5052,1174,1085,1221,1115,w-4,47,30,w-4,OTHER
5054,5061,1226,1085,1313,1115,profile.,87,30,profile.,OTHER
5063,5064,1319,1085,1348,1116,to,29,31,to,OTHER
5066,5071,1353,1085,1440,1116,change,87,31,change,OTHER
5073,5076,1445,1085,1501,1116,your,56,31,your,OTHER
5078,5085,1505,1085,1623,1116,employee,118,31,employee,OTHER
5087,5089,1628,1085,1676,1116,w-4,48,31,w-4,OTHER
5091,5097,1680,1085,1758,1116,profile,78,31,profile,OTHER
5099,5110,1762,1086,1907,1117,"information,",145,31,"information,",OTHER
5112,5115,1911,1086,1950,1117,file,39,31,file,OTHER
5117,5117,1953,1086,1970,1117,a,17,31,a,OTHER
5119,5121,1973,1086,2024,1117,new,51,31,new,OTHER
5123,5125,2029,1086,2076,1117,w-4,47,31,w-4,OTHER
5127,5130,2079,1086,2133,1117,with,54,31,with,OTHER
5132,5135,2135,1086,2193,1118,your,58,32,your,OTHER
5137,5143,2196,1086,2286,1118,payroll,90,32,payroll,OTHER
5145,5149,2288,1086,2360,1118,dept.,72,32,dept.,OTHER
5158,5162,151,1108,199,1133,32598,48,25,32598,OTHER
5164,5164,200,1108,207,1132,.,7,24,.,OTHER
5166,5166,208,1107,228,1132,3,20,25,3,OTHER
5212,5215,565,1107,596,1134,945.,31,27,945.,OTHER
5217,5218,601,1107,614,1134,35,13,27,35,OTHER
5261,5261,406,1146,425,1176,8,19,30,8,OTHER
5263,5271,437,1145,503,1176,allocated,66,31,allocated,OTHER
5273,5276,506,1146,548,1182,tips,42,36,tips,OTHER
5426,5431,1837,1151,1877,1181,social,40,30,social,OTHER
5433,5440,1882,1151,1936,1179,security,54,28,security,OTHER
5442,5446,1940,1152,1991,1177,numbe,51,25,numbe,OTHER
5460,5460,621,1161,629,1187,3,8,26,3,OTHER
5461,5461,413,1481,434,1512,8,21,31,8,OTHER
5462,5462,258,1441,263,1470,-,5,29,-,OTHER
5463,5463,413,1206,432,1234,0,19,28,0,OTHER
5464,5464,619,1494,628,1523,8,9,29,8,OTHER
5467,5467,620,2074,627,2100,3,7,26,3,OTHER
5468,5468,248,1441,254,1470,5,6,29,5,OTHER
5476,5481,152,1161,207,1192,32185.,55,31,32185.,OTHER
5483,5485,210,1156,255,1191,"96""",45,35,"96""",OTHER
5530,5534,562,1162,606,1190,32598,44,28,32598,OTHER
5536,5536,610,1161,617,1188,.,7,27,.,OTHER
5538,5538,1392,2076,1408,2102,3,16,26,3,OTHER
5589,5593,1106,1171,1179,1200,ricky,73,29,ricky,OTHER
5595,5599,1203,1170,1278,1201,adams,75,31,adams,OTHER
5604,5615,131,1208,217,1237,verification,86,29,verification,OTHER
5617,5620,221,1207,259,1233,code,38,26,code,OTHER
5645,5653,439,1206,519,1234,dependent,80,28,dependent,OTHER
5655,5658,522,1206,555,1234,care,33,28,care,OTHER
5660,5667,558,1206,617,1234,benefits,59,28,benefits,OTHER
5720,5724,1108,1207,1182,1239,18965,74,32,18965,OTHER
5726,5731,1190,1208,1284,1238,sandra,94,30,sandra,OTHER
5733,5737,1292,1207,1360,1238,pines,68,31,pines,OTHER
5806,5812,1835,1201,1906,1229,federal,71,28,federal,OTHER
5814,5814,1908,1199,1927,1228,:,19,29,:,OTHER
5934,5943,1101,1247,1254,1277,greenmouth,153,30,greenmouth,OTHER
5945,5946,1306,1250,1337,1277,al,31,27,al,OTHER
5948,5953,1364,1249,1455,1277,01436-,91,28,01436-,OTHER
6021,6025,1834,1233,1897,1268,local,63,35,local,OTHER
6031,6042,135,1264,231,1288,nonqualified,96,24,nonqualified,OTHER
6044,6048,234,1264,274,1288,plans,40,24,plans,OTHER
6069,6071,409,1263,435,1290,12a,26,27,12a,OTHER
6073,6075,440,1264,466,1290,see,26,26,see,OTHER
6077,6088,471,1263,558,1290,instructions,87,27,instructions,OTHER
6090,6092,562,1263,584,1290,for,22,27,for,OTHER
6094,6096,588,1262,616,1289,box,28,27,box,OTHER
6098,6099,620,1261,636,1288,12,16,27,12,OTHER
6102,6102,107,1326,121,1348,4,14,22,4,OTHER
6104,6108,142,1324,187,1348,other,45,24,other,OTHER
6167,6170,562,1309,600,1337,4546,38,28,4546,OTHER
6214,6215,413,1350,439,1377,20,26,27,20,OTHER
6237,6239,563,1342,599,1367,757,36,25,757,OTHER
6283,6286,422,1386,442,1417,stat,20,31,stat,OTHER
6288,6290,446,1386,467,1417,amp,21,31,amp,OTHER
6292,6292,471,1385,477,1417,.,6,32,.,OTHER
6294,6297,481,1385,498,1417,fist,17,32,fist,OTHER
6299,6299,502,1385,504,1417,.,2,32,.,OTHER
6301,6304,507,1384,548,1417,plan,41,33,plan,OTHER
6306,6308,561,1383,579,1416,ard,18,33,ard,OTHER
6310,6314,582,1383,610,1416,party,28,33,party,OTHER
6316,6319,612,1382,635,1415,sick,23,33,sick,OTHER
6321,6323,637,1382,664,1414,pay,27,32,pay,OTHER
6328,6332,139,1430,183,1453,state,44,23,state,OTHER
6334,6335,229,1441,244,1470,48,15,29,48,OTHER
6337,6337,104,2501,122,2523,5,18,22,5,OTHER
6341,6342,267,1440,283,1469,10,16,29,10,OTHER
6344,6347,286,1440,334,1471,-303,48,31,-303,OTHER
6365,6366,407,1418,435,1451,16,28,33,16,OTHER
6368,6372,445,1419,482,1453,state,37,34,state,OTHER
6374,6378,487,1421,529,1454,wades,42,33,wades,OTHER
6380,6380,533,1423,537,1454,",",4,31,",",OTHER
6382,6385,542,1423,565,1455,tips,23,32,tips,OTHER
6387,6387,569,1424,575,1456,.,6,32,.,OTHER
6389,6392,580,1424,625,1457,etc.,45,33,etc.,OTHER
6395,6396,101,1483,123,1509,17,22,26,17,OTHER
6398,6402,143,1484,179,1511,state,36,27,state,OTHER
6404,6409,183,1484,237,1511,income,54,27,income,OTHER
6411,6413,241,1483,269,1510,tax,28,27,tax,OTHER
6436,6436,406,2056,428,2089,8,22,33,8,OTHER
6438,6442,443,1482,482,1514,local,39,32,local,OTHER
6444,6449,487,1484,539,1517,wanes.,52,33,wanes.,OTHER
6451,6458,543,1488,616,1522,tips1812,73,34,tips1812,OTHER
6460,6460,1179,2054,1202,2088,8,23,34,8,OTHER
6463,6464,102,1542,126,1570,19,24,28,19,OTHER
6466,6469,152,1547,195,1583,8208,43,36,8208,OTHER
6475,6476,142,1540,159,1567,lo,17,27,lo,OTHER
6478,6481,200,1545,238,1577,come,38,32,come,OTHER
6483,6485,243,1545,265,1574,tax,22,29,tax,OTHER
6514,6521,445,1541,499,1573,locality,54,32,locality,OTHER
6523,6526,504,1545,557,1578,name,53,33,name,OTHER
6528,6533,564,1550,624,1583,thomas,60,33,thomas,OTHER
6535,6540,629,1555,688,1587,stream,59,32,stream,OTHER
6648,6648,1023,1558,1034,1588,@,11,30,@,OTHER
6650,6653,1039,1557,1071,1587,2018,32,30,2018,OTHER
6655,6657,1076,1557,1103,1586,adp,27,29,adp,OTHER
6659,6659,1108,1556,1113,1586,",",5,30,",",OTHER
6661,6663,1118,1556,1157,1585,llc,39,29,llc,OTHER
6667,6667,98,1678,119,1709,1,21,31,1,OTHER
6669,6673,133,1678,177,1708,wanes,44,30,wanes,OTHER
6675,6675,182,1678,185,1707,.,3,29,.,OTHER
6677,6680,190,1678,214,1706,tips,24,28,tips,OTHER
6682,6682,219,1677,224,1705,.,5,28,.,OTHER
6684,6688,229,1675,267,1705,other,38,30,other,OTHER
6690,6693,272,1673,308,1703,comp,36,30,comp,OTHER
6695,6695,313,1672,322,1701,.,9,29,.,OTHER
6706,6712,433,1673,488,1705,federal,55,32,federal,OTHER
6714,6719,492,1675,547,1706,income,55,31,income,OTHER
6721,6723,551,1676,574,1706,tax,23,30,tax,OTHER
6725,6728,578,1677,605,1706,with,27,29,with,OTHER
6730,6732,609,1677,631,1706,hel,22,29,hel,OTHER
6753,6753,863,1675,891,1709,1,28,34,1,OTHER
6755,6759,902,1676,945,1708,wages,43,32,wages,OTHER
6761,6761,951,1677,954,1707,.,3,30,.,OTHER
6763,6766,960,1676,981,1707,tips,21,31,tips,OTHER
6768,6768,988,1676,990,1706,",",2,30,",",OTHER
6770,6774,997,1675,1033,1706,other,36,31,other,OTHER
6776,6779,1039,1672,1073,1704,comp,34,32,comp,OTHER
6781,6781,1080,1672,1085,1702,.,5,30,.,OTHER
6792,6792,1178,1675,1201,1713,2,23,38,2,OTHER
6794,6800,1208,1675,1261,1710,federal,53,35,federal,OTHER
6802,6807,1267,1675,1317,1707,income,50,32,income,OTHER
6809,6811,1324,1675,1345,1705,tax,21,30,tax,OTHER
6813,6820,1352,1675,1409,1705,withheld,57,30,withheld,OTHER
6855,6859,1715,1674,1759,1707,wages,44,33,wages,OTHER
6861,6861,1765,1677,1767,1707,",",2,30,",",OTHER
6863,6866,1773,1677,1795,1707,tips,22,30,tips,OTHER
6868,6868,1800,1677,1805,1707,",",5,30,",",OTHER
6870,6874,1810,1675,1848,1707,other,38,32,other,OTHER
6876,6879,1854,1672,1888,1705,comp,34,33,comp,OTHER
6881,6881,1894,1671,1898,1701,.,4,30,.,OTHER
6889,6895,2022,1675,2075,1705,federal,53,30,federal,OTHER
6897,6902,2080,1675,2135,1705,income,55,30,income,OTHER
6904,6906,2140,1676,2160,1705,tax,20,29,tax,OTHER
6908,6915,2165,1676,2223,1705,withheld,58,29,withheld,OTHER
6955,6955,407,1715,428,1755,4,21,40,4,OTHER
6957,6962,134,1722,180,1747,social,46,25,social,OTHER
6964,6971,183,1721,241,1747,security,58,26,security,OTHER
6973,6975,545,1715,567,1748,tax,22,33,tax,OTHER
6977,6984,574,1714,639,1746,withheld,65,32,withheld,OTHER
7006,7011,436,1715,478,1754,social,42,39,social,OTHER
7012,7016,945,1735,990,1763,32185,45,28,32185,OTHER
7114,7121,485,1716,538,1752,security,53,36,security,OTHER
7146,7151,1208,1715,1251,1757,social,43,42,social,OTHER
7153,7160,952,1719,1008,1746,security,56,27,security,OTHER
7162,7164,1317,1714,1340,1750,tax,23,36,tax,OTHER
7166,7173,1345,1711,1409,1748,withheld,64,37,withheld,OTHER
7240,7245,902,1719,947,1748,social,45,29,social,OTHER
7247,7254,1255,1715,1312,1754,security,57,39,security,OTHER
7256,7258,2134,1718,2155,1748,tax,21,30,tax,OTHER
7260,7267,2159,1717,2219,1747,withheld,60,30,withheld,OTHER
7274,7279,1715,1720,1760,1747,social,45,27,social,OTHER
7281,7288,1765,1720,1822,1745,security,57,25,security,OTHER
7290,7294,245,1721,292,1746,wages,47,25,wages,OTHER
7301,7301,2205,2074,2213,2098,3,8,24,3,OTHER
7302,7302,757,1814,774,1846,2,17,32,2,OTHER
7303,7303,108,2176,125,2202,1,17,26,1,OTHER
7304,7304,411,2554,435,2584,8,24,30,8,OTHER
7306,7306,993,1735,999,1763,.,6,28,.,OTHER
7307,7308,1002,1735,1025,1764,95,23,29,95,OTHER
7398,7398,438,1807,446,1838,.,8,31,.,OTHER
7402,7405,1013,1719,1049,1746,wage,36,27,wage,OTHER
7437,7443,1334,1737,1403,1770,2452.23,69,33,2452.23,OTHER
7485,7490,2022,1717,2068,1749,social,46,32,social,OTHER
7492,7499,2073,1718,2130,1749,security,57,31,security,OTHER
7501,7504,1827,1720,1861,1744,wage,34,24,wage,OTHER
7698,7703,1757,1740,1812,1767,32185.,55,27,32185.,OTHER
7705,7706,1814,1738,1845,1766,96,31,28,96,OTHER
7744,7750,2147,1737,2215,1769,2452-23,68,32,2452-23,OTHER
7759,7766,144,1762,200,1792,ledicare,56,30,ledicare,OTHER
7768,7772,204,1762,252,1794,wanes,48,32,wanes,OTHER
7774,7776,255,1761,284,1794,and,29,33,and,OTHER
7778,7781,288,1759,327,1794,tips,39,35,tips,OTHER
7791,7798,433,1758,498,1796,medicare,65,38,medicare,OTHER
7800,7802,505,1761,524,1797,tax,19,36,tax,OTHER
7804,7811,531,1762,614,1798,withheld,83,36,withheld,OTHER
7843,7850,900,1763,966,1796,medicare,66,33,medicare,OTHER
7852,7856,971,1762,1018,1791,wages,47,29,wages,OTHER
7858,7860,1023,1762,1049,1790,and,26,28,and,OTHER
7862,7865,1054,1762,1084,1792,tips,30,30,tips,OTHER
7878,7878,1179,1756,1201,1798,6,22,42,6,OTHER
7880,7887,1208,1757,1271,1797,medicare,63,40,medicare,OTHER
7889,7891,1278,1759,1301,1797,tax,23,38,tax,OTHER
7893,7900,1307,1761,1390,1801,withheld,83,40,withheld,OTHER
7976,7983,2020,1762,2087,1797,medicare,67,35,medicare,OTHER
7985,7987,2092,1761,2113,1795,tax,21,34,tax,OTHER
7989,7996,2118,1760,2199,1793,withheld,81,33,withheld,OTHER
8191,8195,1738,1772,1781,1803,degre,43,31,degre,OTHER
8197,8201,1785,1767,1833,1800,wages,48,33,wages,OTHER
8203,8205,1837,1764,1864,1796,and,27,32,and,OTHER
8207,8210,1868,1759,1907,1793,tips,39,34,tips,OTHER
8237,8241,307,1811,361,1845,dept.,54,34,dept.,OTHER
8249,8252,407,1807,433,1839,corp,26,32,corp,OTHER
8254,8254,610,2074,618,2101,.,8,27,.,OTHER
8276,8283,615,1809,677,1840,employer,62,31,employer,OTHER
8285,8287,683,1809,708,1840,use,25,31,use,OTHER
8289,8292,713,1810,753,1844,only,40,34,only,OTHER
8294,8294,906,2779,913,2806,2,7,27,2,OTHER
8324,8327,1100,1815,1147,1846,dept,47,31,dept,OTHER
8328,8332,1180,1810,1225,1842,corp.,45,32,corp.,OTHER
8363,8370,1388,1806,1452,1837,employer,64,31,employer,OTHER
8372,8374,1456,1808,1483,1837,use,27,29,use,OTHER
8376,8379,1487,1808,1529,1837,only,42,29,only,OTHER
8400,8406,898,1812,952,1843,control,54,31,control,OTHER
8408,8413,188,1807,253,1838,number,65,31,number,OTHER
8428,8432,1913,1815,1963,1842,dept.,50,27,dept.,OTHER
8459,8466,2201,1807,2265,1838,employer,64,31,employer,OTHER
8468,8470,2270,1810,2294,1840,use,24,30,use,OTHER
8472,8475,2298,1812,2338,1846,only,40,34,only,OTHER
8477,8478,2342,1818,2370,1851,36,28,33,36,OTHER
8481,8489,108,1811,183,1846,57control,75,35,57control,OTHER
8491,8496,956,1807,1025,1836,number,69,29,number,OTHER
8576,8581,1769,1806,1824,1836,number,55,30,number,OTHER
8585,8594,133,1843,216,1876,employer's,83,33,employer's,OTHER
8596,8599,219,1847,256,1878,name,37,31,name,OTHER
8601,8601,259,1849,267,1878,",",8,29,",",OTHER
8603,8609,270,1849,325,1879,address,55,30,address,OTHER
8611,8611,327,1849,333,1879,",",6,30,",",OTHER
8613,8615,336,1848,367,1879,and,31,31,and,OTHER
8617,8619,369,1848,395,1878,zip,26,30,zip,OTHER
8621,8624,397,1846,437,1878,code,40,32,code,OTHER
8669,8678,902,1843,982,1877,employer's,80,34,employer's,OTHER
8680,8683,985,1848,1025,1879,name,40,31,name,OTHER
8685,8685,1028,1849,1034,1879,",",6,30,",",OTHER
8687,8693,1037,1849,1092,1879,address,55,30,address,OTHER
8695,8695,1095,1849,1101,1879,",",6,30,",",OTHER
8697,8699,1104,1848,1133,1879,and,29,31,and,OTHER
8701,8703,1136,1847,1163,1878,zip,27,31,zip,OTHER
8705,8708,1165,1844,1214,1877,code,49,33,code,OTHER
8769,8778,1716,1842,1799,1876,employer's,83,34,employer's,OTHER
8780,8784,1802,1847,1848,1878,"name,",46,31,"name,",OTHER
8786,8793,1851,1848,1916,1878,"address,",65,30,"address,",OTHER
8795,8797,1918,1848,1949,1878,and,31,30,and,OTHER
8799,8801,1950,1848,1977,1877,zip,27,29,zip,OTHER
8803,8806,1979,1847,2015,1876,code,36,29,code,OTHER
8815,8819,152,1871,226,1904,pratt,74,33,pratt,OTHER
8821,8823,230,1876,279,1905,plc,49,29,plc,OTHER
8825,8829,283,1878,355,1905,group,72,27,group,OTHER
8902,8906,946,1870,1020,1903,pratt,74,33,pratt,OTHER
8908,8910,1022,1875,1073,1904,plc,51,29,plc,OTHER
8912,8916,1076,1877,1149,1905,group,73,28,group,OTHER
9002,9006,1758,1874,1834,1903,pratt,76,29,pratt,OTHER
9008,9010,1837,1875,1884,1903,plc,47,28,plc,OTHER
9012,9016,1889,1877,1962,1904,group,73,27,group,OTHER
9026,9029,153,1903,212,1936,9783,59,33,9783,OTHER
9031,9036,216,1903,301,1934,garcia,85,31,garcia,OTHER
9038,9043,306,1905,387,1938,meadow,81,33,meadow,OTHER
9113,9116,946,1906,1005,1935,9783,59,29,9783,OTHER
9118,9123,1011,1906,1096,1936,garcia,85,30,garcia,OTHER
9125,9130,1099,1906,1184,1943,meadow,85,37,meadow,OTHER
9213,9216,1760,1904,1819,1937,9783,59,33,9783,OTHER
9218,9223,1824,1904,1909,1936,garcia,85,32,garcia,OTHER
9225,9230,1914,1904,2000,1940,meadow,86,36,meadow,OTHER
9240,9249,154,1930,293,1965,greenmouth,139,35,greenmouth,OTHER
9251,9252,334,1932,370,1964,al,36,32,al,OTHER
9254,9263,387,1930,527,1964,01436-7916,140,34,01436-7916,OTHER
9327,9336,944,1935,1084,1963,greenmouth,140,28,greenmouth,OTHER
9338,9339,1126,1929,1164,1961,al,38,32,al,OTHER
9341,9350,1180,1932,1312,1962,01436-7916,132,30,01436-7916,OTHER
9428,9437,1760,1929,1898,1963,greenmouth,138,34,greenmouth,OTHER
9439,9440,1941,1933,1976,1963,al,35,30,al,OTHER
9442,9451,1994,1931,2131,1963,01436-7916,137,32,01436-7916,OTHER
9458,9467,134,1996,216,2028,employer's,82,32,employer's,OTHER
9469,9471,221,1998,252,2028,fed,31,30,fed,OTHER
9473,9474,256,1999,271,2029,id,15,30,id,OTHER
9476,9481,275,1999,332,2029,number,57,30,number,OTHER
9494,9494,406,2000,425,2030,a,19,30,a,OTHER
9496,9505,435,1998,521,2030,employee's,86,32,employee's,OTHER
9507,9509,525,1998,556,2030,ssa,31,32,ssa,OTHER
9511,9516,560,1998,614,2031,number,54,33,number,OTHER
9544,9553,902,2000,983,2028,employer's,81,28,employer's,OTHER
9555,9557,986,2001,1019,2027,fed,33,26,fed,OTHER
9559,9560,1022,2001,1039,2027,id,17,26,id,OTHER
9562,9567,1042,2001,1106,2029,number,64,28,number,OTHER
9579,9579,1178,1997,1203,2031,a,25,34,a,OTHER
9581,9590,1209,1997,1295,2030,employee's,86,33,employee's,OTHER
9592,9594,1299,1997,1328,2030,ssa,29,33,ssa,OTHER
9596,9601,1333,1998,1392,2029,number,59,31,number,OTHER
9643,9652,1716,1997,1798,2029,employer's,82,32,employer's,OTHER
9654,9656,1802,2000,1833,2029,fed,31,29,fed,OTHER
9658,9659,1837,2000,1853,2029,id,16,29,id,OTHER
9661,9666,1856,2000,1921,2029,number,65,29,number,OTHER
9680,9680,1991,1998,2012,2030,a,21,32,a,OTHER
9682,9691,2021,1998,2108,2031,employee's,87,33,employee's,OTHER
9693,9695,2112,1998,2142,2030,ssa,30,32,ssa,OTHER
9697,9702,2146,1996,2211,2030,number,65,34,number,OTHER
9709,9718,151,2021,256,2049,76-1132926,105,28,76-1132926,OTHER
9724,9729,134,2061,178,2093,social,44,32,social,OTHER
9731,9738,182,2063,240,2093,security,58,30,security,OTHER
9740,9743,243,2060,271,2090,tips,28,30,tips,OTHER
9761,9761,2206,2567,2220,2597,8,14,30,8,OTHER
9763,9771,436,2056,502,2088,allocated,66,32,allocated,OTHER
9773,9776,508,2058,549,2088,tips,41,30,tips,OTHER
9810,9815,901,2061,946,2092,social,45,31,social,OTHER
9817,9824,950,2063,1009,2094,security,59,31,security,OTHER
9826,9829,1011,2065,1038,2095,tips,27,30,tips,OTHER
9847,9847,197,2573,219,2600,8,22,27,8,OTHER
9849,9857,1210,2055,1276,2087,allocated,66,32,allocated,OTHER
9859,9862,1280,2058,1325,2090,tips,45,32,tips,OTHER
9909,9914,1716,2059,1760,2091,social,44,32,social,OTHER
9916,9923,1764,2064,1823,2094,security,59,30,security,OTHER
9925,9928,1826,2068,1850,2095,tips,24,27,tips,OTHER
9948,9956,2023,2056,2089,2088,allocated,66,32,allocated,OTHER
9958,9961,2094,2058,2135,2088,tips,41,30,tips,OTHER
10021,10025,562,2075,608,2102,32598,46,27,32598,OTHER
10027,10027,1384,2077,1389,2102,.,5,25,.,OTHER
10107,10111,2149,2075,2192,2101,32598,43,26,32598,OTHER
10113,10113,2195,2074,2201,2098,.,6,24,.,OTHER
10209,10213,1334,2078,1381,2104,32598,47,26,32598,OTHER
10215,10215,502,2298,503,2334,.,1,36,.,OTHER
10222,10233,132,2115,216,2145,verification,84,30,verification,OTHER
10235,10238,220,2117,264,2144,code,44,27,code,OTHER
10260,10261,408,2117,434,2149,10,26,32,10,OTHER
10263,10271,439,2118,520,2149,dependent,81,31,dependent,OTHER
10273,10276,525,2118,555,2147,care,30,29,care,OTHER
10278,10284,560,2118,609,2145,benefit,49,27,benefit,OTHER
10309,10320,902,2117,985,2148,verification,83,31,verification,OTHER
10322,10325,989,2116,1026,2147,code,37,31,code,OTHER
10345,10346,1179,2114,1208,2147,10,29,33,10,OTHER
10348,10356,1212,2116,1292,2149,dependent,80,33,dependent,OTHER
10358,10361,1296,2118,1327,2149,care,31,31,care,OTHER
10363,10370,1332,2117,1386,2147,benefits,54,30,benefits,OTHER
10408,10419,1715,2117,1798,2148,verification,83,31,verification,OTHER
10421,10424,1803,2117,1837,2147,code,34,30,code,OTHER
10446,10447,1992,2115,2020,2146,10,28,31,10,OTHER
10449,10457,2025,2116,2106,2148,dependent,81,32,dependent,OTHER
10459,10462,2111,2118,2143,2148,care,32,30,care,OTHER
10464,10470,2148,2118,2198,2147,benefit,50,29,benefit,OTHER
10529,10531,562,2134,603,2161,175,41,27,175,OTHER
10535,10535,1688,2175,1708,2204,1,20,29,1,OTHER
10537,10548,137,2177,231,2205,nonqualified,94,28,nonqualified,OTHER
10550,10554,235,2178,282,2205,plans,47,27,plans,OTHER
10575,10576,414,2176,434,2207,2a,20,31,2a,OTHER
10578,10580,440,2176,465,2207,see,25,31,see,OTHER
10582,10593,471,2175,557,2207,instructions,86,32,instructions,OTHER
10595,10597,562,2175,581,2205,for,19,30,for,OTHER
10599,10601,587,2175,614,2205,box,27,30,box,OTHER
10603,10604,619,2175,639,2204,12,20,29,12,OTHER
10623,10634,905,2175,997,2205,nonqualified,92,30,nonqualified,OTHER
10636,10640,1001,2175,1049,2205,plans,48,30,plans,OTHER
10660,10661,1187,2176,1207,2207,2a,20,31,2a,OTHER
10663,10665,1212,2176,1238,2207,see,26,31,see,OTHER
10667,10678,1243,2176,1331,2207,instructions,88,31,instructions,OTHER
10680,10682,1336,2176,1356,2206,for,20,30,for,OTHER
10684,10686,1360,2175,1389,2205,box,29,30,box,OTHER
10688,10689,1393,2175,1408,2204,12,15,29,12,OTHER
10720,10720,1316,2226,1330,2262,1,14,36,1,OTHER
10722,10733,1718,2176,1811,2206,nonqualified,93,30,nonqualified,OTHER
10735,10739,1816,2175,1867,2206,plans,51,31,plans,OTHER
10763,10764,2002,2178,2022,2208,2a,20,30,2a,OTHER
10766,10768,2027,2177,2050,2207,see,23,30,see,OTHER
10770,10781,2055,2175,2144,2207,instructions,89,32,instructions,OTHER
10783,10785,2148,2174,2169,2206,for,21,32,for,OTHER
10787,10789,2173,2174,2203,2206,box,30,32,box,OTHER
10791,10792,2207,2174,2226,2206,12,19,32,12,OTHER
10880,10881,868,2233,891,2259,14,23,26,14,OTHER
10883,10886,911,2233,943,2256,othe,32,23,othe,OTHER
10938,10938,2129,2256,2142,2290,1,13,34,1,OTHER
10940,10942,1335,2223,1381,2261,667,46,38,667,OTHER
10980,10981,1684,2233,1702,2257,14,18,24,14,OTHER
10983,10986,1733,2230,1765,2261,ther,32,31,ther,OTHER
11237,11239,2147,2257,2191,2293,757,44,36,757,OTHER
11361,11362,402,2301,414,2337,13,12,36,13,OTHER
11364,11367,419,2300,442,2337,stat,23,37,stat,OTHER
11369,11371,1222,2298,1249,2337,emp,27,39,emp,OTHER
11373,11375,1255,2298,1269,2337,fel,14,39,fel,OTHER
11377,11377,1273,2298,1277,2336,.,4,38,.,OTHER
11379,11382,510,2296,553,2334,plan,43,38,plan,OTHER
11384,11386,560,2295,576,2332,ard,16,37,ard,OTHER
11388,11392,583,2294,610,2330,party,27,36,party,OTHER
11394,11397,616,2292,638,2329,sick,22,37,sick,OTHER
11399,11401,645,2291,667,2327,pay,22,36,pay,OTHER
11468,11469,1990,2282,2000,2324,1a,10,42,1a,OTHER
11471,11474,2008,2285,2028,2327,stat,20,42,stat,OTHER
11476,11478,2036,2289,2059,2331,emp,23,42,emp,OTHER
11480,11482,481,2298,496,2335,ret,15,37,ret,OTHER
11484,11484,2087,2295,2091,2332,.,4,37,.,OTHER
11486,11489,1281,2297,1327,2336,plan,46,39,plan,OTHER
11738,11740,1335,2296,1350,2335,ard,15,39,ard,OTHER
11742,11746,1358,2295,1384,2334,party,26,39,party,OTHER
11748,11751,1391,2293,1412,2332,sick,21,39,sick,OTHER
11753,11755,1418,2291,1448,2330,pay,30,39,pay,OTHER
11792,11793,1176,2298,1188,2336,13,12,38,13,OTHER
11795,11798,1194,2298,1216,2337,stat,22,39,stat,OTHER
11800,11803,448,2299,475,2336,emp.,27,37,emp.,OTHER
11805,11807,2067,2294,2083,2332,ret,16,38,ret,OTHER
11809,11809,1840,2336,1847,2366,.,7,30,.,OTHER
11811,11814,2095,2295,2140,2332,plan,45,37,plan,OTHER
11820,11824,2169,2292,2198,2329,party,29,37,party,OTHER
11826,11829,2205,2292,2225,2329,sick,20,37,sick,OTHER
11831,11833,2231,2289,2259,2326,pay,28,37,pay,OTHER
11835,11837,98,2335,128,2362,eff,30,27,eff,OTHER
11839,11847,133,2336,216,2366,employees,83,30,employees,OTHER
11849,11853,219,2338,265,2366,name.,46,28,name.,OTHER
11855,11861,268,2336,329,2366,address,61,30,address,OTHER
11863,11865,332,2334,361,2365,and,29,31,and,OTHER
11867,11869,364,2332,391,2364,zip,27,32,zip,OTHER
11871,11874,394,2328,440,2362,code,46,34,code,OTHER
11921,11923,866,2335,897,2364,eff,31,29,eff,OTHER
11925,11933,902,2336,982,2366,employees,80,30,employees,OTHER
11935,11939,986,2337,1032,2366,"name,",46,29,"name,",OTHER
11941,11947,1036,2335,1097,2366,address,61,31,address,OTHER
11949,11951,1100,2334,1129,2364,and,29,30,and,OTHER
11953,11955,1132,2333,1158,2363,zip,26,30,zip,OTHER
11957,11960,1161,2331,1208,2362,code,47,31,code,OTHER
12020,12022,1679,2336,1710,2365,elf,31,29,elf,OTHER
12024,12032,1714,2336,1796,2366,employees,82,30,employees,OTHER
12034,12037,1799,2337,1836,2367,name,37,30,name,OTHER
12039,12039,534,2501,539,2531,.,5,30,.,OTHER
12041,12047,1851,2336,1910,2366,address,59,30,address,OTHER
12049,12051,1914,2335,1942,2365,and,28,30,and,OTHER
12053,12055,1945,2334,1971,2364,zip,26,30,zip,OTHER
12057,12060,1975,2332,2021,2363,code,46,31,code,OTHER
12067,12071,152,2382,223,2409,ricky,71,27,ricky,OTHER
12073,12077,245,2380,311,2408,adams,66,28,adams,OTHER
12156,12160,945,2381,1017,2408,ricky,72,27,ricky,OTHER
12162,12166,1037,2381,1108,2409,adams,71,28,adams,OTHER
12256,12260,1758,2379,1831,2408,ricky,73,29,ricky,OTHER
12262,12266,1851,2379,1926,2408,adams,75,29,adams,OTHER
12275,12279,157,2405,226,2436,18965,69,31,18965,OTHER
12281,12286,232,2405,318,2433,sandra,86,28,sandra,OTHER
12288,12292,322,2406,397,2435,pines,75,29,pines,OTHER
12364,12368,949,2407,1017,2437,18965,68,30,18965,OTHER
12370,12375,1024,2406,1110,2433,sandra,86,27,sandra,OTHER
12377,12381,1115,2406,1189,2435,pines,74,29,pines,OTHER
12463,12467,1761,2406,1831,2438,18965,70,32,18965,OTHER
12469,12474,1839,2406,1923,2434,sandra,84,28,sandra,OTHER
12476,12480,1928,2407,1995,2435,pines,67,28,pines,OTHER
12488,12498,151,2432,304,2465,matthewside,153,33,matthewside,OTHER
12500,12501,349,2431,377,2457,ct,28,26,ct,OTHER
12503,12512,401,2433,535,2461,20148-6977,134,28,20148-6977,OTHER
12577,12587,944,2435,1096,2462,matthewside,152,27,matthewside,OTHER
12589,12590,1141,2432,1173,2458,ct,32,26,ct,OTHER
12592,12601,1195,2433,1329,2461,20148-6977,134,28,20148-6977,OTHER
12677,12687,1758,2432,1910,2463,matthewside,152,31,matthewside,OTHER
12689,12690,1955,2434,1984,2460,ct,29,26,ct,OTHER
12692,12701,2008,2430,2143,2462,20148-6977,135,32,20148-6977,OTHER
12707,12711,136,2502,184,2530,state,48,28,state,OTHER
12713,12715,228,2508,254,2537,8's,26,29,8's,OTHER
12717,12723,258,2503,304,2534,lovers',46,31,lovers',OTHER
12725,12729,308,2500,340,2530,state,32,30,state,OTHER
12731,12732,345,2499,359,2528,id,14,29,id,OTHER
12734,12736,364,2498,399,2528,no.,35,30,no.,OTHER
12738,12739,407,2498,433,2527,16,26,29,16,OTHER
12741,12745,446,2498,483,2528,state,37,30,state,OTHER
12747,12751,487,2499,530,2530,wanes,43,31,wanes,OTHER
12753,12753,1343,2504,1349,2534,.,6,30,.,OTHER
12755,12759,543,2502,575,2534,tips.,32,32,tips.,OTHER
12761,12762,580,2505,611,2538,$6,31,33,$6,OTHER
12764,12765,621,2510,636,2541,65,15,31,65,OTHER
12791,12792,868,2500,890,2526,15,22,26,15,OTHER
12794,12798,906,2502,952,2534,state,46,32,state,OTHER
12810,12819,1021,2499,1097,2533,emplovers',76,34,emplovers',OTHER
12821,12825,1101,2498,1133,2529,state,32,31,state,OTHER
12827,12828,1138,2498,1150,2528,id,12,30,id,OTHER
12830,12831,1155,2497,1175,2528,no,20,31,no,OTHER
12833,12834,1179,2497,1208,2528,16,29,31,16,OTHER
12836,12840,1218,2498,1255,2529,state,37,31,state,OTHER
12842,12846,1259,2499,1311,2531,wanes,52,32,wanes,OTHER
12848,12851,1315,2502,1339,2533,tips,24,31,tips,OTHER
12853,12853,2122,2500,2125,2532,.,3,32,.,OTHER
12855,12856,1353,2505,1387,2537,$6,34,32,$6,OTHER
12858,12859,1394,2509,1415,2540,65,21,31,65,OTHER
12889,12890,1679,2498,1707,2527,15,28,29,15,OTHER
12892,12896,1718,2499,1768,2532,state,50,33,state,OTHER
12909,12918,1835,2499,1909,2535,emplovers',74,36,emplovers',OTHER
12920,12924,1914,2498,1946,2531,state,32,33,state,OTHER
12926,12927,1951,2497,1963,2530,id,12,33,id,OTHER
12929,12930,1968,2497,1988,2530,no,20,33,no,OTHER
12932,12933,1993,2497,2021,2529,16,28,32,16,OTHER
12935,12939,2032,2497,2067,2530,state,35,33,state,OTHER
12941,12945,2072,2498,2117,2532,wades,45,34,wades,OTHER
12947,12947,534,2558,539,2586,.,5,28,.,OTHER
12949,12952,2130,2500,2152,2534,tips,22,34,tips,OTHER
12954,12954,2157,2502,2162,2534,",",5,32,",",OTHER
12956,12959,2167,2502,2202,2537,etc.,35,35,etc.,OTHER
12961,12962,2207,2505,2225,2539,65,18,34,65,OTHER
12965,12966,103,2556,121,2579,17,18,23,17,OTHER
12968,12972,142,2558,181,2582,state,39,24,state,OTHER
12974,12979,183,2557,240,2583,income,57,26,income,OTHER
12981,12983,241,2556,270,2582,tax,29,26,tax,OTHER
13010,13010,992,2572,1011,2598,8,19,26,8,OTHER
13012,13016,443,2555,484,2586,local,41,31,local,OTHER
13018,13022,487,2556,531,2586,wanes,44,30,wanes,OTHER
13024,13024,602,2561,619,2586,.,17,25,.,OTHER
13026,13030,542,2558,576,2587,"tips,",34,29,"tips,",OTHER
13032,13034,580,2560,598,2587,etc,18,27,etc,OTHER
13036,13036,1308,2557,1313,2587,.,5,30,.,OTHER
13090,13091,1178,2553,1210,2585,18,32,32,18,OTHER
13093,13097,1216,2554,1256,2586,local,40,32,local,OTHER
13099,13103,1260,2555,1304,2587,wanes,44,32,wanes,OTHER
13105,13105,1375,2561,1382,2589,.,7,28,.,OTHER
13107,13110,1317,2558,1340,2588,tips,23,30,tips,OTHER
13112,13112,1344,2559,1348,2588,",",4,29,",",OTHER
13114,13116,1352,2560,1372,2589,etc,20,29,etc,OTHER
13118,13118,190,2574,196,2600,.,6,26,.,OTHER
13150,13151,1683,2553,1707,2579,17,24,26,17,OTHER
13153,13157,1722,2556,1762,2582,state,40,26,state,OTHER
13159,13164,1764,2558,1821,2583,income,57,25,income,OTHER
13166,13168,1822,2558,1844,2583,tax,22,25,tax,OTHER
13194,13195,1993,2554,2020,2585,18,27,31,18,OTHER
13197,13201,2030,2554,2069,2586,local,39,32,local,OTHER
13203,13208,2073,2556,2126,2589,wanes.,53,33,wanes.,OTHER
13210,13214,2130,2559,2164,2592,"tips,",34,33,"tips,",OTHER
13216,13219,2167,2562,2203,2595,off2,36,33,off2,OTHER
13221,13221,1391,2578,1397,2604,8,6,26,8,OTHER
13228,13231,150,2574,189,2602,2095,39,28,2095,OTHER
13233,13233,985,2571,990,2598,.,5,27,.,OTHER
13235,13235,1804,2573,1826,2600,8,22,27,8,OTHER
13317,13320,945,2571,983,2598,2095,38,27,2095,OTHER
13322,13322,1382,2577,1387,2603,.,5,26,.,OTHER
13372,13376,1335,2575,1378,2603,51012,43,28,51012,OTHER
13378,13378,1797,2573,1803,2600,.,6,27,.,OTHER
13415,13418,1758,2573,1796,2600,2095,38,27,2095,OTHER
13420,13420,191,2627,197,2654,.,6,27,.,OTHER
13425,13426,101,2616,126,2643,19,25,27,19,OTHER
13428,13429,142,2615,159,2641,lo,17,26,lo,OTHER
13431,13434,151,2627,188,2654,8208,37,27,8208,OTHER
13436,13436,984,2630,991,2655,.,7,25,.,OTHER
13438,13439,199,2626,230,2653,77,31,27,77,OTHER
13469,13470,409,2615,431,2642,20,22,27,20,OTHER
13474,13481,443,2615,502,2644,locality,59,29,locality,OTHER
13483,13486,505,2616,557,2646,name,52,30,name,OTHER
13518,13521,946,2628,982,2655,8208,36,27,8208,OTHER
13523,13523,1393,2775,1398,2804,.,5,29,.,OTHER
13525,13526,993,2626,1023,2654,77,30,28,77,OTHER
13550,13551,1178,2613,1206,2641,20,28,28,20,OTHER
13553,13560,1216,2614,1276,2644,locality,60,30,locality,OTHER
13562,13565,1279,2616,1332,2646,name,53,30,name,OTHER
13610,13611,1681,2615,1707,2644,19,26,29,19,OTHER
13613,13617,1722,2619,1762,2648,local,40,29,local,OTHER
13619,13624,1765,2622,1821,2650,income,56,28,income,OTHER
13626,13627,1823,2626,1839,2650,la,16,24,la,OTHER
13654,13661,2028,2614,2089,2644,locality,61,30,locality,OTHER
13663,13666,2091,2615,2147,2646,name,56,31,name,OTHER
13907,13908,2109,2622,2143,2654,me,34,32,me,OTHER
13910,13915,2148,2627,2210,2659,thomas,62,32,thomas,OTHER
13917,13922,2214,2632,2274,2660,stream,60,28,stream,OTHER
13988,13993,562,2632,626,2661,thomas,64,29,thomas,OTHER
13995,14000,629,2634,682,2661,stream,53,27,stream,OTHER
14070,14075,1334,2631,1398,2659,thomas,64,28,thomas,OTHER
14077,14082,1400,2633,1461,2662,stream,61,29,stream,OTHER
14102,14108,229,2677,316,2705,federal,87,28,federal,OTHER
14129,14134,416,2681,468,2706,filing,52,25,filing,OTHER
14153,14156,591,2678,642,2703,copy,51,25,copy,OTHER
14191,14198,1017,2676,1110,2709,wi.state,93,33,wi.state,OTHER
14212,14217,1189,2683,1238,2705,filing,49,22,filing,OTHER
14237,14240,1367,2676,1414,2702,copy,47,26,copy,OTHER
14288,14291,1813,2675,1850,2706,city,37,31,city,OTHER
14293,14294,1854,2675,1876,2705,or,22,30,or,OTHER
14296,14300,1880,2675,1946,2713,local,66,38,local,OTHER
14302,14307,2002,2679,2055,2708,filing,53,29,filing,OTHER
14327,14330,2179,2677,2230,2700,copy,51,23,copy,OTHER
14364,14367,325,2706,388,2734,wage,63,28,wage,OTHER
14369,14371,426,2702,468,2725,and,42,23,and,OTHER
14373,14375,505,2706,539,2728,tax,34,22,tax,OTHER
14457,14459,1197,2699,1241,2729,and,44,30,and,OTHER
14461,14463,1277,2702,1310,2727,tax,33,25,tax,OTHER
14546,14549,1921,2705,1984,2734,wage,63,29,wage,OTHER
14551,14553,2010,2702,2052,2732,and,42,30,and,OTHER
14555,14557,2090,2703,2128,2726,tax,38,23,tax,OTHER
14591,14599,319,2731,417,2756,statement,98,25,statement,OTHER
14625,14628,581,2741,667,2774,2018,86,33,2018,OTHER
14645,14647,106,2742,174,2771,w-2,68,29,w-2,OTHER
14676,14683,1110,2731,1203,2758,tatement,93,27,tatement,OTHER
14710,14713,1359,2740,1444,2772,2018,85,32,2018,OTHER
14746,14748,1686,2741,1754,2773,w-2,68,32,w-2,OTHER
14772,14780,1911,2729,2011,2753,statement,100,24,statement,OTHER
14800,14803,2167,2742,2255,2774,2018,88,32,2018,OTHER
14806,14808,874,2744,944,2770,w-2,70,26,w-2,OTHER
14811,14814,101,2780,133,2807,copy,32,27,copy,OTHER
14816,14816,138,2781,147,2807,b,9,26,b,OTHER
14818,14819,151,2781,164,2807,to,13,26,to,OTHER
14821,14822,169,2781,184,2807,be,15,26,be,OTHER
14824,14828,189,2781,217,2807,filed,28,26,filed,OTHER
14830,14833,222,2781,250,2807,with,28,26,with,OTHER
14835,14844,255,2781,331,2807,employee's,76,26,employee's,OTHER
14846,14852,336,2781,386,2806,federal,50,25,federal,OTHER
14854,14859,391,2780,441,2805,income,50,25,income,OTHER
14861,14863,446,2780,471,2804,tax,25,24,tax,OTHER
14865,14870,475,2780,521,2804,return,46,24,return,OTHER
14872,14874,561,2779,596,2810,omb,35,31,omb,OTHER
14876,14878,600,2778,625,2806,no.,25,28,no.,OTHER
14880,14888,630,2778,708,2805,1545-0008,78,27,1545-0008,OTHER
14896,14899,867,2779,902,2807,copy,35,28,copy,OTHER
14901,14901,1719,2778,1726,2805,2,7,27,2,OTHER
14903,14904,918,2778,930,2805,to,12,27,to,OTHER
14906,14907,935,2778,951,2806,be,16,28,be,OTHER
14909,14913,956,2779,983,2807,filed,27,28,filed,OTHER
14915,14915,988,2780,997,2808,w,9,28,w,OTHER
14920,14924,1062,2780,1097,2807,yee's,35,27,yee's,OTHER
14926,14930,1101,2780,1136,2806,state,35,26,state,OTHER
14932,14937,1139,2779,1192,2806,income,53,27,income,OTHER
14939,14941,1196,2779,1220,2805,tax,24,26,tax,OTHER
14943,14948,1224,2779,1269,2804,return,45,25,return,OTHER
14957,14959,1334,2777,1369,2809,ome,35,32,ome,OTHER
14961,14962,1373,2776,1389,2805,no,16,29,no,OTHER
14966,14974,1403,2775,1472,2807,1545-0008,69,32,1545-0008,OTHER
14995,14998,1680,2778,1714,2805,copy,34,27,copy,OTHER
15002,15003,1731,2778,1742,2806,to,11,28,to,OTHER
15005,15006,1747,2779,1763,2806,be,16,27,be,OTHER
15008,15012,1769,2779,1797,2807,filed,28,28,filed,OTHER
15014,15017,1802,2780,1831,2807,with,29,27,with,OTHER
15030,15031,1987,2782,1998,2804,al,11,22,al,OTHER
15033,15038,2001,2781,2055,2806,income,54,25,income,OTHER
15040,15042,2057,2781,2083,2807,tax,26,26,tax,OTHER
15044,15049,2086,2780,2138,2807,return,52,27,return,OTHER
15051,15053,2148,2779,2184,2808,omb,36,29,omb,OTHER
15055,15057,2186,2779,2213,2808,no.,27,29,no.,OTHER
15059,15067,2216,2777,2297,2807,1545-0008,81,30,1545-0008,OTHER
