start_index,end_index,x_top_left,y_top_left,x_bottom_right,y_bottom_right,transcript,box_width,box_height,combined_text,predicted_field
0,0,149,926,255,956,11-0654652,106,30,11-0654652,OTHER
0,0,1371,921,1450,952,209181.14,79,31,209181.14,OTHER
0,0,1681,978,1740,1006,19456.92,59,28,19456.92,OTHER
0,0,1681,996,1753,1026,177624.08,72,30,177624.08,OTHER
0,0,1823,2624,1842,2648,tax,19,24,tax,OTHER
103,106,1035,253,1156,305,2018,121,52,2018,OTHER
127,129,1171,254,1276,306,w-2,105,52,w-2,OTHER
140,142,1287,255,1389,307,and,102,52,and,OTHER
158,165,1401,255,1690,307,earnings,289,52,earnings,OTHER
189,195,1709,253,1995,306,summary,286,53,summary,OTHER
253,255,2225,245,2311,291,adp,86,46,adp,OTHER
274,281,222,317,320,344,employee,98,27,employee,OTHER
296,304,391,313,498,346,reference,107,33,reference,OTHER
310,313,592,316,643,342,copy,51,26,copy,OTHER
353,355,964,314,1006,344,his,42,30,his,OTHER
357,360,1010,314,1070,343,blue,60,29,blue,OTHER
362,369,1077,314,1196,343,earnings,119,29,earnings,OTHER
371,377,1201,314,1328,342,summary,127,28,summary,OTHER
379,385,1333,314,1429,342,section,96,28,section,OTHER
387,388,1434,314,1458,342,is,24,28,is,OTHER
390,397,1463,314,1579,342,included,116,28,included,OTHER
399,402,1584,314,1639,342,with,55,28,with,OTHER
404,407,1644,314,1705,342,your,61,28,your,OTHER
409,411,1710,314,1767,342,w-2,57,28,w-2,OTHER
413,414,1772,314,1800,342,to,28,28,to,OTHER
416,419,1805,314,1864,343,help,59,29,help,OTHER
421,428,1875,313,1984,344,describe,109,31,describe,OTHER
430,437,1990,313,2097,344,portions,107,31,portions,OTHER
439,440,2103,313,2128,345,in,25,32,in,OTHER
442,445,2134,312,2206,346,more,72,34,more,OTHER
447,453,2213,312,2287,346,detail.,74,34,detail.,OTHER
485,488,329,351,386,376,wage,57,25,wage,OTHER
490,492,428,347,465,370,and,37,23,and,OTHER
494,496,507,345,545,372,tax,38,27,tax,OTHER
550,551,965,344,1000,370,he,35,26,he,OTHER
553,559,1005,343,1107,370,reverse,102,27,reverse,OTHER
561,564,1114,343,1171,370,side,57,27,side,OTHER
566,573,1176,343,1288,370,includes,112,27,includes,OTHER
575,581,1293,343,1394,370,general,101,27,general,OTHER
583,593,1399,343,1547,370,information,148,27,information,OTHER
595,598,1555,343,1608,370,that,53,27,that,OTHER
600,602,1613,343,1661,370,you,48,27,you,OTHER
604,606,1666,343,1726,370,may,60,27,may,OTHER
608,611,1733,343,1788,370,also,55,27,also,OTHER
613,616,1794,343,1844,370,find,50,27,find,OTHER
618,625,1849,343,1946,370,helpful.,97,27,helpful.,OTHER
630,632,112,379,168,417,n-2,56,38,n-2,OTHER
657,665,324,371,404,396,statement,80,25,statement,OTHER
676,679,583,386,667,418,2018,84,32,2018,taxYear
682,685,98,431,135,458,copy,37,27,copy,OTHER
687,687,138,431,148,455,c,10,24,c,OTHER
689,691,150,430,172,455,for,22,25,for,OTHER
693,702,174,430,251,455,employee's,77,25,employee's,OTHER
704,711,253,432,321,460,records.,68,28,records.,OTHER
729,731,564,422,596,448,omb,32,26,omb,OTHER
733,735,599,422,625,447,no.,26,25,no.,OTHER
737,745,629,422,709,448,1545-0008,80,26,1545-0008,OTHER
783,784,1025,425,1048,455,1.,23,30,1.,OTHER
786,788,1052,425,1097,455,the,45,30,the,OTHER
790,798,1101,425,1211,455,following,110,30,following,OTHER
800,810,1215,424,1353,455,information,138,31,information,OTHER
812,819,1357,424,1448,455,reflects,91,31,reflects,OTHER
821,824,1452,424,1507,455,your,55,31,your,OTHER
826,830,1511,424,1565,455,final,54,31,final,OTHER
832,835,1569,424,1625,455,2018,56,31,2018,OTHER
837,839,1629,424,1675,455,pay,46,31,pay,OTHER
841,844,1680,424,1734,455,stub,54,31,stub,OTHER
846,849,1738,424,1792,455,plus,54,31,plus,OTHER
851,853,1796,424,1840,455,any,44,31,any,OTHER
855,865,1845,424,1992,456,adjustments,147,32,adjustments,OTHER
867,875,1996,424,2112,456,submitted,116,32,submitted,OTHER
877,878,2117,425,2149,456,by,32,31,by,OTHER
880,883,2153,425,2209,457,your,56,32,your,OTHER
885,893,2214,425,2338,457,employer.,124,32,employer.,OTHER
896,896,99,449,118,476,d,19,27,d,OTHER
898,904,130,449,184,476,control,54,27,control,OTHER
906,911,187,445,256,475,number,69,30,number,OTHER
913,917,306,449,348,486,dept.,42,37,dept.,OTHER
919,920,350,461,379,488,50,29,27,50,OTHER
948,955,614,450,679,480,emplover,65,30,emplover,OTHER
957,959,684,450,708,479,use,24,29,use,OTHER
961,964,713,452,753,484,only,40,32,only,OTHER
966,967,758,458,780,488,36,22,30,36,OTHER
969,974,98,473,164,498,579320,66,25,579320,OTHER
1017,1017,561,466,582,495,a,21,29,a,OTHER
1078,1082,1102,472,1144,499,gross,42,27,gross,OTHER
1084,1086,1148,468,1180,497,pay,32,29,pay,OTHER
1093,1097,1263,470,1301,492,20918,38,22,20918,OTHER
1123,1127,1639,468,1677,494,12100,38,26,12100,OTHER
1129,1131,1680,468,1700,492,.14,20,24,.14,OTHER
1139,1141,1835,473,1858,498,de.,23,25,de.,OTHER
1143,1147,1862,474,1898,499,state,36,25,state,OTHER
1149,1154,1903,473,1959,499,income,56,26,income,OTHER
1156,1158,1964,472,1986,497,tax,22,25,tax,OTHER
1160,1165,2069,465,2121,497,6298.4,52,32,6298.4,OTHER
1306,1308,1458,488,1480,516,tax,22,28,tax,OTHER
1310,1317,1483,485,1560,516,withheld,77,31,withheld,OTHER
1339,1341,1837,497,1865,518,box,28,21,box,OTHER
1343,1344,1868,498,1886,519,17,18,21,17,OTHER
1345,1350,1878,512,1935,536,income,57,24,income,OTHER
1533,1534,1889,499,1904,519,of,15,20,of,OTHER
1536,1538,1906,500,1944,521,w-z,38,21,w-z,OTHER
1553,1555,196,514,214,543,r's,18,29,r's,OTHER
1557,1561,217,514,265,542,"name,",48,28,"name,",OTHER
1563,1570,268,514,333,541,"address,",65,27,"address,",OTHER
1572,1574,336,513,365,539,and,29,26,and,OTHER
1576,1578,368,513,394,539,zip,26,26,zip,OTHER
1580,1583,396,512,439,538,code,43,26,code,OTHER
1679,1681,1458,509,1483,537,box,25,28,box,OTHER
1683,1683,1486,509,1495,536,4,9,27,4,OTHER
1685,1686,1498,509,1514,535,of,16,26,of,OTHER
1688,1690,1517,509,1556,536,w-2,39,27,w-2,OTHER
1711,1715,1835,511,1875,535,local,40,24,local,OTHER
1726,1727,1938,513,1953,537,ta,15,24,ta,OTHER
1732,1737,2070,511,2116,536,33563.,46,25,33563.,OTHER
1746,1759,152,536,342,563,abbott-gregory,190,27,abbott-gregory,employerName
1761,1763,348,536,395,560,llc,47,24,llc,employerName
1910,1912,1837,532,1864,561,box,27,29,box,OTHER
1914,1915,1868,531,1887,560,19,19,29,19,OTHER
1917,1918,1891,532,1903,559,of,12,27,of,OTHER
1920,1921,1906,533,1926,560,w-,20,27,w-,OTHER
1923,1923,1929,534,1940,561,2,11,27,2,OTHER
1933,1937,155,568,224,599,02296,69,31,02296,employerAddressStreet_name
1939,1942,228,568,293,596,wall,65,28,wall,employerAddressStreet_name
1944,1949,296,567,386,594,island,90,27,island,employerAddressStreet_name
2035,2038,1102,568,1132,595,fed.,30,27,fed.,OTHER
2040,2045,1136,568,1199,594,income,63,26,income,OTHER
2049,2056,1260,565,1329,591,19456.92,69,26,19456.92,OTHER
2063,2070,1453,567,1520,595,medicare,67,28,medicare,OTHER
2072,2074,1524,566,1549,593,tax,25,27,tax,OTHER
2082,2088,1668,567,1723,592,3807.99,55,25,3807.99,OTHER
2099,2111,168,592,339,624,eborahborough,171,32,eborahborough,employerAddressCity
2113,2114,373,596,405,625,ak,32,29,ak,employerAddressState
2116,2125,442,591,577,620,46111-9054,135,29,46111-9054,employerAddressZip
2199,2201,1100,592,1129,619,tax,29,27,tax,OTHER
2203,2210,1131,591,1198,618,withheld,67,27,withheld,OTHER
2229,2236,1454,592,1530,618,withheld,76,26,withheld,OTHER
2349,2351,1107,615,1129,642,box,22,27,box,OTHER
2353,2353,1134,617,1142,643,2,8,26,2,OTHER
2355,2356,1146,617,1161,644,of,15,27,of,OTHER
2358,2360,1165,618,1195,644,w-2,30,26,w-2,OTHER
2376,2378,1453,612,1481,642,box,28,30,box,OTHER
2380,2380,1484,616,1495,642,6,11,26,6,OTHER
2382,2383,1498,616,1513,643,of,15,27,of,OTHER
2385,2385,1516,616,1527,643,w,11,27,w,OTHER
2387,2387,1530,616,1535,643,-,5,27,-,OTHER
2389,2389,1537,614,1558,642,2,21,28,2,OTHER
2411,2413,1843,614,1865,640,box,22,26,box,OTHER
2415,2416,1869,613,1887,639,14,18,26,14,OTHER
2418,2419,1890,614,1905,642,of,15,28,of,OTHER
2421,2422,1908,616,1929,645,w-,21,29,w-,OTHER
2461,2465,407,682,475,712,batch,68,30,batch,OTHER
2493,2498,589,677,675,711,#02021,86,34,#02021,OTHER
2500,2502,98,728,129,754,elf,31,26,elf,OTHER
2504,2512,133,728,217,755,employees,84,27,employees,OTHER
2514,2518,219,728,265,756,name.,46,28,name.,OTHER
2520,2526,267,728,330,756,address,63,28,address,OTHER
2528,2530,332,727,362,755,and,30,28,and,OTHER
2532,2534,364,727,392,754,zip,28,27,zip,OTHER
2536,2539,394,726,440,754,code,46,28,code,OTHER
2643,2644,1023,753,1047,781,2.,24,28,2.,OTHER
2646,2649,1052,753,1111,782,your,59,29,your,OTHER
2651,2655,1116,753,1188,782,gross,72,29,gross,OTHER
2657,2659,1193,754,1237,783,pay,44,29,pay,OTHER
2661,2663,1242,754,1291,783,was,49,29,was,OTHER
2665,2672,1295,754,1399,783,adjusted,104,29,adjusted,OTHER
2674,2675,1403,754,1432,783,as,29,29,as,OTHER
2677,2683,1436,753,1523,783,follows,87,30,follows,OTHER
2685,2686,1527,753,1554,783,to,27,30,to,OTHER
2688,2694,1559,753,1659,783,produce,100,30,produce,OTHER
2696,2699,1663,752,1719,783,your,56,31,your,OTHER
2701,2703,1723,752,1772,782,w-2,49,30,w-2,OTHER
2705,2714,1776,751,1899,782,statement.,123,31,statement.,OTHER
2723,2728,157,784,237,812,joseph,80,28,joseph,employeeName
2730,2733,270,784,330,812,king,60,28,king,OTHER
2742,2744,154,812,200,841,034,46,29,034,OTHER
2746,2750,205,812,276,841,casey,71,29,casey,OTHER
2752,2756,281,812,356,841,mills,75,29,mills,OTHER
2758,2761,360,813,424,841,apt.,64,28,apt.,OTHER
2763,2765,427,815,474,841,303,47,26,303,OTHER
2875,2880,1333,817,1389,844,"wages,",56,27,"wages,",OTHER
2882,2886,1393,816,1430,844,"tips,",37,28,"tips,",OTHER
2888,2891,1435,814,1465,842,othe,30,28,othe,OTHER
2899,2904,1582,814,1625,845,social,43,31,social,OTHER
2906,2910,1630,813,1673,843,secur,43,30,secur,OTHER
2913,2918,1678,813,1729,841,medica,51,28,medica,OTHER
2936,2938,1839,814,1857,844,de.,18,30,de.,OTHER
2940,2944,1863,812,1898,843,state,35,31,state,OTHER
2946,2950,1904,809,1948,841,wages,44,32,wages,OTHER
2952,2952,1954,808,1960,838,",",6,30,",",OTHER
2954,2958,1993,813,2034,844,smith,41,31,smith,OTHER
2960,2965,2039,813,2098,844,stream,59,31,stream,OTHER
2974,2984,153,831,296,866,harrismouth,143,35,harrismouth,OTHER
2991,3000,400,838,537,866,96241-6398,137,28,96241-6398,OTHER
3108,3119,1335,842,1436,870,compensation,101,28,compensation,OTHER
3262,3264,1337,858,1363,887,box,26,29,box,OTHER
3266,3266,1368,860,1375,888,1,7,28,1,OTHER
3268,3269,1380,861,1395,888,of,15,27,of,OTHER
3271,3273,1399,858,1437,888,w-2,38,30,w-2,OTHER
3286,3290,1582,841,1644,871,wages,62,30,wages,OTHER
3291,3295,1679,829,1743,860,waves,64,31,waves,OTHER
3322,3324,1836,857,1866,887,box,30,30,box,OTHER
3326,3327,1869,856,1887,887,16,18,31,16,OTHER
3329,3330,1625,860,1639,892,of,14,32,of,OTHER
3332,3332,1642,860,1654,891,w,12,31,w,OTHER
3334,3334,1657,860,1660,891,-,3,31,-,OTHER
3336,3336,1664,860,1675,891,2,11,31,2,OTHER
3338,3342,1994,841,2030,869,local,36,28,local,OTHER
3344,3348,2035,840,2082,869,wages,47,29,wages,OTHER
3350,3350,2086,839,2090,865,",",4,26,",",OTHER
3515,3517,1578,860,1609,893,box,31,33,box,OTHER
3519,3519,1612,860,1622,892,3,10,32,3,OTHER
3521,3522,1724,860,1739,890,of,15,30,of,OTHER
3524,3524,1743,860,1754,890,w,11,30,w,OTHER
3526,3526,1758,860,1761,890,-,3,30,-,OTHER
3528,3528,1764,860,1780,890,2,16,30,2,OTHER
3530,3532,1679,860,1707,891,box,28,31,box,OTHER
3534,3534,1711,860,1720,890,5,9,30,5,OTHER
3536,3537,1890,857,1903,888,of,13,31,of,OTHER
3539,3539,1906,858,1918,890,w,12,32,w,OTHER
3541,3541,1921,860,1924,891,-,3,31,-,OTHER
3543,3543,1927,861,1942,893,2,15,32,2,OTHER
3572,3574,1993,872,2020,904,box,27,32,box,OTHER
3576,3577,2024,875,2043,906,is,19,31,is,OTHER
3579,3580,2048,876,2060,906,of,12,30,of,OTHER
3582,3583,2065,874,2088,905,w2,23,31,w2,OTHER
3587,3596,135,906,216,930,employer's,81,24,employer's,OTHER
3598,3600,220,906,252,930,fed,32,24,fed,OTHER
3602,3603,255,905,272,930,id,17,25,id,OTHER
3605,3610,275,904,335,931,number,60,27,number,OTHER
3625,3625,405,903,425,933,a,20,30,a,OTHER
3627,3636,435,903,520,933,employee's,85,30,employee's,OTHER
3638,3640,524,905,557,936,ssa,33,31,ssa,OTHER
3642,3644,560,907,601,940,num,41,33,num,OTHER
3646,3651,611,913,669,950,3-2781,58,37,3-2781,OTHER
3658,3658,2054,917,2063,943,1,9,26,1,OTHER
3659,3659,107,1265,123,1288,1,16,23,1,OTHER
3661,3661,413,1206,432,1233,0,19,27,0,OTHER
3662,3662,173,1278,190,1303,6,17,25,6,OTHER
3663,3663,1825,1771,1835,1801,5,10,30,5,OTHER
3664,3665,1422,1249,1446,1273,46,24,24,46,OTHER
3666,3666,105,2501,123,2524,5,18,23,5,OTHER
3667,3667,1180,1674,1201,1708,2,21,34,2,OTHER
3762,3767,1071,926,1139,961,tgross,68,35,tgross,OTHER
3769,3771,1144,926,1173,952,pay,29,26,pay,OTHER
3797,3802,1996,919,2043,947,209181,47,28,209181,OTHER
3803,3803,2047,918,2050,943,.,3,25,.,OTHER
3804,3804,98,1677,118,1706,1,20,29,1,OTHER
3805,3805,107,1326,121,1348,4,14,22,4,OTHER
3816,3820,1584,927,1628,954,26+05,44,27,26+05,OTHER
3822,3825,1680,937,1724,966,1157,44,29,1157,OTHER
3828,3835,1685,921,1752,948,209181.1,67,27,209181.1,OTHER
3852,3857,1841,923,1887,950,209181,46,27,209181,OTHER
3859,3860,1891,922,1904,947,.1,13,25,.1,OTHER
3872,3873,413,1348,442,1377,20,29,29,20,OTHER
3874,3874,107,1543,127,1572,9,20,29,9,OTHER
3875,3875,866,1676,890,1707,1,24,31,1,OTHER
3876,3876,405,1146,424,1175,8,19,29,8,OTHER
3877,3877,619,1735,635,1765,1,16,30,1,OTHER
3879,3879,619,1167,624,1192,.,5,25,.,OTHER
3881,3881,107,2176,124,2202,1,17,26,1,OTHER
3927,3933,433,957,489,991,federal,56,34,federal,OTHER
3935,3940,492,960,548,991,income,56,31,income,OTHER
3942,3944,551,962,575,990,tax,24,28,tax,OTHER
3946,3953,578,962,636,989,withheld,58,27,withheld,OTHER
4024,4027,1336,941,1375,972,1157,39,31,1157,OTHER
4033,4038,134,965,187,990,"wages,",53,25,"wages,",OTHER
4040,4044,190,964,225,990,"tips,",35,26,"tips,",OTHER
4046,4050,227,963,268,990,other,41,27,other,OTHER
4052,4056,270,960,319,989,comp.,49,29,comp.,OTHER
4090,4097,1335,972,1398,1004,19456.92,63,32,19456.92,OTHER
4131,4134,1022,966,1057,993,less,35,27,less,OTHER
4136,4138,1061,965,1082,991,401,21,26,401,OTHER
4140,4142,1087,964,1106,990,(k),19,26,(k),OTHER
4144,4149,1110,962,1160,989,(d-box,50,27,(d-box,OTHER
4151,4152,1164,961,1183,987,2),19,26,2),OTHER
4169,4171,1582,968,1605,1000,194,23,32,194,OTHER
4172,4176,1608,971,1649,1005,56.92,41,34,56.92,OTHER
4193,4194,1758,1774,1774,1803,19,16,29,19,OTHER
4195,4195,404,1715,427,1754,4,23,39,4,OTHER
4198,4198,1179,1757,1201,1798,6,22,41,6,OTHER
4199,4199,503,1386,503,1419,.,0,33,.,OTHER
4200,4200,2166,2503,2175,2536,9,9,33,9,OTHER
4201,4201,906,2779,914,2806,2,8,27,2,OTHER
4203,4205,1678,962,1713,988,nia,35,26,nia,OTHER
4382,4389,560,980,646,1005,19456.92,86,25,19456.92,box2FederalIncomeTaxWithheld
4589,4591,1835,962,1871,990,844,36,28,844,OTHER
4611,4613,1990,962,2023,985,,33,23,,OTHER
4718,4725,1022,1000,1089,1026,reported,67,26,reported,OTHER
4727,4729,1094,999,1122,1026,w-2,28,27,w-2,OTHER
4731,4735,1126,994,1181,1024,wages,55,30,wages,OTHER
4757,4765,1336,992,1408,1027,177624.08,72,35,177624.08,OTHER
4778,4786,1581,992,1664,1023,177624.08,83,31,177624.08,OTHER
4788,4796,1837,993,1910,1022,177624.08,73,29,177624.08,OTHER
4813,4813,1316,2225,1332,2256,1,16,31,1,OTHER
4814,4820,2001,992,2057,1019,77624.0,56,27,77624.0,OTHER
4821,4821,414,1481,435,1512,8,21,31,8,OTHER
4838,4838,2180,2505,2202,2538,6,22,33,6,OTHER
4839,4839,1719,2778,1726,2805,2,7,27,2,OTHER
4840,4840,1994,1717,2016,1749,4,22,32,4,OTHER
4841,4841,218,1678,223,1705,.,5,27,.,OTHER
4842,4842,2001,2612,2022,2641,0,21,29,0,OTHER
4849,4854,151,1032,208,1063,158171,57,31,158171,box3SocialSecurityWages
4856,4860,210,1023,272,1061,.76wa,62,38,.76wa,OTHER
4888,4893,434,1018,480,1048,social,46,30,social,OTHER
4895,4902,484,1019,543,1048,security,59,29,security,OTHER
4904,4906,547,1018,571,1047,tax,24,29,tax,OTHER
4908,4915,574,1017,640,1046,withheld,66,29,withheld,OTHER
4923,4930,141,1089,199,1117,medicare,58,28,medicare,OTHER
4932,4936,203,1088,252,1113,wages,49,25,wages,OTHER
4938,4940,256,1087,283,1111,and,27,24,and,OTHER
4942,4945,287,1087,326,1110,tips,39,23,tips,OTHER
4963,4970,434,1089,502,1115,medicare,68,26,medicare,OTHER
4972,4974,506,1089,528,1114,tax,22,25,tax,OTHER
4976,4983,532,1089,600,1115,withheld,68,26,withheld,OTHER
5020,5021,1023,1085,1046,1116,3.,23,31,3.,OTHER
5023,5030,1052,1085,1167,1116,employee,115,31,employee,OTHER
5032,5034,1173,1085,1220,1116,w-4,47,31,w-4,OTHER
5036,5043,1226,1085,1313,1116,profile.,87,31,profile.,OTHER
5045,5046,1319,1085,1348,1116,to,29,31,to,OTHER
5048,5053,1353,1085,1439,1116,change,86,31,change,OTHER
5055,5058,1444,1086,1502,1116,your,58,30,your,OTHER
5060,5067,1506,1086,1623,1116,employee,117,30,employee,OTHER
5069,5071,1627,1086,1676,1117,w-4,49,31,w-4,OTHER
5073,5079,1680,1086,1757,1117,profile,77,31,profile,OTHER
5081,5092,1761,1086,1907,1117,"information,",146,31,"information,",OTHER
5094,5097,1910,1086,1949,1117,file,39,31,file,OTHER
5099,5099,1952,1086,1969,1117,a,17,31,a,OTHER
5101,5103,1973,1086,2024,1117,new,51,31,new,OTHER
5105,5107,2027,1086,2075,1117,w-4,48,31,w-4,OTHER
5109,5112,2078,1086,2134,1118,with,56,32,with,OTHER
5114,5117,2136,1086,2192,1118,your,56,32,your,OTHER
5119,5125,2195,1086,2283,1118,payroll,88,32,payroll,OTHER
5127,5131,2286,1086,2358,1118,dept.,72,32,dept.,OTHER
5138,5143,150,1109,206,1136,131310,56,27,131310,OTHER
5145,5147,208,1109,242,1136,.02,34,27,.02,OTHER
5195,5201,565,1107,626,1135,3807.99,61,28,3807.99,OTHER
5245,5245,406,2056,428,2090,8,22,34,8,OTHER
5247,5255,436,1145,503,1176,allocated,67,31,allocated,OTHER
5257,5260,506,1146,547,1182,tips,41,36,tips,OTHER
5401,5406,1837,1151,1879,1181,social,42,30,social,OTHER
5408,5415,1883,1151,1937,1178,security,54,27,security,OTHER
5417,5419,1941,1152,1970,1177,num,29,25,num,OTHER
5421,5422,1973,1154,1992,1177,be,19,23,be,OTHER
5429,5437,150,1161,250,1196,158171.76,100,35,158171.76,OTHER
5484,5489,562,1166,615,1192,131310,53,26,131310,OTHER
5491,5491,312,1672,322,1701,.,10,29,.,OTHER
5493,5494,628,1167,653,1193,02,25,26,02,OTHER
5538,5543,1106,1172,1193,1199,joseph,87,27,joseph,OTHER
5544,5547,1233,1172,1297,1199,king,64,27,king,OTHER
5656,5662,2072,1159,2141,1192,married,69,33,married,OTHER
5667,5678,132,1209,218,1236,verification,86,27,verification,OTHER
5680,5683,222,1207,260,1233,code,38,26,code,OTHER
5709,5717,439,1206,520,1234,dependent,81,28,dependent,OTHER
5719,5722,523,1207,555,1234,care,32,27,care,OTHER
5724,5731,558,1207,620,1234,benefits,62,27,benefits,OTHER
5778,5780,1103,1207,1154,1239,034,51,32,034,OTHER
5782,5786,1159,1208,1239,1240,casey,80,32,casey,OTHER
5788,5792,1244,1208,1328,1240,mills,84,32,mills,OTHER
5794,5797,1334,1208,1402,1240,apt.,68,32,apt.,OTHER
5799,5801,1410,1207,1446,1239,303,36,32,303,OTHER
5861,5867,1834,1201,1904,1229,federal,70,28,federal,OTHER
5869,5869,1907,1200,1925,1228,:,18,28,:,OTHER
5985,5998,1100,1250,1307,1278,deborahborough,207,28,deborahborough,OTHER
6000,6001,1350,1245,1382,1272,ak,32,27,ak,OTHER
6068,6072,1834,1233,1897,1268,local,63,35,local,OTHER
6075,6075,2129,2247,2141,2283,1,12,36,1,OTHER
6077,6088,136,1266,232,1288,nonqualified,96,22,nonqualified,OTHER
6095,6096,153,1279,168,1304,16,15,25,16,OTHER
6100,6104,234,1264,274,1287,plans,40,23,plans,OTHER
6132,6133,414,1263,435,1290,2a,21,27,2a,OTHER
6135,6137,439,1264,466,1290,see,27,26,see,OTHER
6139,6150,470,1263,558,1290,instructions,88,27,instructions,OTHER
6152,6154,562,1263,582,1290,for,20,27,for,OTHER
6156,6158,586,1262,617,1290,box,31,28,box,OTHER
6160,6161,620,1262,637,1289,12,17,27,12,OTHER
6166,6170,142,1325,186,1348,other,44,23,other,OTHER
6211,6212,409,2616,431,2642,20,22,26,20,OTHER
6253,6253,411,1376,415,1411,a,4,35,a,OTHER
6255,6258,422,1378,440,1414,stat,18,36,stat,OTHER
6260,6263,447,1381,476,1417,emp.,29,36,emp.,OTHER
6265,6267,483,1384,496,1418,fet,13,34,fet,OTHER
6269,6269,951,1676,953,1704,.,2,28,.,OTHER
6271,6274,510,1386,550,1420,plan,40,34,plan,OTHER
6275,6277,560,1377,575,1410,ard,15,33,ard,OTHER
6279,6283,580,1378,607,1410,party,27,32,party,OTHER
6285,6288,610,1380,634,1411,sick,24,31,sick,OTHER
6290,6292,636,1382,660,1412,pay,24,30,pay,OTHER
6296,6300,137,1430,183,1454,state,46,24,state,OTHER
6311,6320,230,1426,305,1456,emblovers',75,30,emblovers',OTHER
6322,6326,309,1424,340,1454,state,31,30,state,OTHER
6328,6329,344,1423,359,1453,id,15,30,id,OTHER
6331,6333,362,1422,399,1453,no.,37,31,no.,OTHER
6335,6336,406,1422,432,1452,16,26,30,16,OTHER
6338,6342,445,1422,482,1453,state,37,31,state,OTHER
6344,6349,485,1422,540,1454,wanes.,55,32,wanes.,OTHER
6351,6355,542,1423,577,1456,tips.,35,33,tips.,OTHER
6357,6360,579,1424,621,1458,etc.,42,34,etc.,OTHER
6366,6370,142,1483,176,1514,state,34,31,state,OTHER
6372,6377,182,1484,236,1514,income,54,30,income,OTHER
6379,6381,242,1484,267,1513,tax,25,29,tax,OTHER
6405,6405,1179,2053,1202,2088,8,23,35,8,OTHER
6407,6411,442,1482,484,1514,local,42,32,local,OTHER
6413,6418,488,1485,540,1518,wanes.,52,33,wanes.,OTHER
6420,6429,544,1489,626,1526,tip179855.,82,37,tip179855.,OTHER
6431,6432,630,1499,650,1528,99,20,29,99,OTHER
6437,6441,141,1541,179,1573,local,38,32,local,OTHER
6443,6448,183,1540,240,1573,income,57,33,income,OTHER
6450,6452,243,1540,264,1571,tax,21,31,tax,OTHER
6478,6485,444,1541,500,1574,locality,56,33,locality,OTHER
6487,6490,505,1544,557,1579,name,52,35,name,OTHER
6492,6496,564,1549,616,1584,smith,52,35,smith,OTHER
6498,6503,621,1554,678,1589,stream,57,35,stream,OTHER
6607,6610,1039,1557,1072,1588,2018,33,31,2018,OTHER
6612,6615,1077,1556,1112,1586,"adp,",35,30,"adp,",OTHER
6617,6619,1117,1556,1155,1586,llc,38,30,llc,OTHER
6623,6623,1002,2625,1022,2652,1,20,27,1,OTHER
6625,6629,133,1678,177,1706,wages,44,28,wages,OTHER
6631,6631,182,1679,185,1705,",",3,26,",",OTHER
6633,6636,190,1678,213,1705,tips,23,27,tips,OTHER
6638,6638,986,1676,990,1703,.,4,27,.,OTHER
6640,6644,228,1676,267,1704,other,39,28,other,OTHER
6646,6649,272,1673,307,1703,comp,35,30,comp,OTHER
6651,6651,1078,1673,1085,1703,.,7,30,.,OTHER
6658,6664,433,1674,487,1706,federal,54,32,federal,OTHER
6666,6671,492,1675,546,1706,income,54,31,income,OTHER
6673,6675,550,1676,574,1706,tax,24,30,tax,OTHER
6677,6684,579,1676,635,1706,withheld,56,30,withheld,OTHER
6707,6711,901,1676,945,1705,wages,44,29,wages,OTHER
6713,6713,1893,1671,1900,1702,.,7,31,.,OTHER
6715,6718,959,1676,980,1704,tips,21,28,tips,OTHER
6720,6720,610,1735,619,1766,.,9,31,.,OTHER
6722,6726,996,1675,1033,1703,other,37,28,other,OTHER
6728,6731,1039,1673,1073,1703,comp,34,30,comp,OTHER
6733,6733,438,1807,444,1838,.,6,31,.,OTHER
6743,6749,1207,1675,1260,1708,federal,53,33,federal,OTHER
6751,6756,1266,1676,1319,1708,income,53,32,income,OTHER
6758,6760,1325,1676,1346,1707,tax,21,31,tax,OTHER
6762,6769,1352,1674,1409,1706,withheld,57,32,withheld,OTHER
6802,6806,1715,1679,1759,1708,wanes,44,29,wanes,OTHER
6808,6808,1764,1679,1768,1708,",",4,29,",",OTHER
6810,6814,1773,1678,1806,1708,"tips,",33,30,"tips,",OTHER
6816,6820,1811,1675,1848,1707,other,37,32,other,OTHER
6822,6825,1853,1672,1888,1705,comp,35,33,comp,OTHER
6827,6827,2090,2290,2090,2327,.,0,37,.,OTHER
6836,6842,2022,1676,2075,1706,federal,53,30,federal,OTHER
6844,6849,2080,1675,2134,1706,income,54,31,income,OTHER
6851,6853,2140,1675,2160,1706,tax,20,31,tax,OTHER
6855,6862,2165,1674,2223,1706,withheld,58,32,withheld,OTHER
6869,6874,133,1721,180,1746,social,47,25,social,OTHER
6876,6883,182,1721,242,1746,security,60,25,security,OTHER
6900,6905,435,1715,479,1753,social,44,38,social,OTHER
6907,6914,486,1716,540,1751,security,54,35,security,OTHER
6916,6918,547,1717,568,1748,tax,21,31,tax,OTHER
6920,6927,575,1716,638,1746,withheld,63,30,withheld,OTHER
6949,6954,903,1720,948,1748,social,45,28,social,OTHER
6956,6963,952,1718,1010,1746,security,58,28,security,OTHER
6965,6967,1014,1718,1044,1744,wag,30,26,wag,OTHER
6984,6989,1210,1716,1254,1755,social,44,39,social,OTHER
6991,6998,1259,1715,1316,1752,security,57,37,security,OTHER
7000,7002,1321,1714,1342,1748,tax,21,34,tax,OTHER
7004,7011,1347,1711,1411,1745,withheld,64,34,withheld,OTHER
7044,7049,1716,1720,1760,1748,social,44,28,social,OTHER
7051,7058,1764,1719,1822,1745,security,58,26,security,OTHER
7060,7062,1826,1719,1860,1743,wag,34,24,wag,OTHER
7079,7084,2023,1717,2068,1750,social,45,33,social,OTHER
7086,7093,2073,1717,2130,1750,security,57,33,security,OTHER
7095,7097,2134,1717,2157,1749,tax,23,32,tax,OTHER
7099,7106,2161,1717,2224,1748,withheld,63,31,withheld,OTHER
7113,7118,151,1739,207,1764,158171,56,25,158171,OTHER
7120,7122,209,1737,247,1764,.76,38,27,.76,OTHER
7159,7163,562,1735,609,1768,12100,47,33,12100,OTHER
7165,7165,1840,2336,1846,2367,.,6,31,.,OTHER
7166,7166,594,1769,605,1802,",",11,33,",",OTHER
7169,7170,612,1771,645,1807,$9,33,36,$9,OTHER
7200,7208,944,1746,1039,1775,158171-76,95,29,158171-76,OTHER
7241,7248,1333,1737,1405,1767,12100.14,72,30,12100.14,OTHER
7293,7301,1759,1746,1852,1772,158171.76,93,26,158171.76,OTHER
7339,7343,2147,1737,2193,1771,12100,46,34,12100,OTHER
7345,7347,2195,1736,2223,1768,.14,28,32,.14,OTHER
7384,7391,434,1758,498,1797,medicare,64,39,medicare,OTHER
7393,7395,505,1759,526,1796,tax,21,37,tax,OTHER
7397,7404,533,1762,587,1800,withheld,54,38,withheld,OTHER
7469,7476,1208,1758,1272,1797,medicare,64,39,medicare,OTHER
7478,7480,1278,1760,1298,1796,tax,20,36,tax,OTHER
7482,7489,1305,1761,1388,1798,withheld,83,37,withheld,OTHER
7564,7571,2020,1762,2085,1797,medicare,65,35,medicare,OTHER
7573,7573,1868,1766,1874,1797,t,6,31,t,OTHER
7574,7574,758,1814,773,1845,a,15,31,a,OTHER
7577,7584,2120,1762,2198,1796,withheld,78,34,withheld,OTHER
7592,7596,152,1771,197,1803,bagga,45,32,bagga,OTHER
7598,7602,200,1767,252,1801,wages,52,34,wages,OTHER
7604,7606,256,1764,283,1797,and,27,33,and,OTHER
7608,7611,287,1759,329,1795,tips,42,36,tips,OTHER
7768,7770,1722,1771,1753,1802,led,31,31,led,OTHER
7772,7773,101,2615,128,2644,19,27,29,19,OTHER
7775,7778,1778,1772,1822,1803,1910,44,31,1910,OTHER
7782,7784,1838,1767,1865,1800,and,27,33,and,OTHER
7847,7854,616,1809,677,1839,employer,61,30,employer,OTHER
7856,7858,682,1809,708,1840,use,26,31,use,OTHER
7860,7863,712,1810,754,1843,only,42,33,only,OTHER
7865,7865,1993,1999,2014,2030,a,21,31,a,OTHER
7896,7900,307,1814,356,1840,dept.,49,26,dept.,OTHER
7931,7938,1388,1808,1452,1838,employer,64,30,employer,OTHER
7940,7942,1457,1808,1482,1838,use,25,30,use,OTHER
7944,7947,1486,1807,1529,1837,only,43,30,only,OTHER
8027,8034,2201,1809,2266,1838,employer,65,29,employer,OTHER
8036,8038,2270,1811,2295,1841,use,25,30,use,OTHER
8040,8043,2299,1813,2337,1846,only,38,33,only,OTHER
8045,8046,2344,1818,2369,1850,36,25,32,36,OTHER
8048,8050,101,1817,125,1848,$7.,24,31,$7.,OTHER
8052,8058,130,1811,182,1844,control,52,33,control,OTHER
8060,8065,186,1807,255,1838,number,69,31,number,OTHER
8067,8071,1098,1815,1151,1843,dept.,53,28,dept.,OTHER
8073,8076,408,1808,432,1838,corp,24,30,corp,OTHER
8078,8078,2121,2500,2125,2533,.,4,33,.,OTHER
8131,8137,898,1812,953,1842,control,55,30,control,OTHER
8139,8144,955,1807,1018,1836,number,63,29,number,OTHER
8226,8234,1690,1812,1765,1847,79control,75,35,79control,OTHER
8236,8241,1769,1807,1835,1837,number,66,30,number,OTHER
8254,8258,1913,1813,1964,1841,dept.,51,28,dept.,OTHER
8261,8270,134,1842,216,1876,employer's,82,34,employer's,OTHER
8272,8276,218,1848,266,1879,"name,",48,31,"name,",OTHER
8278,8285,268,1850,334,1879,"address,",66,29,"address,",OTHER
8287,8289,335,1849,366,1879,and,31,30,and,OTHER
8291,8293,367,1848,395,1878,zip,28,30,zip,OTHER
8295,8298,396,1844,447,1877,code,51,33,code,OTHER
8342,8351,902,1843,982,1877,employer's,80,34,employer's,OTHER
8353,8356,986,1849,1025,1879,name,39,30,name,OTHER
8358,8358,1028,1850,1034,1879,",",6,29,",",OTHER
8360,8366,1037,1851,1093,1879,address,56,28,address,OTHER
8368,8368,1095,1851,1102,1879,",",7,28,",",OTHER
8370,8372,1104,1850,1135,1879,and,31,29,and,OTHER
8374,8376,1137,1849,1163,1877,zip,26,28,zip,OTHER
8378,8381,1165,1846,1213,1876,code,48,30,code,OTHER
8438,8447,1715,1843,1798,1876,employer's,83,33,employer's,OTHER
8449,8453,1801,1848,1847,1878,"name,",46,30,"name,",OTHER
8455,8462,1849,1850,1916,1878,"address,",67,28,"address,",OTHER
8464,8466,1917,1850,1948,1878,and,31,28,and,OTHER
8468,8470,1950,1849,1978,1876,zip,28,27,zip,OTHER
8472,8475,1979,1847,2022,1874,code,43,27,code,OTHER
8485,8498,156,1876,343,1903,abbott-gregory,187,27,abbott-gregory,OTHER
8500,8502,348,1875,388,1900,llc,40,25,llc,OTHER
8569,8582,945,1876,1135,1904,abbott-gregory,190,28,abbott-gregory,OTHER
8584,8586,1141,1878,1175,1904,llc,34,26,llc,OTHER
8662,8675,1759,1871,1949,1903,abbott-gregory,190,32,abbott-gregory,OTHER
8677,8679,1954,1875,1992,1903,llc,38,28,llc,OTHER
8694,8695,192,1906,226,1937,96,34,31,96,OTHER
8697,8700,229,1906,293,1935,wall,64,29,wall,OTHER
8702,8707,296,1906,384,1933,island,88,27,island,OTHER
8773,8776,958,1906,1018,1934,2296,60,28,2296,OTHER
8778,8781,1022,1906,1083,1934,wall,61,28,wall,OTHER
8783,8788,1090,1907,1171,1936,island,81,29,island,OTHER
8868,8872,1759,1905,1831,1935,02296,72,30,02296,OTHER
8874,8877,1835,1905,1897,1934,wall,62,29,wall,OTHER
8879,8884,1903,1905,1990,1934,island,87,29,island,OTHER
8894,8907,156,1931,335,1962,deborahborough,179,31,deborahborough,OTHER
8909,8910,372,1933,409,1966,ak,37,33,ak,OTHER
8912,8921,441,1932,575,1960,46111-9054,134,28,46111-9054,OTHER
8978,8991,950,1932,1134,1960,deborahborough,184,28,deborahborough,OTHER
8993,8994,1167,1932,1199,1963,ak,32,31,ak,OTHER
8996,9005,1234,1932,1369,1960,46111-9054,135,28,46111-9054,OTHER
9073,9086,1757,1933,1951,1963,deborahborough,194,30,deborahborough,OTHER
9087,9088,1980,1933,2012,1963,ak,32,30,ak,OTHER
9090,9099,2047,1929,2183,1963,46111-9054,136,34,46111-9054,OTHER
9105,9114,135,1998,217,2025,employer's,82,27,employer's,OTHER
9116,9118,221,1999,253,2025,fed,32,26,fed,OTHER
9120,9121,256,1999,272,2026,id,16,27,id,OTHER
9123,9128,275,1998,337,2027,number,62,29,number,OTHER
9143,9152,435,1998,520,2032,employee's,85,34,employee's,OTHER
9154,9156,526,1998,556,2031,ssa,30,33,ssa,OTHER
9158,9163,562,1998,616,2031,number,54,33,number,OTHER
9188,9197,903,2000,982,2028,employer's,79,28,employer's,OTHER
9199,9201,986,2001,1019,2028,fed,33,27,fed,OTHER
9203,9204,1023,2001,1040,2028,id,17,27,id,OTHER
9206,9211,1043,2001,1106,2030,number,63,29,number,OTHER
9228,9237,1207,1996,1294,2030,employee's,87,34,employee's,OTHER
9239,9241,1299,1999,1328,2030,ssa,29,31,ssa,OTHER
9243,9248,1333,1999,1391,2030,number,58,31,number,OTHER
9282,9291,1715,1997,1798,2028,employer's,83,31,employer's,OTHER
9293,9295,1802,1999,1832,2028,fed,30,29,fed,OTHER
9297,9298,1835,2000,1853,2028,id,18,28,id,OTHER
9300,9305,1857,2000,1919,2030,number,62,30,number,OTHER
9324,9324,2009,2178,2021,2206,a,12,28,a,OTHER
9326,9335,2022,1998,2108,2030,employee's,86,32,employee's,OTHER
9337,9339,2112,1998,2144,2030,ssa,32,32,ssa,OTHER
9341,9346,2147,1996,2211,2029,number,64,33,number,OTHER
9353,9362,151,2017,257,2050,71-0654652,106,33,71-0654652,OTHER
9406,9406,411,2555,435,2585,8,24,30,8,OTHER
9408,9416,436,2056,503,2088,allocated,67,32,allocated,OTHER
9418,9421,507,2057,550,2089,tips,43,32,tips,OTHER
9450,9455,901,2061,947,2092,social,46,31,social,OTHER
9457,9464,951,2063,1009,2095,security,58,32,security,OTHER
9466,9469,1011,2066,1038,2096,tips,27,30,tips,OTHER
9489,9497,1211,2054,1275,2087,allocated,64,33,allocated,OTHER
9499,9502,1281,2057,1323,2088,tips,42,31,tips,OTHER
9545,9550,1715,2061,1760,2092,social,45,31,social,OTHER
9552,9559,1764,2065,1821,2092,security,57,27,security,OTHER
9561,9564,1824,2066,1852,2092,tips,28,26,tips,OTHER
9586,9594,2024,2058,2091,2088,allocated,67,30,allocated,OTHER
9596,9599,2095,2057,2135,2087,tips,40,30,tips,OTHER
9662,9668,562,2078,625,2104,131310.,63,26,131310.,OTHER
9670,9671,629,2075,653,2101,02,24,26,02,OTHER
9740,9748,1334,2073,1424,2103,131310.02,90,30,131310.02,OTHER
9837,9845,2147,2076,2232,2101,131310.02,85,25,131310.02,OTHER
9849,9860,132,2116,218,2146,verification,86,30,verification,OTHER
9862,9865,222,2116,265,2145,code,43,29,code,OTHER
9889,9890,408,2117,433,2150,10,25,33,10,OTHER
9892,9900,438,2117,519,2149,dependent,81,32,dependent,OTHER
9902,9905,524,2118,553,2146,care,29,28,care,OTHER
9907,9914,559,2117,614,2145,benefits,55,28,benefits,OTHER
9932,9943,901,2117,985,2148,verification,84,31,verification,OTHER
9945,9948,990,2116,1027,2147,code,37,31,code,OTHER
9969,9970,1179,2114,1208,2147,10,29,33,10,OTHER
9972,9980,1212,2116,1294,2148,dependent,82,32,dependent,OTHER
9982,9985,1298,2118,1330,2148,care,32,30,care,OTHER
9987,9993,1334,2119,1386,2147,benefit,52,28,benefit,OTHER
10028,10039,1714,2117,1798,2147,verification,84,30,verification,OTHER
10041,10044,1803,2118,1836,2146,code,33,28,code,OTHER
10066,10067,1992,2115,2020,2146,10,28,31,10,OTHER
10069,10077,2025,2116,2106,2147,dependent,81,31,dependent,OTHER
10079,10082,2110,2118,2141,2147,care,31,29,care,OTHER
10084,10090,2145,2118,2196,2146,benefit,51,28,benefit,OTHER
10151,10153,1335,2133,1377,2164,228,42,31,228,OTHER
10230,10232,562,2140,599,2166,228,37,26,228,OTHER
10237,10248,136,2178,230,2205,nonqualified,94,27,nonqualified,OTHER
10250,10254,234,2177,282,2205,plans,48,28,plans,OTHER
10277,10278,414,2175,433,2207,2a,19,32,2a,OTHER
10280,10282,439,2176,464,2207,see,25,31,see,OTHER
10284,10295,470,2176,555,2206,instructions,85,30,instructions,OTHER
10297,10299,560,2175,582,2205,for,22,30,for,OTHER
10301,10303,587,2175,615,2205,box,28,30,box,OTHER
10305,10306,620,2175,636,2205,12,16,30,12,OTHER
10321,10332,905,2175,997,2205,nonqualified,92,30,nonqualified,OTHER
10334,10338,1002,2175,1050,2205,plans,48,30,plans,OTHER
10356,10358,1177,2175,1207,2206,12a,30,31,12a,OTHER
10360,10362,1211,2176,1238,2207,see,27,31,see,OTHER
10364,10375,1241,2176,1330,2207,instructions,89,31,instructions,OTHER
10377,10379,1334,2175,1356,2206,for,22,31,for,OTHER
10381,10383,1360,2175,1388,2205,box,28,30,box,OTHER
10385,10386,1392,2174,1413,2203,12,21,29,12,OTHER
10414,10425,1717,2176,1812,2207,nonqualified,95,31,nonqualified,OTHER
10427,10431,1817,2175,1867,2206,plans,50,31,plans,OTHER
10453,10455,2025,2177,2052,2206,see,27,29,see,OTHER
10457,10468,2056,2176,2145,2206,instructions,89,30,instructions,OTHER
10470,10472,2148,2176,2170,2206,for,22,30,for,OTHER
10474,10476,2173,2175,2205,2206,box,32,31,box,OTHER
10478,10479,2208,2175,2226,2206,12,18,31,12,OTHER
10563,10564,867,2233,890,2259,14,23,26,14,OTHER
10566,10568,910,2233,941,2256,oth,31,23,oth,OTHER
10623,10626,1334,2219,1381,2254,8457,47,35,8457,OTHER
10661,10663,1725,2233,1753,2252,oth,28,19,oth,OTHER
10700,10701,2034,2216,2065,2247,ff,31,31,ff,OTHER
10940,10942,2148,2247,2189,2283,430,41,36,430,OTHER
10977,10978,403,2302,414,2337,13,11,35,13,OTHER
10980,10983,420,2301,442,2337,stat,22,36,stat,OTHER
10985,10988,448,2300,477,2337,emp.,29,37,emp.,OTHER
10990,10993,483,2299,502,2336,ret.,19,37,ret.,OTHER
10995,10998,508,2296,553,2335,plan,45,39,plan,OTHER
11000,11002,562,2295,576,2333,ard,14,38,ard,OTHER
11004,11009,583,2293,611,2332,partly,28,39,partly,OTHER
11011,11014,618,2291,639,2331,sick,21,40,sick,OTHER
11016,11018,645,2289,676,2329,pay,31,40,pay,OTHER
11064,11065,1208,2300,1213,2340,of,5,40,of,OTHER
11067,11069,1221,2299,1247,2339,emp,26,40,emp,OTHER
11071,11074,1254,2298,1275,2338,ret.,21,40,ret.,OTHER
11076,11079,1282,2295,1326,2337,plan,44,42,plan,OTHER
11081,11083,1334,2295,1349,2334,ard,15,39,ard,OTHER
11085,11089,1357,2293,1383,2333,party,26,40,party,OTHER
11091,11094,1390,2293,1411,2331,sick,21,38,sick,OTHER
11096,11098,1418,2292,1447,2330,pay,29,38,pay,OTHER
11159,11160,1991,2286,2001,2323,18,10,37,18,OTHER
11162,11165,2007,2287,2029,2325,slat,22,38,slat,OTHER
11167,11169,2036,2288,2061,2326,emp,25,38,emp,OTHER
11171,11173,2068,2290,2082,2327,ret,14,37,ret,OTHER
11175,11175,2158,2558,2164,2588,.,6,30,.,OTHER
11177,11180,2097,2290,2140,2328,plan,43,38,plan,OTHER
11182,11184,2147,2291,2162,2328,ard,15,37,ard,OTHER
11186,11190,2169,2291,2198,2327,party,29,36,party,OTHER
11192,11195,2205,2291,2225,2326,sick,20,35,sick,OTHER
11197,11199,2232,2290,2259,2325,pay,27,35,pay,OTHER
11201,11203,99,2334,128,2362,eff,29,28,eff,OTHER
11205,11213,133,2336,215,2366,employees,82,30,employees,OTHER
11215,11219,218,2338,264,2367,name.,46,29,name.,OTHER
11221,11227,267,2336,329,2367,address,62,31,address,OTHER
11229,11231,332,2334,361,2365,and,29,31,and,OTHER
11233,11235,363,2332,390,2364,zip,27,32,zip,OTHER
11237,11240,393,2328,438,2362,code,45,34,code,OTHER
11283,11285,867,2335,897,2364,elf,30,29,elf,OTHER
11287,11295,901,2336,983,2366,employees,82,30,employees,OTHER
11297,11301,987,2337,1034,2366,name.,47,29,name.,OTHER
11303,11309,1037,2335,1097,2366,address,60,31,address,OTHER
11311,11313,1100,2334,1130,2365,and,30,31,and,OTHER
11315,11317,1133,2333,1158,2364,zip,25,31,zip,OTHER
11319,11322,1161,2330,1209,2363,code,48,33,code,OTHER
11378,11380,1679,2336,1710,2365,elf,31,29,elf,OTHER
11382,11390,1714,2336,1796,2367,employees,82,31,employees,OTHER
11392,11395,1800,2336,1837,2367,name,37,31,name,OTHER
11399,11405,1849,2335,1910,2366,address,61,31,address,OTHER
11407,11409,1913,2334,1941,2365,and,28,31,and,OTHER
11411,11413,1944,2333,1970,2364,zip,26,31,zip,OTHER
11415,11418,1974,2331,2020,2363,code,46,32,code,OTHER
11426,11431,157,2380,236,2409,joseph,79,29,joseph,OTHER
11433,11436,269,2381,329,2412,king,60,31,king,OTHER
11511,11516,949,2382,1027,2407,joseph,78,25,joseph,OTHER
11518,11521,1063,2382,1121,2407,king,58,25,king,OTHER
11607,11612,1762,2382,1841,2407,joseph,79,25,joseph,OTHER
11614,11617,1875,2383,1933,2410,king,58,27,king,OTHER
11626,11628,155,2407,200,2437,034,45,30,034,OTHER
11630,11634,205,2407,275,2436,casey,70,29,casey,OTHER
11636,11640,280,2407,356,2435,mills,76,28,mills,OTHER
11642,11645,361,2407,423,2435,apt.,62,28,apt.,OTHER
11647,11649,429,2408,467,2435,303,38,27,303,OTHER
11712,11713,960,2407,993,2436,34,33,29,34,OTHER
11715,11719,996,2407,1069,2436,casey,73,29,casey,OTHER
11721,11725,1073,2407,1149,2435,mills,76,28,mills,OTHER
11727,11730,1154,2408,1215,2436,apt.,61,28,apt.,OTHER
11732,11734,1221,2409,1261,2437,303,40,28,303,OTHER
11806,11808,1759,2408,1806,2437,034,47,29,034,OTHER
11810,11814,1811,2407,1882,2436,casey,71,29,casey,OTHER
11816,11820,1887,2407,1962,2436,mills,75,29,mills,OTHER
11822,11825,1967,2408,2027,2437,apt.,60,29,apt.,OTHER
11827,11829,2034,2411,2075,2439,303,41,28,303,OTHER
11837,11847,152,2431,302,2463,harrismouth,150,32,harrismouth,OTHER
11849,11850,333,2431,368,2459,mn,35,28,mn,OTHER
11852,11856,402,2431,461,2459,96241,59,28,96241,OTHER
11858,11862,465,2432,540,2460,-6398,75,28,-6398,OTHER
11922,11932,947,2431,1094,2462,harrismouth,147,31,harrismouth,OTHER
11934,11935,1126,2429,1160,2458,mn,34,29,mn,OTHER
11936,11945,1195,2431,1331,2461,96241-6398,136,30,96241-6398,OTHER
12017,12027,1758,2431,1907,2463,harrismouth,149,32,harrismouth,OTHER
12029,12030,1939,2428,1975,2460,mn,36,32,mn,OTHER
12045,12049,2006,2432,2066,2464,96241,60,32,96241,OTHER
12051,12055,2072,2430,2142,2464,-6398,70,34,-6398,OTHER
12061,12065,137,2501,183,2531,state,46,30,state,OTHER
12067,12076,229,2502,304,2536,amplovers',75,34,amplovers',OTHER
12078,12082,308,2500,341,2530,state,33,30,state,OTHER
12084,12085,345,2499,359,2528,id,14,29,id,OTHER
12087,12089,363,2497,399,2528,no.,36,31,no.,OTHER
12091,12092,407,2497,433,2527,16,26,30,16,OTHER
12094,12098,446,2497,482,2528,state,36,31,state,OTHER
12100,12105,486,2499,539,2531,wades.,53,32,wades.,OTHER
12107,12111,542,2502,590,2535,tips.,48,33,tips.,OTHER
12113,12114,593,2506,618,2538,65,25,32,65,OTHER
12116,12117,621,2509,643,2540,38,22,31,38,OTHER
12140,12141,869,2501,890,2526,15,21,25,15,OTHER
12143,12147,907,2503,952,2534,state,45,31,state,OTHER
12160,12169,1021,2499,1097,2531,emplovers',76,32,emplovers',OTHER
12171,12175,1101,2497,1133,2528,state,32,31,state,OTHER
12177,12178,1138,2497,1150,2528,id,12,31,id,OTHER
12180,12181,1154,2497,1175,2528,no,21,31,no,OTHER
12183,12184,1179,2497,1206,2528,16,27,31,16,OTHER
12186,12190,1218,2498,1254,2529,state,36,31,state,OTHER
12192,12196,1258,2499,1310,2532,wanes,52,33,wanes,OTHER
12198,12202,1314,2502,1361,2535,"tips,",47,33,"tips,",OTHER
12204,12205,1365,2506,1388,2537,65,23,31,65,OTHER
12207,12208,1392,2509,1416,2540,38,24,31,38,OTHER
12235,12236,1679,2501,1705,2527,15,26,26,15,OTHER
12238,12242,1718,2501,1766,2535,state,48,34,state,OTHER
12255,12264,1835,2498,1909,2534,emplovers',74,36,emplovers',OTHER
12266,12270,1914,2497,1945,2531,state,31,34,state,OTHER
12272,12273,1951,2497,1964,2530,10,13,33,10,OTHER
12275,12276,1969,2497,1988,2530,no,19,33,no,OTHER
12278,12279,1993,2496,2021,2530,16,28,34,16,OTHER
12281,12285,2032,2497,2068,2531,state,36,34,state,OTHER
12287,12291,2073,2498,2116,2532,wanes,43,34,wanes,OTHER
12295,12299,2130,2501,2161,2535,tips;,31,34,tips;,OTHER
12305,12306,2207,2507,2224,2540,38,17,33,38,OTHER
12309,12310,102,2556,123,2580,17,21,24,17,OTHER
12312,12316,141,2559,179,2583,state,38,24,state,OTHER
12318,12323,182,2556,238,2583,income,56,27,income,OTHER
12325,12327,2091,1762,2114,1795,tax,23,33,tax,OTHER
12355,12359,441,2555,484,2586,local,43,31,local,OTHER
12361,12366,487,2556,539,2587,wanes.,52,31,wanes.,OTHER
12368,12372,542,2559,577,2588,"tips,",35,29,"tips,",OTHER
12374,12377,580,2561,624,2590,etc.,44,29,etc.,OTHER
12391,12392,868,2555,890,2578,17,22,23,17,OTHER
12394,12398,910,2558,948,2583,state,38,25,state,OTHER
12400,12405,949,2560,1007,2585,income,58,25,income,OTHER
12407,12408,1008,2561,1026,2584,ta,18,23,ta,OTHER
12430,12431,1177,2553,1209,2586,18,32,33,18,OTHER
12433,12437,1216,2554,1255,2586,local,39,32,local,OTHER
12439,12443,1259,2556,1313,2587,wages,54,31,wages,OTHER
12445,12449,1317,2559,1349,2589,tips.,32,30,tips.,OTHER
12451,12454,1354,2562,1399,2591,etc.,45,29,etc.,OTHER
12486,12487,1683,2553,1707,2579,17,24,26,17,OTHER
12489,12493,1722,2556,1762,2583,state,40,27,state,OTHER
12495,12500,1763,2559,1821,2585,income,58,26,income,OTHER
12502,12503,1821,2561,1838,2586,ta,17,25,ta,OTHER
12531,12532,1994,2555,2021,2586,18,27,31,18,OTHER
12534,12538,2029,2554,2070,2586,local,41,32,local,OTHER
12540,12545,2074,2554,2127,2587,wanes.,53,33,wanes.,OTHER
12547,12550,2131,2556,2154,2588,tips,23,32,tips,OTHER
12554,12557,2168,2559,2211,2590,etc.,43,31,etc.,OTHER
12564,12567,151,2575,188,2602,6298,37,27,6298,OTHER
12569,12571,190,2571,231,2599,.44,41,28,.44,OTHER
12574,12575,1682,2615,1707,2644,19,25,29,19,OTHER
12577,12585,152,2622,239,2652,83563-9me,87,30,83563-9me,OTHER
12594,12594,142,2613,158,2642,l,16,29,l,OTHER
12607,12609,240,2553,265,2581,tax,25,28,tax,OTHER
12631,12632,1179,2613,1206,2641,20,27,28,20,OTHER
12636,12643,444,2616,502,2644,locality,58,28,locality,OTHER
12645,12648,505,2617,557,2646,name,52,29,name,OTHER
12677,12682,946,2627,1000,2653,33563.,54,26,33563.,OTHER
12712,12719,1216,2614,1276,2644,locality,60,30,locality,OTHER
12721,12724,1279,2616,1331,2647,name,52,31,name,OTHER
12768,12772,1723,2619,1762,2647,local,39,28,local,OTHER
12774,12779,1765,2621,1821,2648,income,56,27,income,OTHER
12781,12783,242,2619,265,2647,tax,23,28,tax,OTHER
12813,12820,2028,2614,2087,2647,locality,59,33,locality,OTHER
12822,12825,2090,2619,2143,2652,name,53,33,name,OTHER
12827,12831,2149,2624,2201,2658,smith,52,34,smith,OTHER
12833,12838,2205,2630,2260,2663,stream,55,33,stream,OTHER
12902,12906,562,2631,616,2659,smith,54,28,smith,OTHER
12908,12913,618,2636,680,2662,stream,62,26,stream,OTHER
12976,12980,1335,2632,1389,2660,smith,54,28,smith,OTHER
12982,12987,1392,2633,1454,2660,stream,62,27,stream,OTHER
13007,13013,229,2677,316,2706,federal,87,29,federal,OTHER
13033,13038,417,2681,468,2705,filing,51,24,filing,OTHER
13055,13058,592,2678,643,2703,copy,51,25,copy,OTHER
13092,13099,1015,2676,1110,2709,de.state,95,33,de.state,OTHER
13113,13118,1189,2683,1238,2705,filing,49,22,filing,OTHER
13130,13133,1368,2675,1415,2702,copy,47,27,copy,OTHER
13185,13188,1812,2674,1851,2706,city,39,32,city,OTHER
13190,13191,1855,2675,1875,2705,or,20,30,or,OTHER
13193,13197,1879,2675,1945,2713,local,66,38,local,OTHER
13199,13204,2002,2681,2055,2708,filing,53,27,filing,OTHER
13224,13227,2179,2676,2229,2701,copy,50,25,copy,OTHER
13260,13263,325,2706,388,2734,wage,63,28,wage,OTHER
13265,13267,426,2702,468,2725,and,42,23,and,OTHER
13269,13271,505,2706,539,2728,tax,34,22,tax,OTHER
13350,13352,1197,2699,1241,2729,and,44,30,and,OTHER
13354,13356,1277,2702,1310,2727,tax,33,25,tax,OTHER
13435,13438,1921,2705,1984,2734,wage,63,29,wage,OTHER
13440,13442,2010,2702,2052,2732,and,42,30,and,OTHER
13444,13446,2090,2702,2127,2726,tax,37,24,tax,OTHER
13479,13487,319,2731,417,2756,statement,98,25,statement,OTHER
13511,13514,581,2742,668,2774,2018,87,32,2018,OTHER
13530,13532,105,2742,174,2771,w-2,69,29,w-2,OTHER
13561,13568,1110,2731,1203,2757,tatement,93,26,tatement,OTHER
13588,13591,1359,2740,1444,2772,2018,85,32,2018,OTHER
13627,13629,1686,2741,1754,2773,w-2,68,32,w-2,OTHER
13653,13661,1911,2729,2011,2753,statement,100,24,statement,OTHER
13681,13684,2166,2742,2254,2774,2018,88,32,2018,OTHER
13687,13689,874,2744,943,2771,w-2,69,27,w-2,OTHER
13691,13694,99,2779,132,2806,copy,33,27,copy,OTHER
13696,13696,137,2780,148,2807,b,11,27,b,OTHER
13698,13699,153,2780,164,2807,to,11,27,to,OTHER
13701,13702,169,2780,185,2807,be,16,27,be,OTHER
13704,13708,190,2780,217,2807,filed,27,27,filed,OTHER
13710,13713,222,2781,251,2807,with,29,26,with,OTHER
13715,13724,256,2781,330,2807,employee's,74,26,employee's,OTHER
13726,13732,336,2781,385,2806,federal,49,25,federal,OTHER
13734,13739,390,2781,442,2805,income,52,24,income,OTHER
13741,13743,447,2780,469,2804,tax,22,24,tax,OTHER
13745,13750,474,2779,520,2804,return,46,25,return,OTHER
13752,13754,561,2778,596,2808,omb,35,30,omb,OTHER
13756,13758,600,2777,626,2806,no.,26,29,no.,OTHER
13760,13768,630,2777,708,2806,1545-0008,78,29,1545-0008,OTHER
13773,13776,867,2779,902,2807,copy,35,28,copy,OTHER
13780,13781,918,2778,931,2806,to,13,28,to,OTHER
13783,13784,936,2778,951,2806,be,15,28,be,OTHER
13786,13790,956,2779,983,2807,filed,27,28,filed,OTHER
13792,13792,988,2780,997,2808,w,9,28,w,OTHER
13797,13801,1062,2780,1097,2807,yee's,35,27,yee's,OTHER
13803,13807,1100,2780,1137,2807,state,37,27,state,OTHER
13809,13814,1141,2779,1193,2806,income,52,27,income,OTHER
13816,13818,1197,2779,1221,2805,tax,24,26,tax,OTHER
13820,13825,1225,2779,1270,2804,return,45,25,return,OTHER
13828,13830,1334,2777,1369,2809,ome,35,32,ome,OTHER
13832,13834,1373,2775,1399,2805,no.,26,30,no.,OTHER
13836,13844,1403,2775,1473,2807,1545-0008,70,32,1545-0008,OTHER
13868,13871,1680,2778,1714,2805,copy,34,27,copy,OTHER
13875,13876,1732,2778,1742,2806,to,10,28,to,OTHER
13878,13879,1748,2778,1764,2806,be,16,28,be,OTHER
13881,13885,1769,2779,1798,2807,filed,29,28,filed,OTHER
13887,13890,1803,2780,1831,2808,with,28,28,with,OTHER
13903,13904,1987,2782,2000,2804,al,13,22,al,OTHER
13906,13911,2002,2781,2056,2806,income,54,25,income,OTHER
13913,13915,2058,2781,2084,2807,tax,26,26,tax,OTHER
13917,13922,2086,2780,2139,2807,return,53,27,return,OTHER
13924,13926,2148,2779,2184,2808,omb,36,29,omb,OTHER
13928,13930,2186,2779,2213,2808,no.,27,29,no.,OTHER
13932,13940,2216,2777,2296,2807,1545-0008,80,30,1545-0008,OTHER
