start_index,end_index,x_top_left,y_top_left,x_bottom_right,y_bottom_right,transcript,box_width,box_height,combined_text,predicted_field
0,0,386,1813,429,1836,1559,43,23,1559,OTHER
0,0,1645,2089,1690,2111,"wages,",45,22,"wages,",OTHER
97,100,785,31,893,72,2018,108,41,2018,OTHER
102,104,906,32,993,73,w-2,87,41,w-2,OTHER
106,108,1006,32,1090,73,and,84,41,and,OTHER
110,117,1103,32,1353,73,earnings,250,41,earnings,OTHER
119,125,1372,29,1616,73,summary,244,44,summary,OTHER
183,185,1768,20,1837,58,fdp,69,38,fdp,OTHER
203,210,119,82,201,105,employee,82,23,employee,OTHER
212,220,255,80,343,103,reference,88,23,reference,OTHER
234,237,421,82,460,101,copy,39,19,copy,OTHER
278,281,716,78,765,102,this,49,24,this,OTHER
283,286,768,78,821,102,blue,53,24,blue,OTHER
288,295,824,79,929,103,earnings,105,24,earnings,OTHER
297,303,933,79,1043,103,summary,110,24,summary,OTHER
305,311,1047,80,1129,103,section,82,23,section,OTHER
313,314,1133,80,1156,103,is,23,23,is,OTHER
316,323,1160,80,1258,103,included,98,23,included,OTHER
325,328,1262,80,1312,103,with,50,23,with,OTHER
330,333,1316,80,1368,103,your,52,23,your,OTHER
335,337,1372,80,1422,103,w-2,50,23,w-2,OTHER
339,340,1426,80,1449,103,to,23,23,to,OTHER
342,345,1453,80,1505,103,help,52,23,help,OTHER
347,354,1514,79,1608,103,describe,94,24,describe,OTHER
356,363,1613,79,1705,103,portions,92,24,portions,OTHER
365,366,1710,78,1732,103,in,22,25,in,OTHER
368,371,1737,78,1798,103,more,61,25,more,OTHER
373,379,1806,77,1869,103,detail.,63,26,detail.,OTHER
409,412,204,109,256,131,wage,52,22,wage,OTHER
414,416,288,110,319,131,and,31,21,and,OTHER
418,420,351,110,381,131,tax,30,21,tax,OTHER
472,474,716,105,759,130,the,43,25,the,OTHER
476,482,764,106,849,131,reverse,85,25,reverse,OTHER
484,487,854,107,902,131,side,48,24,side,OTHER
489,496,906,108,1003,131,includes,97,23,includes,OTHER
498,504,1008,109,1094,131,general,86,22,general,OTHER
506,516,1098,109,1228,131,information,130,22,information,OTHER
518,521,1232,109,1277,131,that,45,22,that,OTHER
523,525,1282,109,1323,131,you,41,22,you,OTHER
527,529,1327,108,1381,131,may,54,23,may,OTHER
531,534,1385,108,1433,130,also,48,22,also,OTHER
536,539,1437,107,1481,130,find,44,23,find,OTHER
541,548,1485,106,1571,130,helpful.,86,24,helpful.,OTHER
550,552,21,138,81,168,w-2,60,30,w-2,OTHER
578,586,198,131,270,153,statement,72,22,statement,OTHER
594,597,414,138,487,167,2018,73,29,2018,taxYear
599,602,17,185,49,205,copy,32,20,copy,OTHER
604,604,51,184,61,203,c,10,19,c,OTHER
606,608,63,183,80,203,for,17,20,for,OTHER
610,619,82,183,149,204,employee's,67,21,employee's,OTHER
621,628,150,184,207,210,records.,57,26,records.,OTHER
643,644,407,173,426,196,mb,19,23,mb,OTHER
646,648,429,173,453,196,no.,24,23,no.,OTHER
650,658,456,173,519,195,1545-0008,63,22,1545-0008,OTHER
699,700,779,180,800,205,1.,21,25,1.,OTHER
702,704,805,180,840,205,the,35,25,the,OTHER
706,714,845,180,935,205,following,90,25,following,OTHER
716,726,940,180,1056,206,information,116,26,information,OTHER
728,735,1061,181,1138,206,reflects,77,25,reflects,OTHER
737,740,1143,181,1188,206,your,45,25,your,OTHER
742,746,1193,181,1239,206,final,46,25,final,OTHER
748,751,1243,181,1292,206,2018,49,25,2018,OTHER
753,755,1296,181,1334,206,pay,38,25,pay,OTHER
757,760,1338,181,1384,206,stub,46,25,stub,OTHER
762,765,1388,181,1434,207,plus,46,26,plus,OTHER
767,769,1438,181,1476,207,any,38,26,any,OTHER
771,781,1480,181,1608,207,adjustments,128,26,adjustments,OTHER
783,791,1613,181,1713,207,submitted,100,26,submitted,OTHER
793,794,1717,181,1743,207,by,26,26,by,OTHER
796,799,1748,181,1795,207,your,47,26,your,OTHER
801,809,1800,181,1908,206,employer.,108,25,employer.,OTHER
811,811,19,204,30,221,d,11,17,d,OTHER
813,819,46,202,93,221,control,47,19,control,OTHER
821,826,95,200,151,221,number,56,21,number,OTHER
828,830,218,214,246,242,150,28,28,150,OTHER
832,835,270,204,292,229,corp,22,25,corp,OTHER
837,837,297,204,307,229,.,10,25,.,OTHER
859,866,445,202,501,225,employer,56,23,employer,OTHER
868,870,504,203,527,227,use,23,24,use,OTHER
872,875,529,205,562,230,only,33,25,only,OTHER
877,883,18,216,78,237,9950981,60,21,9950981,OTHER
984,988,841,217,875,241,gross,34,24,gross,OTHER
990,992,879,218,905,241,pay,26,23,pay,OTHER
997,1004,974,218,1033,240,75137.23,59,22,75137.23,OTHER
1028,1034,1282,217,1327,239,4936.17,45,22,4936.17,OTHER
1042,1044,1445,222,1463,244,tx.,18,22,tx.,OTHER
1045,1047,1446,237,1471,257,box,25,20,box,OTHER
1048,1052,1467,221,1497,243,state,30,22,state,OTHER
1065,1071,1636,219,1682,239,2173.52,46,20,2173.52,OTHER
1208,1213,1131,225,1172,244,social,41,19,social,OTHER
1215,1222,1174,225,1224,243,security,50,18,security,OTHER
1361,1362,1139,236,1153,258,ax,14,22,ax,OTHER
1364,1371,1157,236,1224,256,withheld,67,20,withheld,OTHER
1397,1398,1473,237,1489,257,17,16,20,17,OTHER
1400,1401,1491,237,1504,257,of,13,20,of,OTHER
1402,1407,1501,220,1551,242,income,50,22,income,OTHER
1590,1592,1506,236,1540,257,w.2,34,21,w.2,OTHER
1593,1595,1554,220,1575,240,tax,21,20,tax,OTHER
1602,1611,48,258,117,281,employer's,69,23,employer's,OTHER
1613,1617,121,257,162,281,"name,",41,24,"name,",OTHER
1619,1626,165,257,219,280,"address,",54,23,"address,",OTHER
1628,1630,222,257,245,279,and,23,22,and,OTHER
1632,1634,248,257,270,279,zip,22,22,zip,OTHER
1636,1639,273,256,306,278,code,33,22,code,OTHER
1733,1735,1132,254,1155,278,box,23,24,box,OTHER
1737,1737,1158,254,1167,276,4,9,22,4,OTHER
1739,1740,1170,253,1182,275,of,12,22,of,OTHER
1742,1744,1185,254,1213,276,w-2,28,22,w-2,OTHER
1763,1767,1445,257,1479,277,local,34,20,local,OTHER
1769,1774,1483,257,1532,276,income,49,19,income,OTHER
1776,1778,1535,258,1558,276,tax,23,18,tax,OTHER
1785,1792,1637,254,1691,277,10213.16,54,23,10213.16,OTHER
1800,1805,63,279,136,303,santos,73,24,santos,employerName
1807,1809,139,278,179,303,plc,40,25,plc,employerName
1811,1813,184,277,224,301,llc,40,24,llc,employerName
1959,1961,1444,277,1470,299,box,26,22,box,OTHER
1963,1964,1474,278,1488,299,19,14,21,19,OTHER
1966,1967,1492,277,1503,298,of,11,21,of,OTHER
1969,1971,1507,276,1540,298,w.2,33,22,w.2,OTHER
1980,1982,63,302,101,327,342,38,25,342,employerAddressStreet_name
1984,1990,105,302,190,327,bridget,85,25,bridget,employerAddressStreet_name
1992,1998,194,303,277,327,parkway,83,24,parkway,employerAddressStreet_name
2000,2004,285,303,345,326,suite,60,23,suite,employerAddressStreet_name
2006,2008,349,303,389,325,162,40,22,162,employerAddressStreet_name
2080,2083,839,304,868,327,fed.,29,23,fed.,OTHER
2085,2090,872,304,923,325,income,51,21,income,OTHER
2092,2099,969,304,1028,322,18690.35,59,18,18690.35,OTHER
2108,2115,1130,303,1190,326,medicare,60,23,medicare,OTHER
2117,2119,1194,302,1216,324,tax,22,22,tax,OTHER
2128,2134,1308,303,1355,322,1623.03,47,19,1623.03,OTHER
2144,2147,62,328,114,354,lake,52,26,lake,employerAddressCity
2149,2159,118,328,247,353,tiffanyland,129,25,tiffanyland,employerAddressCity
2161,2162,271,326,297,346,wv,26,20,wv,OTHER
2164,2173,349,328,462,350,99866-5040,113,22,99866-5040,employerAddressZip
2243,2245,840,330,864,353,tax,24,23,tax,OTHER
2247,2254,868,330,933,352,withheld,65,22,withheld,OTHER
2272,2279,1132,332,1196,354,withheld,64,22,withheld,OTHER
2302,2305,1446,330,1468,353,sui/,22,23,sui/,OTHER
2307,2313,1472,331,1525,354,sdi/fli,53,23,sdi/fli,OTHER
2422,2424,841,353,866,373,box,25,20,box,OTHER
2426,2426,869,353,877,373,2,8,20,2,OTHER
2428,2429,880,352,893,373,of,13,21,of,OTHER
2431,2433,896,351,925,372,w.2,29,21,w.2,OTHER
2450,2452,1129,351,1156,373,box,27,22,box,OTHER
2454,2454,1158,351,1167,372,6,9,21,6,OTHER
2456,2457,1170,351,1182,372,of,12,21,of,OTHER
2459,2461,1184,352,1214,374,w-2,30,22,w-2,OTHER
2481,2483,1446,352,1469,375,box,23,23,box,OTHER
2485,2486,1473,351,1489,373,14,16,22,14,OTHER
2488,2489,1492,351,1503,373,of,11,22,of,OTHER
2491,2493,1507,352,1530,374,w-2,23,22,w-2,OTHER
2529,2533,269,407,330,433,batch,61,26,batch,OTHER
2536,2541,414,408,488,431,#02021,74,23,#02021,OTHER
2543,2545,18,448,43,469,elf,25,21,elf,OTHER
2547,2555,49,449,118,470,employees,69,21,employees,OTHER
2557,2561,122,449,164,470,"name,",42,21,"name,",OTHER
2563,2569,167,449,216,470,address,49,21,address,OTHER
2571,2573,219,449,243,470,and,24,21,and,OTHER
2575,2577,246,449,269,470,zip,23,21,zip,OTHER
2579,2582,272,448,309,469,code,37,21,code,OTHER
2684,2685,776,470,797,497,2.,21,27,2.,OTHER
2687,2690,801,470,850,497,your,49,27,your,OTHER
2692,2696,855,470,916,497,gross,61,27,gross,OTHER
2698,2700,921,471,959,497,pay,38,26,pay,OTHER
2702,2704,964,471,1005,497,was,41,26,was,OTHER
2706,2713,1010,471,1098,497,adjusted,88,26,adjusted,OTHER
2715,2716,1103,471,1128,497,as,25,26,as,OTHER
2718,2724,1133,472,1204,497,follows,71,25,follows,OTHER
2726,2727,1210,472,1229,497,to,19,25,to,OTHER
2729,2735,1235,472,1320,497,produce,85,25,produce,OTHER
2737,2740,1325,472,1370,497,your,45,25,your,OTHER
2742,2744,1375,473,1418,496,w-2,43,23,w-2,OTHER
2746,2755,1423,473,1529,496,statement.,106,23,statement.,OTHER
2764,2766,66,502,99,523,jon,33,21,jon,OTHER
2768,2772,153,501,209,525,jones,56,24,jones,employeeName
2780,2783,63,526,112,549,3558,49,23,3558,OTHER
2785,2789,120,526,178,548,jones,58,22,jones,OTHER
2791,2798,185,526,276,548,junction,91,22,junction,OTHER
2913,2918,1031,526,1080,549,"wages,",49,23,"wages,",OTHER
2920,2924,1083,526,1115,548,"tips,",32,22,"tips,",OTHER
2926,2930,1118,527,1144,550,other,26,23,other,OTHER
2937,2942,1237,525,1277,546,social,40,21,social,OTHER
2944,2948,1280,525,1313,547,secui,33,22,secui,OTHER
2950,2957,1316,525,1372,548,medicare,56,23,medicare,OTHER
2962,2969,1444,525,1498,548,tx.state,54,23,tx.state,OTHER
2971,2976,1501,526,1561,548,"wages,",60,22,"wages,",OTHER
2978,2982,1572,527,1609,548,david,37,21,david,OTHER
2984,2987,1612,526,1651,548,loop,39,22,loop,OTHER
2996,2999,62,550,112,573,port,50,23,port,OTHER
3001,3009,118,551,220,572,staceyton,102,21,staceyton,OTHER
3011,3012,250,551,276,571,al,26,20,al,OTHER
3014,3023,295,551,410,574,54983-8662,115,23,54983-8662,OTHER
3129,3140,1039,550,1128,574,compensation,89,24,compensation,OTHER
3151,3155,1234,549,1288,573,wages,54,24,wages,OTHER
3177,3181,1445,549,1474,571,"tips,",29,22,"tips,",OTHER
3183,3186,1477,550,1512,572,etc.,35,22,etc.,OTHER
3193,3197,1571,551,1607,576,local,36,25,local,OTHER
3199,3203,1610,551,1656,576,wages,46,25,wages,OTHER
3344,3346,1032,569,1059,590,box,27,21,box,OTHER
3348,3348,1063,570,1070,590,1,7,20,1,OTHER
3350,3351,1073,570,1085,590,of,12,20,of,OTHER
3353,3354,1087,570,1103,590,w-,16,20,w-,OTHER
3356,3356,1106,570,1114,589,2,8,19,2,OTHER
3367,3369,1235,570,1260,592,box,25,22,box,OTHER
3371,3371,1264,570,1272,593,3,8,23,3,OTHER
3373,3374,1276,570,1287,593,of,11,23,of,OTHER
3376,3378,1291,571,1312,593,w-2,21,22,w-2,OTHER
3380,3382,1316,571,1342,593,box,26,22,box,OTHER
3384,3384,1346,571,1353,593,5,7,22,5,OTHER
3386,3387,1357,571,1369,593,of,12,22,of,OTHER
3389,3391,1373,570,1405,593,w-2,32,23,w-2,OTHER
3393,3395,1444,568,1471,591,box,27,23,box,OTHER
3397,3398,1474,570,1489,593,16,15,23,16,OTHER
3400,3401,1492,571,1504,594,of,12,23,of,OTHER
3403,3404,1506,572,1523,595,w-,17,23,w-,OTHER
3406,3406,1524,573,1540,595,2,16,22,2,OTHER
3408,3412,1573,577,1603,596,"tips,",30,19,"tips,",OTHER
3414,3417,1605,578,1639,597,etc.,34,19,etc.,OTHER
3424,3433,49,605,119,626,employer's,70,21,employer's,OTHER
3435,3437,122,605,148,626,fed,26,21,fed,OTHER
3439,3440,151,605,166,625,id,15,20,id,OTHER
3442,3447,168,605,221,625,number,53,20,number,OTHER
3461,3470,297,604,372,628,employee's,75,24,employee's,OTHER
3472,3474,376,604,400,626,ssa,24,22,ssa,OTHER
3476,3481,404,605,465,628,number,61,23,number,OTHER
3624,3626,1576,590,1598,612,box,22,22,box,OTHER
3628,3629,1601,590,1616,612,18,15,22,18,OTHER
3631,3632,1619,589,1631,612,of,12,23,of,OTHER
3634,3635,1634,588,1655,611,w2,21,23,w2,OTHER
3644,3653,61,625,149,646,48-0064468,88,21,48-0064468,einEmployerIdentificationNumber
3696,3706,398,624,486,644,491-94-9520,88,20,491-94-9520,ssnOfEmployee
3745,3749,840,625,875,646,gross,35,21,gross,OTHER
3751,3753,879,625,906,648,pay,27,23,pay,OTHER
3781,3788,1072,624,1133,646,75137.23,61,22,75137.23,OTHER
3812,3818,1324,629,1370,650,15137.2,46,21,15137.2,OTHER
3825,3831,1450,630,1499,650,15137.2,49,20,15137.2,OTHER
3842,3849,1579,627,1634,649,75137.23,55,22,75137.23,OTHER
3952,3955,776,644,805,666,plus,29,22,plus,OTHER
3957,3959,807,642,833,663,gtl,26,21,gtl,OTHER
3961,3966,837,641,881,661,(c-box,44,20,(c-box,OTHER
3968,3970,883,641,912,663,12),29,22,12),OTHER
3991,3994,1035,644,1066,661,2169,31,17,2169,OTHER
4025,4028,1317,648,1352,668,2169,35,20,2169,OTHER
4040,4043,1444,644,1478,661,2169,34,17,2169,OTHER
4055,4058,1572,646,1605,665,2169,33,19,2169,OTHER
4065,4070,49,659,95,681,"wages,",46,22,"wages,",OTHER
4072,4076,99,659,126,681,"tips,",27,22,"tips,",OTHER
4078,4082,129,659,163,681,other,34,22,other,OTHER
4084,4088,167,659,208,680,comp.,41,21,comp.,OTHER
4103,4109,295,658,345,682,federal,50,24,federal,OTHER
4111,4116,349,658,396,681,income,47,23,income,OTHER
4117,4124,396,673,468,695,18690.35,72,22,18690.35,box2FederalIncomeTaxWithheld
4186,4188,399,658,421,680,tax,22,22,tax,OTHER
4190,4197,424,658,477,680,withheld,53,22,withheld,OTHER
4227,4230,776,662,804,684,less,28,22,less,OTHER
4314,4316,1444,659,1474,681,563,30,22,563,OTHER
4325,4332,62,675,132,696,51510.71,70,21,51510.71,OTHER
4419,4422,776,677,805,699,less,29,22,less,OTHER
4424,4429,808,662,844,682,401(k),36,20,401(k),OTHER
4538,4542,808,675,844,697,other,36,22,other,OTHER
4544,4549,847,661,891,681,(d.box,44,20,(d.box,OTHER
4664,4667,848,674,878,694,cafe,30,20,cafe,OTHER
4669,4671,881,674,909,693,125,28,19,125,OTHER
4672,4673,894,661,912,679,2),18,18,2),OTHER
4690,4696,1034,677,1080,695,18690.3,46,18,18690.3,OTHER
4714,4721,1236,672,1294,697,18690.35,58,25,18690.35,OTHER
4723,4728,1323,675,1364,694,8690.3,41,19,8690.3,OTHER
4893,4900,1033,693,1088,714,51510.71,55,21,51510.71,OTHER
4901,4908,1236,692,1299,716,51510.71,63,24,51510.71,OTHER
5098,5105,1443,678,1504,705,18600.35,61,27,18600.35,OTHER
5114,5120,1574,675,1622,694,18690.3,48,19,18690.3,OTHER
5326,5333,1316,693,1371,715,51510.71,55,22,51510.71,OTHER
5341,5346,53,710,90,731,social,37,21,social,OTHER
5348,5355,93,711,143,731,security,50,20,security,OTHER
5357,5361,145,711,194,731,wages,49,20,wages,OTHER
5379,5384,297,711,338,732,social,41,21,social,OTHER
5386,5393,340,710,390,732,security,50,22,security,OTHER
5395,5397,393,710,415,732,tax,22,22,tax,OTHER
5399,5406,418,710,474,732,withheld,56,22,withheld,OTHER
5437,5444,777,694,835,717,reported,58,23,reported,OTHER
5446,5448,838,694,864,714,w-2,26,20,w-2,OTHER
5450,5454,866,694,912,714,wages,46,20,wages,OTHER
5475,5482,1572,691,1634,711,51510.71,62,20,51510.71,OTHER
5525,5532,1447,695,1500,717,$1510.71,53,22,$1510.71,OTHER
5541,5548,62,727,133,748,64525.06,71,21,64525.06,OTHER
5592,5598,398,727,463,749,4936.17,65,22,4936.17,box4SocialSecurityTaxWithheld
5605,5612,47,771,108,793,medicare,61,22,medicare,OTHER
5614,5618,110,772,154,793,wages,44,21,wages,OTHER
5620,5622,156,773,181,793,and,25,20,and,OTHER
5624,5627,183,773,207,793,tips,24,20,tips,OTHER
5644,5651,295,773,356,791,medicare,61,18,medicare,OTHER
5653,5655,359,772,380,791,tax,21,19,tax,OTHER
5657,5663,383,771,429,791,withhel,46,20,withhel,OTHER
5701,5702,778,770,797,795,3.,19,25,3.,OTHER
5704,5711,801,769,901,795,employee,100,26,employee,OTHER
5713,5715,906,769,947,794,w-4,41,25,w-4,OTHER
5717,5724,952,769,1026,794,profile.,74,25,profile.,OTHER
5726,5727,1030,769,1057,794,to,27,25,to,OTHER
5729,5734,1061,769,1137,794,change,76,25,change,OTHER
5736,5739,1142,769,1188,794,your,46,25,your,OTHER
5741,5748,1192,769,1293,794,employee,101,25,employee,OTHER
5750,5752,1297,769,1339,794,w-4,42,25,w-4,OTHER
5754,5760,1343,769,1408,794,profile,65,25,profile,OTHER
5762,5773,1412,769,1537,794,"information,",125,25,"information,",OTHER
5775,5778,1541,769,1572,795,file,31,26,file,OTHER
5780,5780,1575,769,1590,795,a,15,26,a,OTHER
5782,5784,1593,769,1636,795,new,43,26,new,OTHER
5786,5788,1639,770,1682,795,w-4,43,25,w-4,OTHER
5790,5793,1685,770,1727,795,with,42,25,with,OTHER
5795,5798,1731,770,1778,796,your,47,26,your,OTHER
5800,5806,1782,770,1855,796,payroll,73,26,payroll,OTHER
5808,5812,1859,771,1906,797,dept.,47,26,dept.,OTHER
5819,5826,61,790,134,814,55966.49,73,24,55966.49,OTHER
5872,5878,397,791,451,812,1623.03,54,21,1623.03,OTHER
5886,5891,54,826,89,848,social,35,22,social,OTHER
5893,5900,92,826,142,848,security,50,22,security,OTHER
5902,5905,145,826,168,847,tips,23,21,tips,OTHER
5925,5933,296,825,357,847,allocated,61,22,allocated,OTHER
5935,5938,360,826,390,848,tips,30,22,tips,OTHER
5939,5946,398,841,464,864,55966.49,66,23,55966.49,OTHER
6072,6077,1446,829,1482,850,social,36,21,social,OTHER
6079,6085,1491,845,1534,866,marital,43,21,marital,OTHER
6286,6293,1485,828,1532,848,security,47,20,security,OTHER
6294,6300,1536,843,1582,864,status:,46,21,status:,OTHER
6510,6515,1535,828,1581,847,number,46,19,number,OTHER
6526,6536,1636,825,1712,847,491-94-9520,76,22,491-94-9520,OTHER
6545,6552,62,840,134,863,64525.06,72,23,64525.06,OTHER
6649,6651,846,850,882,870,jon,36,20,jon,OTHER
6657,6661,950,850,1015,872,jones,65,22,jones,OTHER
6729,6735,1444,846,1489,866,taxable,45,20,taxable,OTHER
6763,6768,1647,839,1701,863,arried,54,24,arried,OTHER
6774,6785,46,876,122,899,verification,76,23,verification,OTHER
6787,6790,124,877,157,899,code,33,22,code,OTHER
6814,6822,299,877,369,900,dependent,70,23,dependent,OTHER
6824,6827,372,878,401,900,care,29,22,care,OTHER
6828,6830,398,891,429,913,181,31,22,181,OTHER
6891,6898,403,878,451,900,benefits,48,22,benefits,OTHER
6943,6946,845,885,898,908,3558,53,23,3558,OTHER
6948,6952,911,886,978,909,jones,67,23,jones,OTHER
6954,6961,988,884,1092,908,junction,104,24,junction,OTHER
7023,7029,1442,868,1513,895,federal,71,27,federal,OTHER
7031,7041,1517,860,1591,889,allowances:,74,29,allowances:,OTHER
7235,7240,1445,893,1498,911,state:,53,18,state:,OTHER
7353,7356,842,918,897,941,lake,55,23,lake,OTHER
7358,7368,910,918,1054,941,tiffanyland,144,23,tiffanyland,OTHER
7370,7371,1089,918,1118,938,wv,29,20,wv,OTHER
7434,7438,1443,911,1485,931,local,42,20,local,OTHER
7440,7440,1489,911,1492,931,:,3,20,:,OTHER
7442,7443,18,930,35,948,11,17,18,11,OTHER
7445,7456,51,930,135,950,nonqualified,84,20,nonqualified,OTHER
7458,7462,137,930,174,950,plans,37,20,plans,OTHER
7484,7485,277,931,297,952,2a,20,21,2a,OTHER
7487,7489,301,930,324,952,see,23,22,see,OTHER
7491,7502,328,929,401,952,instructions,73,23,instructions,OTHER
7504,7506,404,929,423,950,for,19,21,for,OTHER
7508,7510,426,929,452,950,box,26,21,box,OTHER
7512,7513,455,929,475,949,12,20,20,12,OTHER
7520,7522,62,946,92,964,220,30,18,220,OTHER
7525,7526,19,983,38,1003,14,19,20,14,OTHER
7528,7532,55,983,95,1005,other,40,22,other,OTHER
7592,7592,385,1004,396,1023,1,11,19,1,OTHER
7594,7596,399,1004,429,1024,559,30,20,559,OTHER
7635,7636,272,1033,279,1060,13,7,27,13,OTHER
7638,7641,284,1034,300,1061,stat,16,27,stat,OTHER
7643,7646,305,1034,328,1061,emp.,23,27,emp.,OTHER
7648,7651,333,1035,350,1061,ret.,17,26,ret.,OTHER
7653,7656,354,1036,387,1062,plan,33,26,plan,OTHER
7657,7657,385,1023,395,1045,1,10,22,1,OTHER
7658,7660,396,1037,411,1062,3rd,15,25,3rd,OTHER
7661,7663,398,1023,430,1046,149,32,23,149,OTHER
7729,7733,416,1037,440,1062,party,24,25,party,OTHER
7735,7738,444,1037,461,1062,sick,17,25,sick,OTHER
7740,7742,465,1038,487,1062,pay,22,24,pay,OTHER
7744,7745,18,1077,37,1096,15,19,19,15,OTHER
7747,7751,53,1078,86,1095,state,33,17,state,OTHER
7757,7766,124,1073,188,1096,employers',64,23,employers',OTHER
7768,7772,191,1076,219,1096,state,28,20,state,OTHER
7774,7775,222,1076,235,1096,id,13,20,id,OTHER
7778,7779,270,1068,293,1094,16,23,26,16,OTHER
7781,7785,305,1069,335,1095,state,30,26,state,OTHER
7787,7791,340,1070,378,1095,wages,38,25,wages,OTHER
7793,7793,382,1071,384,1095,",",2,24,",",OTHER
7795,7798,388,1071,407,1095,tips,19,24,tips,OTHER
7800,7800,411,1072,415,1095,",",4,23,",",OTHER
7802,7804,419,1072,435,1094,etc,16,22,etc,OTHER
7806,7806,439,1072,456,1094,.,17,22,.,OTHER
7841,7843,237,1077,264,1096,no.,27,19,no.,OTHER
7850,7851,63,1087,86,1112,tx,23,25,tx,OTHER
7853,7862,125,1093,213,1114,906-60-211,88,21,906-60-211,OTHER
7905,7909,397,1093,436,1116,23259,39,23,23259,box16StateWagesTips
7911,7911,439,1094,443,1116,.,4,22,.,box16StateWagesTips
7913,7914,446,1094,462,1116,66,16,22,66,OTHER
7916,7917,19,1128,35,1144,17,16,16,17,OTHER
7919,7923,57,1127,89,1147,state,32,20,state,OTHER
7925,7930,92,1127,140,1147,income,48,20,income,OTHER
7932,7934,143,1127,165,1147,tax,22,20,tax,OTHER
7954,7954,276,1126,291,1148,8,15,22,8,OTHER
7956,7960,303,1126,338,1149,local,35,23,local,OTHER
7962,7967,343,1126,386,1149,"wages,",43,23,"wages,",OTHER
7969,7973,390,1126,417,1149,"tips,",27,23,"tips,",OTHER
7975,7978,421,1127,451,1149,etc.,30,22,etc.,OTHER
7984,7990,60,1146,124,1170,2173.52,64,24,2173.52,OTHER
8039,8046,398,1144,459,1168,48164.81,61,24,48164.81,OTHER
8048,8049,18,1178,37,1197,19,19,19,19,OTHER
8051,8055,55,1178,91,1199,local,36,21,local,OTHER
8057,8062,95,1178,143,1199,income,48,21,income,OTHER
8064,8066,146,1177,166,1199,tax,20,22,tax,OTHER
8090,8097,302,1178,354,1199,locality,52,21,locality,OTHER
8099,8102,357,1178,400,1202,name,43,24,name,OTHER
8109,8113,61,1197,99,1221,10213,38,24,10213,OTHER
8115,8117,102,1195,135,1221,.16,33,26,.16,OTHER
8164,8168,396,1197,442,1219,david,46,22,david,OTHER
8170,8173,445,1198,480,1219,loop,35,21,loop,OTHER
8205,8208,791,1195,817,1218,2018,26,23,2018,OTHER
8210,8213,822,1195,853,1218,"adp,",31,23,"adp,",OTHER
8215,8217,857,1195,880,1218,llc,23,23,llc,OTHER
8225,8230,47,1299,96,1320,"wages,",49,21,"wages,",OTHER
8236,8243,61,1309,134,1333,51510.71,73,24,51510.71,OTHER
8244,8248,99,1300,127,1321,"tips,",28,21,"tips,",OTHER
8250,8254,130,1300,164,1321,other,34,21,other,OTHER
8256,8260,166,1299,207,1321,comp.,41,22,comp.,OTHER
8270,8276,295,1299,345,1322,federal,50,23,federal,OTHER
8278,8283,348,1299,397,1322,income,49,23,income,OTHER
8284,8291,397,1311,466,1333,18690.35,69,22,18690.35,OTHER
8348,8350,400,1298,420,1321,tax,20,23,tax,OTHER
8352,8358,423,1297,473,1320,withhel,50,23,withhel,OTHER
8379,8384,680,1298,726,1319,"wages,",46,21,"wages,",OTHER
8386,8390,729,1300,757,1320,"tips,",28,20,"tips,",OTHER
8392,8396,760,1300,794,1321,other,34,21,other,OTHER
8398,8402,797,1300,837,1323,comp.,40,23,comp.,OTHER
8411,8411,903,1296,922,1320,2,19,24,2,OTHER
8413,8419,930,1297,979,1322,federal,49,25,federal,OTHER
8421,8426,983,1298,1032,1322,income,49,24,income,OTHER
8427,8434,1701,1311,1773,1333,18690.35,72,22,18690.35,OTHER
8573,8575,1035,1298,1055,1321,tax,20,23,tax,OTHER
8577,8584,1059,1297,1111,1321,withheld,52,24,withheld,OTHER
8612,8617,1347,1298,1394,1320,"wages,",47,22,"wages,",OTHER
8619,8623,1398,1300,1426,1321,"tips,",28,21,"tips,",OTHER
8625,8629,1429,1300,1463,1321,other,34,21,other,OTHER
8631,8635,1466,1298,1508,1321,comp.,42,23,comp.,OTHER
8644,8644,1572,1299,1589,1323,2,17,24,2,OTHER
8646,8652,1598,1299,1648,1323,federal,50,24,federal,OTHER
8654,8659,1652,1299,1699,1321,income,47,22,income,OTHER
8661,8668,1032,1313,1102,1335,18690.35,70,22,18690.35,OTHER
8896,8898,1702,1299,1723,1319,tax,21,20,tax,OTHER
8900,8907,1726,1299,1782,1319,withheld,56,20,withheld,OTHER
8914,8919,50,1341,90,1359,social,40,18,social,OTHER
8922,8929,92,1340,144,1359,security,52,19,security,OTHER
8931,8935,145,1340,189,1359,wages,44,19,wages,OTHER
8948,8953,298,1338,336,1361,social,38,23,social,OTHER
8955,8962,339,1338,389,1361,security,50,23,security,OTHER
8964,8966,391,1337,413,1360,tax,22,23,tax,OTHER
8968,8975,416,1336,473,1359,withheld,57,23,withheld,OTHER
8994,8999,680,1339,721,1359,social,41,20,social,OTHER
9001,9008,723,1341,773,1359,security,50,18,security,OTHER
9011,9015,775,1340,818,1359,wages,43,19,wages,OTHER
9030,9035,932,1337,972,1360,social,40,23,social,OTHER
9037,9044,974,1337,1025,1360,security,51,23,security,OTHER
9046,9048,1028,1337,1050,1359,tax,22,22,tax,OTHER
9050,9057,1052,1337,1106,1359,withheld,54,22,withheld,OTHER
9091,9098,1390,1343,1442,1360,security,52,17,security,OTHER
9100,9104,1442,1340,1484,1360,wages,42,20,wages,OTHER
9127,9134,1642,1337,1693,1360,security,51,23,security,OTHER
9136,9138,1695,1337,1717,1358,tax,22,21,tax,OTHER
9140,9147,1719,1337,1774,1358,withheld,55,21,withheld,OTHER
9154,9161,62,1353,135,1376,64525.06,73,23,64525.06,OTHER
9202,9208,398,1355,461,1378,4936.17,63,23,4936.17,OTHER
9238,9245,712,1353,785,1374,64525.06,73,21,64525.06,OTHER
9328,9335,1380,1353,1453,1375,64525.06,73,22,64525.06,OTHER
9373,9379,1032,1359,1091,1378,4936.17,59,19,4936.17,OTHER
9386,9393,50,1382,108,1401,medicare,58,19,medicare,OTHER
9395,9399,110,1380,155,1401,wages,45,21,wages,OTHER
9401,9403,156,1379,182,1400,and,26,21,and,OTHER
9405,9408,183,1377,214,1399,tips,31,22,tips,OTHER
9419,9426,295,1377,355,1401,medicare,60,24,medicare,OTHER
9428,9430,358,1377,380,1401,tax,22,24,tax,OTHER
9432,9437,397,1390,447,1417,1623.0,50,27,1623.0,OTHER
9493,9500,383,1376,447,1400,withheld,64,24,withheld,OTHER
9524,9531,679,1379,739,1399,medicare,60,20,medicare,OTHER
9534,9538,742,1379,786,1399,wages,44,20,wages,OTHER
9540,9542,787,1379,814,1399,and,27,20,and,OTHER
9544,9547,815,1378,839,1399,tips,24,21,tips,OTHER
9637,9644,60,1393,133,1419,55966.49,73,26,55966.49,OTHER
9670,9677,930,1378,990,1400,medicare,60,22,medicare,OTHER
9679,9681,993,1377,1016,1400,tax,23,23,tax,OTHER
9683,9689,1700,1355,1763,1379,4936.17,63,24,4936.17,OTHER
9827,9834,1018,1373,1084,1398,withheld,66,25,withheld,OTHER
9972,9978,1032,1393,1086,1419,1623.03,54,26,1623.03,OTHER
10012,10019,1347,1379,1407,1398,medicare,60,19,medicare,OTHER
10021,10025,1409,1380,1454,1399,wages,45,19,wages,OTHER
10027,10029,1455,1379,1482,1399,and,27,20,and,OTHER
10031,10034,1482,1378,1506,1399,tips,24,21,tips,OTHER
10215,10222,713,1392,784,1415,55966.49,71,23,55966.49,OTHER
10252,10256,1626,1379,1659,1400,icare,33,21,icare,OTHER
10258,10260,1661,1379,1683,1399,tax,22,20,tax,OTHER
10261,10267,1700,1393,1753,1419,1623.03,53,26,1623.03,OTHER
10495,10502,1685,1377,1748,1398,withheld,63,21,withheld,OTHER
10508,10515,1381,1391,1451,1413,55966.49,70,22,55966.49,OTHER
10518,10524,45,1422,92,1445,control,47,23,control,OTHER
10529,10534,94,1420,149,1443,number,55,23,number,OTHER
10545,10547,216,1435,247,1461,150,31,26,150,OTHER
10578,10585,444,1421,500,1443,employer,56,22,employer,OTHER
10587,10589,503,1422,526,1444,use,23,22,use,OTHER
10591,10594,529,1423,561,1446,only,32,23,only,OTHER
10599,10605,676,1423,723,1445,control,47,22,control,OTHER
10609,10614,725,1420,775,1442,number,50,22,number,OTHER
10628,10632,840,1425,883,1448,dept.,43,23,dept.,OTHER
10634,10638,905,1425,937,1443,corp.,32,18,corp.,OTHER
10659,10666,1079,1419,1136,1445,employer,57,26,employer,OTHER
10668,10670,1139,1423,1160,1445,use,21,22,use,OTHER
10672,10675,1163,1424,1197,1445,only,34,21,only,OTHER
10691,10697,1345,1423,1392,1445,control,47,22,control,OTHER
10699,10704,1394,1419,1451,1442,number,57,23,number,OTHER
10716,10718,1529,1435,1556,1455,150,27,20,150,OTHER
10749,10756,1747,1419,1804,1443,employer,57,24,employer,OTHER
10758,10760,1807,1422,1830,1444,use,23,22,use,OTHER
10762,10765,1833,1424,1866,1446,only,33,22,only,OTHER
10769,10773,33,1443,78,1463,50981,45,20,50981,OTHER
10778,10787,47,1456,117,1481,employer's,70,25,employer's,OTHER
10789,10793,119,1457,162,1482,"name,",43,25,"name,",OTHER
10795,10802,165,1457,220,1482,"address,",55,25,"address,",OTHER
10804,10806,222,1457,246,1481,and,24,24,and,OTHER
10808,10810,249,1457,271,1481,zip,22,24,zip,OTHER
10812,10815,274,1457,309,1480,code,35,23,code,OTHER
10856,10862,648,1444,710,1464,9950981,62,20,9950981,OTHER
10949,10958,678,1456,749,1481,employer's,71,25,employer's,OTHER
10960,10964,751,1457,793,1482,"name,",42,25,"name,",OTHER
10966,10973,796,1457,851,1482,"address,",55,25,"address,",OTHER
10975,10977,854,1457,879,1481,and,25,24,and,OTHER
10979,10981,881,1457,903,1480,zip,22,23,zip,OTHER
10983,10986,906,1457,938,1479,code,32,22,code,OTHER
11042,11050,1359,1455,1416,1480,nployer's,57,25,nployer's,OTHER
11052,11056,1420,1457,1461,1480,"name,",41,23,"name,",OTHER
11058,11065,1465,1457,1518,1480,"address,",53,23,"address,",OTHER
11067,11069,1521,1457,1545,1479,and,24,22,and,OTHER
11071,11073,1548,1457,1571,1479,zip,23,22,zip,OTHER
11075,11078,1574,1457,1613,1478,code,39,21,code,OTHER
11087,11092,64,1482,135,1506,santos,71,24,santos,OTHER
11094,11096,139,1481,178,1504,plc,39,23,plc,OTHER
11098,11100,183,1481,218,1503,llc,35,22,llc,OTHER
11170,11175,714,1478,785,1504,santos,71,26,santos,OTHER
11177,11179,790,1482,828,1504,plc,38,22,plc,OTHER
11181,11183,834,1480,871,1503,llc,37,23,llc,OTHER
11261,11266,1383,1481,1453,1503,santos,70,22,santos,OTHER
11268,11270,1458,1480,1497,1503,plc,39,23,plc,OTHER
11272,11274,1501,1479,1535,1502,llc,34,23,llc,OTHER
11283,11285,64,1506,102,1531,342,38,25,342,OTHER
11287,11293,106,1505,191,1530,bridget,85,25,bridget,OTHER
11295,11301,196,1505,278,1530,parkway,82,25,parkway,OTHER
11303,11307,284,1505,345,1529,suite,61,24,suite,OTHER
11309,11311,351,1506,387,1529,162,36,23,162,OTHER
11367,11369,714,1504,751,1529,342,37,25,342,OTHER
11371,11377,757,1506,841,1530,bridget,84,24,bridget,OTHER
11379,11385,846,1507,927,1530,parkway,81,23,parkway,OTHER
11387,11391,934,1506,993,1529,suite,59,23,suite,OTHER
11393,11395,1001,1505,1038,1527,162,37,22,162,OTHER
11457,11459,1383,1506,1419,1529,342,36,23,342,OTHER
11461,11467,1424,1505,1508,1529,bridget,84,24,bridget,OTHER
11469,11475,1513,1505,1595,1528,parkway,82,23,parkway,OTHER
11477,11481,1602,1505,1662,1528,suite,60,23,suite,OTHER
11483,11485,1669,1506,1703,1527,162,34,21,162,OTHER
11494,11497,63,1531,113,1556,lake,50,25,lake,OTHER
11499,11509,118,1531,246,1556,tiffanyland,128,25,tiffanyland,OTHER
11511,11512,271,1530,301,1551,wv,30,21,wv,OTHER
11514,11523,350,1530,458,1554,99866-5040,108,24,99866-5040,OTHER
11580,11582,726,1531,764,1556,ake,38,25,ake,OTHER
11584,11594,768,1532,897,1556,tiffanyland,129,24,tiffanyland,OTHER
11596,11597,921,1528,949,1550,wv,28,22,wv,OTHER
11599,11608,1001,1530,1110,1555,99866-5040,109,25,99866-5040,OTHER
11669,11672,1383,1531,1431,1555,lake,48,24,lake,OTHER
11674,11684,1438,1530,1565,1555,tiffanyland,127,25,tiffanyland,OTHER
11686,11687,1591,1529,1620,1551,wv,29,22,wv,OTHER
11689,11698,1669,1529,1779,1555,99866-5040,110,26,99866-5040,OTHER
11704,11713,50,1592,119,1613,employer's,69,21,employer's,OTHER
11721,11730,713,1602,802,1626,48-0064468,89,24,48-0064468,OTHER
11732,11734,122,1592,148,1613,fed,26,21,fed,OTHER
11736,11737,151,1592,166,1613,id,15,21,id,OTHER
11739,11744,169,1591,225,1613,number,56,22,number,OTHER
11757,11766,296,1590,371,1614,employee's,75,24,employee's,OTHER
11768,11770,374,1590,400,1613,ssa,26,23,ssa,OTHER
11772,11777,403,1589,446,1613,number,43,24,number,OTHER
11801,11810,682,1591,750,1613,employer's,68,22,employer's,OTHER
11900,11909,1381,1603,1468,1625,48-0064468,87,22,48-0064468,OTHER
11913,11915,753,1591,779,1613,fed,26,22,fed,OTHER
11917,11918,782,1591,797,1613,id,15,22,id,OTHER
11920,11925,799,1590,852,1613,number,53,23,number,OTHER
11932,11932,905,1590,921,1613,a,16,23,a,OTHER
11934,11943,932,1591,1007,1613,employee's,75,22,employee's,OTHER
11945,11947,1010,1591,1035,1613,ssa,25,22,ssa,OTHER
11949,11954,1039,1590,1096,1613,number,57,23,number,OTHER
11996,12001,1381,1591,1417,1613,oyer's,36,22,oyer's,OTHER
12003,12005,1420,1592,1446,1612,fed,26,20,fed,OTHER
12007,12008,1449,1592,1464,1612,id,15,20,id,OTHER
12010,12015,1467,1592,1517,1612,number,50,20,number,OTHER
12194,12195,1348,1596,1370,1621,em,22,25,em,OTHER
12197,12206,63,1604,149,1627,48-0064468,86,23,48-0064468,OTHER
12230,12230,1572,1592,1586,1612,a,14,20,a,OTHER
12232,12241,1600,1590,1675,1612,employee's,75,22,employee's,OTHER
12243,12245,1678,1590,1704,1612,ssa,26,22,ssa,OTHER
12247,12252,1707,1590,1765,1613,number,58,23,number,OTHER
12259,12264,50,1643,89,1667,social,39,24,social,OTHER
12272,12279,62,1661,132,1681,64525.06,70,20,64525.06,OTHER
12281,12284,145,1646,171,1667,tips,26,21,tips,OTHER
12298,12305,92,1645,142,1667,security,50,22,security,OTHER
12328,12336,296,1644,356,1667,allocated,60,23,allocated,OTHER
12338,12341,359,1645,393,1668,tips,34,23,tips,OTHER
12343,12350,397,1659,469,1681,55966.49,72,22,55966.49,OTHER
12372,12377,681,1644,720,1665,social,39,21,social,OTHER
12378,12385,713,1662,782,1682,64525.06,69,20,64525.06,OTHER
12481,12488,723,1646,772,1667,security,49,21,security,OTHER
12490,12493,775,1647,795,1667,tips,20,20,tips,OTHER
12504,12512,931,1645,992,1667,allocated,61,22,allocated,OTHER
12514,12517,995,1647,1026,1669,tips,31,22,tips,OTHER
12564,12569,1349,1644,1389,1665,social,40,21,social,OTHER
12570,12574,1380,1661,1419,1682,64525,39,21,64525,OTHER
12761,12768,1392,1645,1442,1665,security,50,20,security,OTHER
12769,12771,1421,1665,1451,1682,.06,30,17,.06,OTHER
12772,12774,1445,1646,1462,1665,tip,17,19,tip,OTHER
12792,12800,1599,1645,1660,1665,allocated,61,20,allocated,OTHER
12802,12805,1662,1646,1693,1666,tips,31,20,tips,OTHER
13035,13042,1032,1661,1101,1682,55966.49,69,21,55966.49,OTHER
13181,13188,1701,1660,1768,1682,55966.49,67,22,55966.49,OTHER
13194,13205,46,1695,122,1719,verification,76,24,verification,OTHER
13207,13210,124,1698,164,1719,code,40,21,code,OTHER
13231,13232,269,1693,292,1717,10,23,24,10,OTHER
13234,13242,299,1695,368,1720,dependent,69,25,dependent,OTHER
13244,13247,371,1698,400,1720,care,29,22,care,OTHER
13249,13256,402,1696,454,1719,benefits,52,23,benefits,OTHER
13273,13284,678,1695,755,1718,verification,77,23,verification,OTHER
13286,13289,757,1697,794,1718,code,37,21,code,OTHER
13305,13306,904,1694,926,1718,10,22,24,10,OTHER
13308,13316,934,1695,1005,1720,dependent,71,25,dependent,OTHER
13318,13321,1008,1697,1036,1720,care,28,23,care,OTHER
13323,13330,1039,1696,1091,1719,benefits,52,23,benefits,OTHER
13364,13375,1347,1696,1422,1718,verification,75,22,verification,OTHER
13377,13380,1424,1697,1462,1718,code,38,21,code,OTHER
13404,13405,1574,1693,1595,1716,10,21,23,10,OTHER
13407,13415,1601,1694,1672,1718,dependent,71,24,dependent,OTHER
13417,13420,1675,1696,1704,1718,care,29,22,care,OTHER
13422,13429,1707,1696,1761,1718,benefits,54,22,benefits,OTHER
13489,13491,398,1713,426,1730,181,28,17,181,OTHER
13566,13568,1033,1715,1061,1732,181,28,17,181,OTHER
13570,13571,18,1749,36,1767,11,18,18,11,OTHER
13573,13584,50,1749,134,1771,nonqualified,84,22,nonqualified,OTHER
13586,13590,136,1749,173,1772,plans,37,23,plans,OTHER
13651,13652,650,1748,670,1768,11,20,20,11,OTHER
13654,13665,682,1748,765,1769,nonqualified,83,21,nonqualified,OTHER
13667,13671,767,1748,810,1769,plans,43,21,plans,OTHER
13684,13686,268,1748,298,1772,12a,30,24,12a,OTHER
13688,13690,301,1749,325,1772,see,24,23,see,OTHER
13692,13703,328,1749,401,1772,instructions,73,23,instructions,OTHER
13705,13707,404,1749,421,1772,for,17,23,for,OTHER
13709,13711,424,1748,451,1771,box,27,23,box,OTHER
13713,13714,454,1748,474,1770,12,20,22,12,OTHER
13743,13744,1318,1748,1338,1769,11,20,21,11,OTHER
13746,13757,1349,1748,1433,1770,nonqualified,84,22,nonqualified,OTHER
13775,13777,903,1747,932,1771,12a,29,24,12a,OTHER
13779,13781,935,1748,958,1771,see,23,23,see,OTHER
13783,13794,961,1749,1035,1771,instructions,74,22,instructions,OTHER
13796,13798,1038,1749,1056,1771,for,18,22,for,OTHER
13800,13802,1059,1749,1086,1771,box,27,22,box,OTHER
13804,13805,1089,1749,1108,1770,12,19,21,12,OTHER
13813,13815,62,1764,90,1783,229,28,19,229,OTHER
13848,13850,1572,1747,1601,1771,12a,29,24,12a,OTHER
13852,13854,1603,1748,1628,1771,see,25,23,see,OTHER
13856,13867,1630,1748,1703,1772,instructions,73,24,instructions,OTHER
13869,13871,1706,1748,1724,1772,for,18,24,for,OTHER
13873,13875,1726,1747,1754,1772,box,28,25,box,OTHER
13877,13878,1756,1747,1775,1772,12,19,25,12,OTHER
13894,13896,712,1765,743,1783,229,31,18,229,OTHER
13986,13988,1380,1764,1411,1783,229,31,19,229,OTHER
13990,13994,1435,1748,1477,1770,plans,42,22,plans,OTHER
13996,13997,18,1802,36,1818,14,18,16,14,OTHER
13999,14003,55,1802,95,1821,other,40,19,other,OTHER
14077,14078,649,1801,668,1817,14,19,16,14,OTHER
14080,14084,686,1802,726,1820,other,40,18,other,OTHER
14111,14113,903,1803,932,1826,12b,29,23,12b,OTHER
14132,14135,1034,1792,1069,1810,2169,35,18,2169,OTHER
14168,14169,1317,1801,1336,1818,14,19,17,14,OTHER
14171,14175,1355,1802,1393,1820,other,38,18,other,OTHER
14202,14204,1572,1805,1599,1825,12b,27,20,12b,OTHER
14222,14225,1701,1789,1735,1809,2169,34,20,2169,OTHER
14282,14282,1688,1810,1697,1829,1,9,19,1,OTHER
14454,14456,1700,1810,1730,1830,565,30,20,565,OTHER
14491,14492,270,1849,279,1878,13,9,29,13,OTHER
14494,14497,284,1851,304,1880,stat,20,29,stat,OTHER
14499,14505,309,1854,352,1884,emaret.,43,30,emaret.,OTHER
14507,14510,357,1857,393,1884,plan,36,27,plan,OTHER
14511,14513,397,1852,413,1878,3rd,16,26,3rd,OTHER
14515,14519,418,1853,444,1879,party,26,26,party,OTHER
14521,14524,449,1853,470,1879,sick,21,26,sick,OTHER
14526,14528,475,1852,495,1879,pay,20,27,pay,OTHER
14574,14576,905,1834,937,1861,12d,32,27,12d,OTHER
14665,14667,1572,1833,1606,1860,12d,34,27,12d,OTHER
14784,14785,904,1852,916,1876,13,12,24,13,OTHER
14787,14790,919,1853,940,1878,stat,21,25,stat,OTHER
14792,14794,944,1854,965,1879,emp,21,25,emp,OTHER
14796,14799,968,1855,988,1880,ret.,20,25,ret.,OTHER
14801,14804,991,1855,1025,1880,plan,34,25,plan,OTHER
14806,14808,1033,1856,1049,1880,3rd,16,24,3rd,OTHER
14810,14814,1053,1856,1081,1880,party,28,24,party,OTHER
14816,14819,1085,1855,1106,1880,sick,21,25,sick,OTHER
14821,14823,1110,1855,1133,1880,pay,23,25,pay,OTHER
14875,14876,1572,1853,1584,1877,13,12,24,13,OTHER
14878,14881,1588,1853,1607,1878,stat,19,25,stat,OTHER
14883,14889,1611,1853,1656,1880,empret.,45,27,empret.,OTHER
14891,14894,1659,1854,1693,1881,plan,34,27,plan,OTHER
14896,14898,1700,1854,1717,1881,3rd,17,27,3rd,OTHER
14900,14904,1720,1854,1750,1881,party,30,27,party,OTHER
14906,14909,1753,1854,1775,1881,sick,22,27,sick,OTHER
14911,14913,1778,1855,1803,1881,pay,25,26,pay,OTHER
14915,14917,17,1890,43,1912,elf,26,22,elf,OTHER
14919,14927,49,1891,118,1914,employees,69,23,employees,OTHER
14929,14933,122,1892,163,1914,"name,",41,22,"name,",OTHER
14935,14941,167,1891,217,1914,address,50,23,address,OTHER
14943,14945,221,1890,244,1913,and,23,23,and,OTHER
14947,14949,248,1889,269,1912,zip,21,23,zip,OTHER
14951,14954,273,1886,310,1910,code,37,24,code,OTHER
14996,14998,649,1891,673,1911,elf,24,20,elf,OTHER
15000,15008,679,1892,749,1913,employees,70,21,employees,OTHER
15010,15014,752,1893,794,1914,"name,",42,21,"name,",OTHER
15016,15022,797,1891,848,1914,address,51,23,address,OTHER
15024,15026,851,1890,875,1913,and,24,23,and,OTHER
15028,15030,877,1889,900,1912,zip,23,23,zip,OTHER
15032,15035,903,1887,939,1910,code,36,23,code,OTHER
15087,15089,1317,1891,1341,1911,elf,24,20,elf,OTHER
15091,15099,1348,1892,1417,1913,employees,69,21,employees,OTHER
15101,15105,1420,1893,1463,1913,"name,",43,20,"name,",OTHER
15107,15113,1466,1891,1516,1913,address,50,22,address,OTHER
15115,15117,1519,1890,1544,1912,and,25,22,and,OTHER
15119,15121,1547,1889,1569,1911,zip,22,22,zip,OTHER
15123,15126,1571,1886,1608,1910,code,37,24,code,OTHER
15134,15136,66,1935,97,1954,jon,31,19,jon,OTHER
15138,15142,152,1931,213,1957,jones,61,26,jones,OTHER
15218,15220,717,1933,748,1951,jon,31,18,jon,OTHER
15222,15226,804,1931,860,1955,jones,56,24,jones,OTHER
15308,15310,1385,1934,1416,1952,jon,31,18,jon,OTHER
15312,15316,1472,1930,1527,1954,jones,55,24,jones,OTHER
15324,15327,64,1956,114,1981,3558,50,25,3558,OTHER
15329,15333,120,1956,179,1980,jones,59,24,jones,OTHER
15335,15342,185,1956,277,1981,junction,92,25,junction,OTHER
15407,15410,714,1956,764,1981,3558,50,25,3558,OTHER
15412,15416,771,1957,829,1981,jones,58,24,jones,OTHER
15418,15425,837,1958,925,1981,junction,88,23,junction,OTHER
15498,15501,1383,1957,1430,1979,3558,47,22,3558,OTHER
15503,15507,1440,1957,1498,1980,jones,58,23,jones,OTHER
15509,15516,1506,1958,1595,1980,junction,89,22,junction,OTHER
15524,15527,63,1981,113,2005,port,50,24,port,OTHER
15529,15537,119,1982,222,2004,staceyton,103,22,staceyton,OTHER
15539,15540,250,1983,278,2004,al,28,21,al,OTHER
15542,15551,295,1982,410,2006,54983-8662,115,24,54983-8662,OTHER
15607,15610,714,1980,764,2005,port,50,25,port,OTHER
15612,15620,770,1982,873,2004,staceyton,103,22,staceyton,OTHER
15622,15623,900,1983,928,2004,al,28,21,al,OTHER
15625,15634,946,1981,1059,2005,54983-8662,113,24,54983-8662,OTHER
15698,15701,1381,1981,1432,2004,port,51,23,port,OTHER
15703,15711,1437,1982,1539,2003,staceyton,102,21,staceyton,OTHER
15713,15714,1568,1983,1595,2004,al,27,21,al,OTHER
15716,15725,1614,1982,1725,2005,54983-8662,111,23,54983-8662,OTHER
15900,15901,18,2039,34,2055,15,16,16,15,OTHER
15903,15907,53,2039,86,2057,state,33,18,state,OTHER
15909,15918,125,2038,189,2060,employers',64,22,employers',OTHER
15920,15924,192,2038,219,2061,state,27,23,state,OTHER
15926,15927,222,2038,234,2061,id,12,23,id,OTHER
15929,15930,888,2038,902,2060,no,14,22,no,OTHER
15932,15933,906,2038,925,2060,16,19,22,16,OTHER
15935,15939,940,2038,971,2060,state,31,22,state,OTHER
15944,15946,367,2039,385,2059,"es,",18,20,"es,",OTHER
15948,15952,389,2040,416,2059,"tips,",27,19,"tips,",OTHER
15954,15957,419,2040,446,2060,etc.,27,20,etc.,OTHER
15965,15966,62,2052,83,2071,tx,21,19,tx,OTHER
15968,15977,776,2039,839,2060,employers',63,21,employers',OTHER
15979,15980,1320,2037,1337,2057,15,17,20,15,OTHER
15982,15986,1352,2036,1390,2059,state,38,23,state,OTHER
15995,16003,124,2054,202,2074,06-60-211,78,20,06-60-211,OTHER
16032,16036,843,2039,871,2060,state,28,21,state,OTHER
16038,16039,874,2039,885,2060,id,11,21,id,OTHER
16041,16043,237,2037,260,2062,no.,23,25,no.,OTHER
16060,16062,1005,2092,1023,2109,"es,",18,17,"es,",OTHER
16064,16068,398,2051,436,2075,23259,38,24,23259,OTHER
16129,16133,1024,2039,1052,2060,"tips,",28,21,"tips,",OTHER
16135,16138,1055,2039,1077,2060,etc.,22,21,etc.,OTHER
16139,16139,439,2055,444,2076,.,5,21,.,OTHER
16141,16142,447,2056,464,2077,66,17,21,66,OTHER
16173,16182,1444,2039,1507,2060,employers',63,21,employers',OTHER
16184,16188,1510,2038,1538,2060,state,28,22,state,OTHER
16190,16191,1542,2038,1553,2060,id,11,22,id,OTHER
16193,16194,1557,2038,1570,2060,no,13,22,no,OTHER
16196,16197,1573,2038,1594,2060,16,21,22,16,OTHER
16199,16203,1608,2038,1640,2060,state,32,22,state,OTHER
16205,16210,975,2039,1021,2060,"wages,",46,21,"wages,",OTHER
16212,16219,1033,2055,1099,2075,23259.66,66,20,23259.66,OTHER
16323,16331,774,2054,853,2078,06-60-211,79,24,06-60-211,OTHER
16476,16480,1692,2040,1720,2060,"tips,",28,20,"tips,",OTHER
16482,16485,1724,2041,1754,2060,etc.,30,19,etc.,OTHER
16513,16514,1381,2055,1401,2078,tx,20,23,tx,OTHER
16516,16524,1443,2054,1522,2076,06-60-211,79,22,06-60-211,OTHER
16568,16573,1700,2056,1748,2076,23259.,48,20,23259.,OTHER
16575,16576,1750,2056,1765,2073,66,15,17,66,OTHER
16578,16579,19,2088,35,2103,17,16,15,17,OTHER
16581,16585,56,2089,88,2110,state,32,21,state,OTHER
16587,16592,92,2089,141,2110,income,49,21,income,OTHER
16594,16596,143,2088,161,2109,tax,18,21,tax,OTHER
16622,16626,302,2087,338,2111,local,36,24,local,OTHER
16628,16633,1644,2039,1689,2060,"wages,",45,21,"wages,",OTHER
16635,16639,390,2092,418,2114,"tips,",28,22,"tips,",OTHER
16641,16644,421,2095,457,2116,etc.,36,21,etc.,OTHER
16756,16760,1356,2089,1388,2108,state,32,19,state,OTHER
16762,16767,723,2092,772,2110,income,49,18,income,OTHER
16769,16770,1441,2091,1457,2111,ta,16,20,ta,OTHER
16792,16793,1573,2089,1594,2110,18,21,21,18,OTHER
16795,16799,1606,2089,1641,2110,local,35,21,local,OTHER
16801,16806,341,2089,388,2113,"wages,",47,24,"wages,",OTHER
16808,16812,1026,2092,1054,2110,"tips,",28,18,"tips,",OTHER
16820,16826,60,2106,125,2129,2173.52,65,23,2173.52,OTHER
16922,16927,1391,2089,1440,2110,income,49,21,income,OTHER
16929,16931,774,2091,791,2110,tax,17,19,tax,OTHER
17026,17031,721,2107,773,2127,173.52,52,20,173.52,OTHER
17178,17182,1694,2090,1721,2111,"tips,",27,21,"tips,",OTHER
17330,17334,1033,2106,1071,2128,48164,38,22,48164,OTHER
17335,17338,1056,2093,1085,2112,etc.,29,19,etc.,OTHER
17339,17340,1074,2108,1090,2129,.8,16,21,.8,OTHER
17365,17371,1380,2108,1442,2128,2173.52,62,20,2173.52,OTHER
17418,17423,1701,2104,1747,2128,48164.,46,24,48164.,OTHER
17424,17427,1725,2091,1756,2112,etc.,31,21,etc.,OTHER
17428,17429,1749,2106,1763,2127,81,14,21,81,OTHER
17431,17432,18,2140,36,2157,19,18,17,19,OTHER
17433,17437,55,2141,91,2163,local,36,22,local,OTHER
17444,17449,94,2141,142,2163,income,48,22,income,OTHER
17451,17453,145,2139,172,2162,tax,27,23,tax,OTHER
17475,17482,302,2143,354,2163,locality,52,20,locality,OTHER
17484,17487,356,2143,400,2167,name,44,24,name,OTHER
17491,17495,395,2157,444,2182,david,49,25,david,OTHER
17497,17500,445,2160,477,2182,loop,32,22,loop,OTHER
17517,17521,686,2144,721,2163,local,35,19,local,OTHER
17522,17526,712,2157,752,2178,10213,40,21,10213,OTHER
17622,17627,725,2143,773,2163,income,48,20,income,OTHER
17628,17629,754,2156,774,2176,.1,20,20,.1,OTHER
17631,17631,777,2143,784,2163,t,7,20,t,OTHER
17656,17663,936,2143,990,2164,locality,54,21,locality,OTHER
17665,17669,1031,2159,1078,2182,david,47,23,david,OTHER
17670,17673,992,2143,1036,2166,name,44,23,name,OTHER
17675,17678,1080,2164,1109,2182,loop,29,18,loop,OTHER
17704,17708,1353,2140,1389,2163,local,36,23,local,OTHER
17710,17715,1392,2141,1439,2164,income,47,23,income,OTHER
17746,17753,1605,2143,1658,2162,locality,53,19,locality,OTHER
17755,17758,1660,2143,1703,2165,name,43,22,name,OTHER
17767,17774,61,2157,134,2181,10213.16,73,24,10213.16,OTHER
17942,17946,1381,2158,1419,2178,10213,38,20,10213,OTHER
17948,17950,1421,2160,1450,2178,.16,29,18,.16,OTHER
17997,17999,1716,2160,1746,2183,vid,30,23,vid,OTHER
18001,18004,1749,2162,1778,2182,loop,29,20,loop,OTHER
18023,18029,121,2197,198,2221,federal,77,24,federal,OTHER
18047,18052,277,2199,322,2221,filing,45,22,filing,OTHER
18070,18073,421,2199,472,2224,copy,51,25,copy,OTHER
18108,18115,772,2196,849,2222,tx.state,77,26,tx.state,OTHER
18130,18135,911,2197,961,2225,filing,50,28,filing,OTHER
18156,18159,1056,2200,1107,2223,copy,51,23,copy,OTHER
18196,18199,1425,2198,1455,2224,city,30,26,city,OTHER
18201,18202,1460,2198,1476,2223,or,16,25,or,OTHER
18204,18208,1481,2198,1537,2223,local,56,25,local,OTHER
18245,18248,1723,2196,1773,2224,copy,50,28,copy,OTHER
18278,18281,200,2221,257,2247,wage,57,26,wage,OTHER
18283,18285,284,2220,319,2239,and,35,19,and,OTHER
18287,18289,350,2221,377,2241,tax,27,20,tax,OTHER
18361,18364,843,2220,902,2248,wage,59,28,wage,OTHER
18365,18367,920,2220,955,2241,and,35,21,and,OTHER
18369,18371,985,2221,1015,2241,tax,30,20,tax,OTHER
18452,18455,1511,2221,1569,2247,wage,58,26,wage,OTHER
18457,18459,1588,2218,1616,2245,and,28,27,and,OTHER
18461,18463,1652,2221,1679,2243,tax,27,22,tax,OTHER
18466,18468,22,2252,86,2280,w-2,64,28,w-2,OTHER
18494,18502,196,2249,287,2271,statement,91,22,statement,OTHER
18526,18529,413,2252,485,2280,2018,72,28,2018,OTHER
18547,18549,653,2253,721,2284,w-2,68,31,w-2,OTHER
18577,18585,836,2246,929,2271,statement,93,25,statement,OTHER
18612,18615,1050,2254,1124,2282,2018,74,28,2018,OTHER
18637,18639,1321,2251,1380,2283,w-2,59,32,w-2,OTHER
18668,18676,1505,2248,1598,2270,statement,93,22,statement,OTHER
18701,18704,1715,2252,1791,2282,2018,76,30,2018,OTHER
18706,18709,17,2291,49,2309,copy,32,18,copy,OTHER
18711,18711,51,2291,61,2309,b,10,18,b,OTHER
18713,18714,63,2291,77,2309,to,14,18,to,OTHER
18716,18717,79,2291,94,2310,be,15,19,be,OTHER
18719,18723,96,2291,121,2310,filed,25,19,filed,OTHER
18725,18728,123,2291,149,2310,with,26,19,with,OTHER
18730,18739,151,2291,217,2310,employee's,66,19,employee's,OTHER
18741,18747,219,2290,264,2310,federal,45,20,federal,OTHER
18749,18754,266,2290,311,2310,income,45,20,income,OTHER
18756,18758,313,2289,335,2310,tax,22,21,tax,OTHER
18760,18765,338,2289,381,2309,return,43,20,return,OTHER
18767,18769,398,2288,428,2309,omb,30,21,omb,OTHER
18771,18773,431,2288,455,2308,no.,24,20,no.,OTHER
18775,18783,458,2287,518,2308,1545-0008,60,21,1545-0008,OTHER
18787,18790,648,2290,679,2311,copy,31,21,copy,OTHER
18792,18792,683,2290,689,2311,2,6,21,2,OTHER
18794,18795,693,2289,705,2310,to,12,21,to,OTHER
18797,18798,708,2288,723,2310,be,15,22,be,OTHER
18800,18804,726,2287,749,2309,filed,23,22,filed,OTHER
18806,18809,753,2285,779,2308,with,26,23,with,OTHER
18818,18819,834,2289,847,2311,'s,13,22,'s,OTHER
18821,18825,850,2290,880,2311,state,30,21,state,OTHER
18827,18832,884,2290,928,2310,income,44,20,income,OTHER
18834,18836,932,2289,951,2310,tax,19,21,tax,OTHER
18838,18843,955,2288,1002,2309,return,47,21,return,OTHER
18845,18847,1033,2289,1062,2308,omb,29,19,omb,OTHER
18849,18851,1065,2289,1087,2308,no.,22,19,no.,OTHER
18853,18861,1091,2287,1150,2308,1545-0008,59,21,1545-0008,OTHER
18878,18881,1317,2292,1348,2311,copy,31,19,copy,OTHER
18883,18883,1351,2292,1357,2311,2,6,19,2,OTHER
18885,18886,1360,2292,1373,2311,to,13,19,to,OTHER
18888,18889,1376,2292,1390,2311,be,14,19,be,OTHER
18891,18895,1393,2291,1417,2311,filed,24,20,filed,OTHER
18897,18900,1421,2291,1445,2311,with,24,20,with,OTHER
18902,18911,1448,2291,1515,2311,employee's,67,20,employee's,OTHER
18913,18916,1518,2290,1541,2311,city,23,21,city,OTHER
18918,18919,1545,2290,1556,2311,or,11,21,or,OTHER
18921,18925,1559,2290,1591,2311,local,32,21,local,OTHER
18927,18932,1594,2289,1638,2311,income,44,22,income,OTHER
18934,18936,1641,2289,1662,2311,tax,21,22,tax,OTHER
18938,18946,1665,2288,1730,2311,returnone,65,23,returnone,OTHER
18948,18950,1734,2287,1757,2311,no.,23,24,no.,OTHER
18952,18960,1761,2286,1820,2310,1545-0008,59,24,1545-0008,OTHER
