start_index,end_index,x_top_left,y_top_left,x_bottom_right,y_bottom_right,transcript,box_width,box_height,combined_text,predicted_field
33,33,215,4,226,19,a,11,15,a,OTHER
35,44,235,4,309,19,employee's,74,15,employee's,OTHER
46,51,312,4,350,18,social,38,14,social,OTHER
53,60,352,4,403,18,security,51,14,security,OTHER
62,67,405,4,455,18,number,50,14,number,OTHER
113,117,782,3,820,19,"safe,",38,16,"safe,",OTHER
119,127,822,3,897,19,"accurate,",75,16,"accurate,",OTHER
129,130,904,15,945,39,we,41,24,we,OTHER
134,137,976,13,1022,40,file,46,27,file,OTHER
139,140,1048,30,1062,44,at,14,14,at,OTHER
141,145,1048,4,1079,20,visit,31,16,visit,OTHER
146,152,1064,30,1120,44,www.irs,56,14,www.irs,OTHER
156,158,1082,4,1103,20,the,21,16,the,OTHER
160,162,1106,4,1134,20,irs,28,16,irs,OTHER
164,170,1136,4,1197,20,website,61,16,website,OTHER
219,229,311,25,465,46,025-83-6180,154,21,025-83-6180,ssnOfEmployee
258,260,611,27,642,42,omb,31,15,omb,OTHER
262,264,644,27,668,42,no.,24,15,no.,OTHER
266,274,671,27,728,41,1545-0008,57,14,1545-0008,OTHER
285,289,780,25,831,42,fast!,51,17,fast!,OTHER
291,293,835,26,866,42,use,31,16,use,OTHER
334,341,1122,28,1182,44,govefile,60,16,govefile,OTHER
343,343,10,54,21,70,b,11,16,b,OTHER
345,352,28,55,83,70,employer,55,15,employer,OTHER
354,367,86,56,160,70,identification,74,14,identification,OTHER
369,374,162,55,207,70,number,45,15,number,OTHER
376,380,210,54,242,70,(ein),32,16,(ein),OTHER
443,448,704,56,750,70,"wages,",46,14,"wages,",OTHER
450,454,753,56,779,69,"tips,",26,13,"tips,",OTHER
456,460,782,56,813,69,other,31,13,other,OTHER
462,473,816,56,899,69,compensation,83,13,compensation,OTHER
481,487,994,56,1038,69,federal,44,13,federal,OTHER
489,494,1040,56,1085,68,income,45,12,income,OTHER
496,498,1087,56,1107,68,tax,20,12,tax,OTHER
500,507,1109,56,1157,68,withheld,48,12,withheld,OTHER
518,527,67,78,203,98,72-2508132,136,20,72-2508132,einEmployerIdentificationNumber
614,619,725,79,807,97,237921,82,18,237921,box1WagesTipsAndOtherCompensations
621,621,811,79,819,97,.,8,18,.,box1WagesTipsAndOtherCompensations
623,624,823,79,847,97,99,24,18,99,box1WagesTipsAndOtherCompensations
648,652,987,79,1055,97,42221,68,18,42221,box2FederalIncomeTaxWithheld
654,654,1058,79,1068,97,.,10,18,.,box2FederalIncomeTaxWithheld
656,657,1071,79,1094,97,33,23,18,33,box2FederalIncomeTaxWithheld
659,659,12,107,22,122,c,10,15,c,OTHER
661,670,28,107,93,122,employer's,65,15,employer's,OTHER
672,676,96,107,134,122,"name,",38,15,"name,",OTHER
678,685,137,107,188,122,"address,",51,15,"address,",OTHER
687,689,191,107,212,122,and,21,15,and,OTHER
691,693,215,107,235,122,zip,20,15,zip,OTHER
695,698,239,107,266,122,code,27,15,code,OTHER
756,756,681,105,691,119,3,10,14,3,OTHER
758,763,705,107,742,121,social,37,14,social,OTHER
765,772,744,108,792,122,security,48,14,security,OTHER
774,778,794,109,829,122,wages,35,13,wages,OTHER
796,796,971,105,981,120,4,10,15,4,OTHER
798,803,994,108,1032,121,social,38,13,social,OTHER
805,812,1034,108,1082,121,security,48,13,security,OTHER
814,816,1084,107,1103,121,tax,19,14,tax,OTHER
818,825,1105,106,1155,121,withheld,50,15,withheld,OTHER
836,843,66,133,178,152,"stevens,",112,19,"stevens,",employerName
845,849,191,132,259,152,ellis,68,20,ellis,employerName
851,853,276,131,316,152,and,40,21,and,employerName
855,861,329,131,430,152,michael,101,21,michael,employerName
863,865,445,131,484,152,inc,39,21,inc,employerName
933,941,725,130,849,151,279836.83,124,21,279836.83,box3SocialSecurityWages
966,970,986,131,1055,151,21407,69,20,21407,box4SocialSecurityTaxWithheld
972,974,1059,131,1096,151,.52,37,20,.52,box4SocialSecurityTaxWithheld
985,989,67,165,135,186,63986,68,21,63986,employerAddressStreet_name
991,997,148,165,244,187,william,96,22,william,employerAddressStreet_name
999,1002,260,165,316,187,walk,56,22,walk,employerAddressStreet_name
1004,1007,330,164,390,187,apt.,60,23,apt.,employerAddressStreet_name
1009,1011,403,164,442,187,617,39,23,617,employerAddressStreet_name
1073,1073,681,156,691,172,5,10,16,5,OTHER
1075,1082,703,157,758,172,medicare,55,15,medicare,OTHER
1084,1088,761,159,800,173,wages,39,14,wages,OTHER
1090,1092,803,159,824,173,and,21,14,and,OTHER
1094,1097,827,159,851,173,tips,24,14,tips,OTHER
1113,1113,972,157,981,172,5,9,15,5,OTHER
1115,1122,993,158,1047,172,medicare,54,14,medicare,OTHER
1124,1126,1050,158,1070,172,tax,20,14,tax,OTHER
1128,1135,1073,157,1121,172,withheld,48,15,withheld,OTHER
1242,1247,725,182,808,201,201768,83,19,201768,OTHER
1249,1251,811,182,848,201,.22,37,19,.22,OTHER
1287,1290,1051,183,1105,201,5851,54,18,5851,OTHER
1292,1292,1108,183,1116,201,.,8,18,.,OTHER
1294,1295,1120,182,1146,201,28,26,19,28,OTHER
1306,1319,65,198,260,222,hamptonborough,195,24,hamptonborough,employerAddressCity
1321,1322,275,198,303,222,ks,28,24,ks,employerAddressState
1324,1333,334,198,470,221,16372-0140,136,23,16372-0140,employerAddressZip
1394,1394,681,207,691,222,7,10,15,7,OTHER
1395,1400,705,209,742,223,social,37,14,social,OTHER
1402,1409,744,210,791,223,security,47,13,security,OTHER
1411,1414,793,210,815,223,tips,22,13,tips,OTHER
1434,1434,971,209,982,223,3,11,14,3,OTHER
1436,1444,994,209,1049,223,allocated,55,14,allocated,OTHER
1446,1449,1052,210,1070,223,tips,18,13,tips,OTHER
1556,1564,725,232,849,253,279836.83,124,21,279836.83,OTHER
1600,1608,1051,232,1172,253,201768.22,121,21,201768.22,OTHER
1612,1612,12,261,20,274,d,8,13,d,OTHER
1614,1620,28,261,70,274,control,42,13,control,OTHER
1622,1627,73,261,118,274,number,45,13,number,OTHER
1707,1707,681,259,691,273,9,10,14,9,OTHER
1709,1720,704,260,770,274,verification,66,14,verification,OTHER
1722,1725,773,261,802,274,code,29,13,code,OTHER
1745,1746,964,260,979,273,10,15,13,10,OTHER
1748,1756,994,260,1057,274,dependent,63,14,dependent,OTHER
1758,1761,1060,261,1087,274,care,27,13,care,OTHER
1763,1770,1089,261,1133,275,benefits,44,14,benefits,OTHER
1783,1789,66,285,163,303,1563038,97,18,1563038,OTHER
1922,1924,1051,283,1091,302,252,40,19,252,OTHER
1927,1927,11,311,21,326,e,10,15,e,OTHER
1929,1938,28,311,96,326,employee's,68,15,employee's,OTHER
1940,1944,99,311,120,326,first,21,15,first,OTHER
1946,1949,123,312,157,326,name,34,14,name,OTHER
1951,1953,160,312,182,326,and,22,14,and,OTHER
1955,1961,184,312,216,326,initial,32,14,initial,OTHER
1967,1970,279,311,305,325,last,26,14,last,OTHER
1972,1975,308,311,341,326,name,33,15,name,OTHER
2016,2020,635,309,665,325,buff.,30,16,buff.,OTHER
2022,2023,674,310,691,325,11,17,15,11,OTHER
2025,2036,703,310,776,325,nonqualified,73,15,nonqualified,OTHER
2038,2042,779,311,808,325,plans,29,14,plans,OTHER
2062,2064,966,311,987,326,12a,21,15,12a,OTHER
2066,2068,1008,311,1033,324,see,25,13,see,OTHER
2070,2081,1036,311,1110,324,instructions,74,13,instructions,OTHER
2083,2085,1112,311,1130,324,for,18,13,for,OTHER
2087,2089,1133,310,1158,324,box,25,14,box,OTHER
2091,2092,1163,310,1177,324,12,14,14,12,OTHER
2104,2111,69,360,193,382,jennifer,124,22,jennifer,employeeName
2113,2117,228,360,304,382,jones,76,22,jones,employeeName
2200,2202,725,344,765,362,124,40,18,124,OTHER
2242,2245,1050,343,1102,363,1599,52,20,1599,OTHER
2343,2344,675,371,689,384,13,14,13,13,OTHER
2346,2354,693,372,736,384,statutory,43,12,statutory,OTHER
2356,2365,781,372,831,383,retirement,50,11,retirement,OTHER
2367,2377,867,372,919,385,third-party,52,13,third-party,OTHER
2382,2384,966,369,987,382,12b,21,13,12b,OTHER
2397,2400,67,405,132,428,7427,65,23,7427,OTHER
2402,2406,149,405,226,428,james,77,23,james,OTHER
2408,2412,240,405,322,428,vista,82,23,vista,OTHER
2485,2492,693,389,738,399,employee,45,10,employee,OTHER
2494,2497,779,391,799,399,plan,20,8,plan,OTHER
2512,2515,867,389,886,399,sick,19,10,sick,OTHER
2517,2519,888,389,905,400,pay,17,11,pay,OTHER
2648,2648,874,412,883,425,x,9,13,x,OTHER
2663,2663,1007,408,1017,424,e,10,16,e,OTHER
2665,2667,1050,406,1089,425,951,39,19,951,OTHER
2680,2683,65,445,130,467,east,65,22,east,OTHER
2685,2690,145,444,242,467,brenda,97,23,brenda,OTHER
2692,2693,256,444,287,467,mn,31,23,mn,OTHER
2724,2733,371,444,528,467,60651-8400,157,23,60651-8400,OTHER
2765,2766,675,436,690,448,14,15,12,14,OTHER
2768,2772,704,436,736,449,other,32,13,other,OTHER
2804,2806,967,436,987,449,12c,20,13,12c,OTHER
2950,2950,1010,470,1020,485,t,10,15,t,OTHER
2952,2954,1050,467,1089,486,102,39,19,102,OTHER
3091,3093,967,494,987,507,12d,20,13,12d,OTHER
3238,3238,1009,529,1020,545,t,11,16,t,OTHER
3240,3242,1051,529,1089,546,616,38,17,616,OTHER
3244,3245,6,576,22,591,15,16,15,15,OTHER
3246,3246,10,559,21,575,f,11,16,f,OTHER
3248,3257,28,560,96,575,employee's,68,15,employee's,OTHER
3259,3265,99,560,146,575,address,47,15,address,OTHER
3267,3269,149,560,171,575,and,22,15,and,OTHER
3271,3273,174,560,194,575,zip,20,15,zip,OTHER
3275,3278,197,560,227,575,code,30,15,code,OTHER
3285,3289,29,576,59,591,state,30,15,state,OTHER
3291,3300,87,576,153,592,employer's,66,16,employer's,OTHER
3305,3309,156,578,185,592,state,29,14,state,OTHER
3311,3312,188,578,201,592,id,13,14,id,OTHER
3314,3319,204,577,246,592,number,42,15,number,OTHER
3331,3332,348,575,364,590,16,16,15,16,OTHER
3334,3338,369,576,401,591,state,32,15,state,OTHER
3340,3345,404,577,446,592,"wages,",42,15,"wages,",OTHER
3347,3351,449,578,476,592,"tips,",27,14,"tips,",OTHER
3353,3356,479,577,499,592,etc.,20,15,etc.,OTHER
3358,3359,540,575,558,591,17,18,16,17,OTHER
3361,3365,562,576,593,591,state,31,15,state,OTHER
3367,3372,596,578,638,591,income,42,13,income,OTHER
3374,3376,642,577,662,591,tax,20,14,tax,OTHER
3378,3379,727,575,743,591,18,16,16,18,OTHER
3381,3385,746,576,779,591,local,33,15,local,OTHER
3387,3392,782,577,823,592,"wages,",41,15,"wages,",OTHER
3394,3398,826,578,853,592,"tips,",27,14,"tips,",OTHER
3400,3403,856,577,879,592,etc.,23,15,etc.,OTHER
3405,3406,929,576,945,590,19,16,14,19,OTHER
3408,3412,950,577,982,591,local,32,14,local,OTHER
3414,3419,985,578,1029,591,income,44,13,income,OTHER
3421,3423,1032,577,1051,591,tax,19,14,tax,OTHER
3440,3441,1114,576,1131,590,20,17,14,20,OTHER
3443,3450,1135,577,1182,591,locality,47,14,locality,OTHER
3452,3455,1185,578,1215,591,name,30,13,name,OTHER
3460,3461,16,602,42,618,dc,26,16,dc,OTHER
3478,3487,132,600,271,620,517-03-863,139,20,517-03-863,OTHER
3508,3513,347,601,430,621,125500,83,20,125500,box16StateWagesTips
3515,3515,433,601,442,620,.,9,19,.,box16StateWagesTips
3517,3518,445,601,471,620,85,26,19,85,box16StateWagesTips
3535,3541,539,601,634,621,5837.33,95,20,5837.33,box17StateIncomeTax
3555,3560,724,601,809,620,199258,85,19,199258,OTHER
3562,3563,812,601,835,620,.4,23,19,.4,OTHER
3587,3591,929,602,997,620,34981,68,18,34981,OTHER
3593,3593,1000,601,1009,620,.,9,19,.,OTHER
3595,3596,1012,601,1035,620,91,23,19,91,OTHER
3616,3622,1111,607,1175,620,matthew,64,13,matthew,OTHER
3624,3628,1185,608,1230,620,knoll,45,12,knoll,OTHER
3634,3635,19,653,43,670,sc,24,17,sc,OTHER
3652,3661,132,651,270,673,147-21-665,138,22,147-21-665,OTHER
3681,3687,348,651,443,673,109524.,95,22,109524.,OTHER
3689,3690,446,650,472,671,69,26,21,69,OTHER
3708,3711,538,652,594,672,5561,56,20,5561,OTHER
3713,3713,597,652,606,671,.,9,19,.,OTHER
3715,3716,609,651,635,671,32,26,20,32,OTHER
3728,3734,725,651,820,673,230776.,95,22,230776.,OTHER
3736,3737,824,651,849,672,47,25,21,47,OTHER
3760,3764,928,652,996,672,35760,68,20,35760,OTHER
3766,3766,1000,652,1009,671,.,9,19,.,OTHER
3768,3769,1013,651,1037,671,62,24,20,62,OTHER
3790,3793,1113,655,1160,672,knox,47,17,knox,OTHER
3795,3799,1173,655,1231,673,point,58,18,point,OTHER
3824,3827,140,683,207,708,wage,67,25,wage,OTHER
3829,3831,211,684,259,708,and,48,24,and,OTHER
3833,3835,264,684,303,709,tax,39,25,tax,OTHER
3881,3884,550,689,694,740,2018,144,51,2018,taxYear
3922,3931,864,689,946,707,department,82,18,department,OTHER
3933,3934,949,690,962,707,of,13,17,of,OTHER
3936,3938,965,690,990,707,the,25,17,the,OTHER
3940,3957,993,690,1111,707,treasury--internal,118,17,treasury--internal,OTHER
3959,3965,1114,691,1177,707,revenue,63,16,revenue,OTHER
3967,3973,1180,690,1235,707,service,55,17,service,OTHER
3975,3978,3,724,37,739,form,34,15,form,OTHER
3980,3982,46,723,74,739,w-2,28,16,w-2,OTHER
3998,4006,141,715,254,738,statement,113,23,statement,OTHER
4008,4011,5,746,47,764,copy,42,18,copy,OTHER
4013,4017,50,746,97,765,b--to,47,19,b--to,OTHER
4019,4020,100,746,123,765,be,23,19,be,OTHER
4022,4026,126,746,164,765,filed,38,19,filed,OTHER
4028,4031,167,746,201,765,with,34,19,with,OTHER
4033,4042,206,746,297,765,employee's,91,19,employee's,OTHER
4044,4050,300,746,379,765,federal,79,19,federal,OTHER
4052,4054,384,746,412,764,tax,28,18,tax,OTHER
4056,4061,415,746,470,764,return,55,18,return,OTHER
4063,4066,5,770,35,786,this,30,16,this,OTHER
4068,4078,38,769,121,786,information,83,17,information,OTHER
4080,4081,124,769,139,786,is,15,17,is,OTHER
4083,4087,142,769,184,786,being,42,17,being,OTHER
4089,4097,187,769,257,786,furnished,70,17,furnished,OTHER
4099,4100,259,769,275,786,to,16,17,to,OTHER
4102,4104,278,769,302,786,the,24,17,the,OTHER
4106,4113,305,769,362,786,internal,57,17,internal,OTHER
4115,4121,365,769,429,786,revenue,64,17,revenue,OTHER
4123,4130,433,769,491,786,service.,58,17,service.,OTHER
