start_index,end_index,x_top_left,y_top_left,x_bottom_right,y_bottom_right,transcript,box_width,box_height,combined_text,predicted_field
0,0,134,963,188,990,"wages,",54,27,"wages,",OTHER
0,0,1678,993,1741,1020,97654.0,63,27,97654.0,OTHER
0,0,151,1500,228,1526,3242.08,77,26,3242.08,OTHER
0,0,2022,1762,2086,1797,medicare,64,35,medicare,OTHER
107,110,1035,253,1156,305,2018,121,52,2018,OTHER
130,132,1171,254,1276,306,w-2,105,52,w-2,OTHER
148,150,1287,255,1389,307,and,102,52,and,OTHER
165,172,1401,255,1691,307,earnings,290,52,earnings,OTHER
194,200,1709,253,1995,306,summary,286,53,summary,OTHER
255,257,2225,245,2311,291,adp,86,46,adp,OTHER
276,283,222,317,319,344,employee,97,27,employee,OTHER
297,305,393,313,497,346,reference,104,33,reference,OTHER
311,314,592,316,643,342,copy,51,26,copy,OTHER
358,360,964,314,1006,344,his,42,30,his,OTHER
362,365,1010,314,1071,343,blue,61,29,blue,OTHER
367,374,1076,314,1197,343,earnings,121,29,earnings,OTHER
376,382,1201,314,1328,342,summary,127,28,summary,OTHER
384,390,1333,314,1428,342,section,95,28,section,OTHER
392,393,1433,314,1459,342,is,26,28,is,OTHER
395,402,1464,314,1577,342,included,113,28,included,OTHER
404,407,1582,314,1639,342,with,57,28,with,OTHER
409,412,1644,314,1704,342,your,60,28,your,OTHER
414,416,1709,314,1766,342,w-2,57,28,w-2,OTHER
418,419,1771,314,1799,343,to,28,29,to,OTHER
421,424,1804,313,1864,343,help,60,30,help,OTHER
426,433,1876,313,1984,344,describe,108,31,describe,OTHER
435,442,1990,313,2096,344,portions,106,31,portions,OTHER
444,445,2102,313,2129,345,in,27,32,in,OTHER
447,450,2134,312,2204,346,more,70,34,more,OTHER
452,458,2214,312,2287,346,detail.,73,34,detail.,OTHER
490,493,329,351,386,376,wage,57,25,wage,OTHER
495,497,428,346,464,370,and,36,24,and,OTHER
499,501,506,346,544,372,tax,38,26,tax,OTHER
558,559,965,344,1000,370,he,35,26,he,OTHER
561,567,1005,343,1107,370,reverse,102,27,reverse,OTHER
569,572,1114,343,1171,370,side,57,27,side,OTHER
574,581,1176,343,1288,370,includes,112,27,includes,OTHER
583,589,1293,343,1394,370,general,101,27,general,OTHER
591,601,1399,343,1547,370,information,148,27,information,OTHER
603,606,1555,343,1609,370,that,54,27,that,OTHER
608,610,1613,343,1661,370,you,48,27,you,OTHER
612,614,1666,343,1727,370,may,61,27,may,OTHER
616,619,1733,343,1786,370,also,53,27,also,OTHER
621,624,1794,343,1844,370,find,50,27,find,OTHER
626,633,1849,343,1946,370,helpful.,97,27,helpful.,OTHER
638,640,112,381,169,417,n-2,57,36,n-2,OTHER
665,673,324,371,405,396,statement,81,25,statement,OTHER
683,686,582,386,668,418,2018,86,32,2018,taxYear
689,692,98,432,135,458,copy,37,26,copy,OTHER
694,694,137,431,147,455,c,10,24,c,OTHER
696,698,150,431,171,455,for,21,24,for,OTHER
700,709,174,430,251,455,employee's,77,25,employee's,OTHER
711,718,253,432,322,461,records.,69,29,records.,OTHER
735,737,564,422,596,448,omb,32,26,omb,OTHER
739,741,600,422,626,448,no.,26,26,no.,OTHER
743,751,630,421,709,448,1545-0008,79,27,1545-0008,OTHER
793,794,1025,425,1048,455,1.,23,30,1.,OTHER
796,798,1052,425,1096,455,the,44,30,the,OTHER
800,808,1101,425,1211,455,following,110,30,following,OTHER
810,820,1215,424,1354,454,information,139,30,information,OTHER
822,829,1358,424,1448,454,reflects,90,30,reflects,OTHER
831,834,1453,424,1508,454,your,55,30,your,OTHER
836,840,1513,424,1564,455,final,51,31,final,OTHER
842,845,1569,424,1624,455,2018,55,31,2018,OTHER
847,849,1629,424,1677,455,pay,48,31,pay,OTHER
851,854,1681,424,1733,455,stub,52,31,stub,OTHER
856,859,1737,424,1791,455,plus,54,31,plus,OTHER
861,863,1795,424,1841,455,any,46,31,any,OTHER
865,875,1845,424,1992,456,adjustments,147,32,adjustments,OTHER
877,885,1996,424,2114,456,submitted,118,32,submitted,OTHER
887,888,2118,425,2150,456,by,32,31,by,OTHER
890,893,2155,425,2210,457,your,55,32,your,OTHER
895,903,2215,425,2338,458,employer.,123,33,employer.,OTHER
906,906,99,449,118,476,d,19,27,d,OTHER
908,914,129,449,184,476,control,55,27,control,OTHER
916,921,187,445,257,475,number,70,30,number,OTHER
923,927,307,448,358,487,dept.,51,39,dept.,OTHER
929,933,405,455,456,493,corp.,51,38,corp.,OTHER
957,964,615,449,678,480,emplover,63,31,emplover,OTHER
966,968,683,450,708,479,use,25,29,use,OTHER
970,973,713,452,753,484,only,40,32,only,OTHER
975,976,758,458,781,488,36,23,30,36,OTHER
978,984,97,474,175,499,2569751,78,25,2569751,OTHER
1025,1025,562,463,585,495,a,23,32,a,OTHER
1090,1094,1102,472,1144,499,gross,42,27,gross,OTHER
1096,1098,1148,468,1181,497,pay,33,29,pay,OTHER
1105,1110,1271,471,1320,498,14944.,49,27,14944.,OTHER
1120,1125,1456,474,1500,499,social,44,25,social,OTHER
1127,1134,1505,472,1568,499,security,63,27,security,OTHER
1136,1141,1637,466,1689,490,6620.0,52,24,6620.0,OTHER
1152,1154,1835,474,1853,498,mi.,18,24,mi.,OTHER
1156,1160,1857,474,1894,498,state,37,24,state,OTHER
1162,1167,1897,473,1954,498,income,57,25,income,OTHER
1169,1170,1958,473,1973,496,ta,15,23,ta,OTHER
1172,1178,2069,466,2121,495,3245.08,52,29,3245.08,OTHER
1322,1324,1838,496,1867,517,box,29,21,box,OTHER
1326,1326,1485,509,1496,536,4,11,27,4,OTHER
1328,1329,1499,509,1513,535,of,14,26,of,OTHER
1331,1333,1906,500,1943,521,w-2,37,21,w-2,OTHER
1355,1357,1458,509,1482,537,box,24,28,box,OTHER
1359,1360,1868,498,1887,518,17,19,20,17,OTHER
1361,1366,1878,512,1936,537,income,58,25,income,OTHER
1542,1546,1834,511,1876,534,local,42,23,local,OTHER
1552,1553,1888,499,1905,518,of,17,19,of,OTHER
1555,1557,1516,509,1555,536,w-2,39,27,w-2,OTHER
1748,1749,1938,515,1955,538,ta,17,23,ta,OTHER
1755,1760,2087,506,2138,538,632.85,51,32,632.85,OTHER
1769,1774,152,536,238,567,"mason,",86,31,"mason,",employerName
1776,1780,241,535,318,564,mejia,77,29,mejia,employerName
1782,1784,322,535,370,563,and,48,28,and,employerName
1786,1793,372,535,488,564,mitchell,116,29,mitchell,employerName
1795,1797,491,537,540,565,ltd,49,28,ltd,employerName
1936,1938,1837,532,1865,560,box,28,28,box,OTHER
1940,1941,1869,532,1886,559,19,17,27,19,OTHER
1943,1944,1889,532,1903,560,of,14,28,of,OTHER
1946,1947,1906,533,1926,560,w-,20,27,w-,OTHER
1949,1949,1928,535,1939,560,2,11,25,2,OTHER
1959,1963,160,568,226,600,$1658,66,32,$1658,employerAddressStreet_name
1965,1973,232,567,352,598,stevenson,120,31,stevenson,employerAddressStreet_name
1975,1980,357,567,447,596,meadow,90,29,meadow,employerAddressStreet_name
1982,1985,451,568,513,597,apt.,62,29,apt.,employerAddressStreet_name
1987,1989,517,569,553,598,729,36,29,729,employerAddressStreet_name
2064,2067,1102,568,1132,595,fed.,30,27,fed.,OTHER
2069,2074,1136,568,1198,594,income,62,26,income,OTHER
2076,2083,1259,567,1321,593,10670.69,62,26,10670.69,OTHER
2092,2099,1453,567,1520,595,medicare,67,28,medicare,OTHER
2101,2103,1524,566,1550,593,tax,26,27,tax,OTHER
2112,2118,1669,566,1727,591,2738.27,58,25,2738.27,OTHER
2128,2130,160,593,197,624,new,37,31,new,employerAddressCity
2132,2138,201,593,304,624,matthew,103,31,matthew,employerAddressCity
2140,2141,334,592,371,624,ny,37,32,ny,employerAddressState
2143,2152,376,588,512,623,73479-0478,136,35,73479-0478,employerAddressZip
2232,2234,1100,592,1129,619,tax,29,27,tax,OTHER
2236,2243,1131,591,1198,618,withheld,67,27,withheld,OTHER
2262,2269,1454,591,1530,618,withheld,76,27,withheld,OTHER
2385,2387,1106,615,1129,642,box,23,27,box,OTHER
2389,2389,1134,617,1142,643,2,8,26,2,OTHER
2391,2392,1146,618,1161,644,of,15,26,of,OTHER
2394,2396,1165,618,1195,644,w-2,30,26,w-2,OTHER
2412,2414,1453,612,1483,642,box,30,30,box,OTHER
2416,2416,1486,616,1496,642,6,10,26,6,OTHER
2418,2419,1498,616,1513,643,of,15,27,of,OTHER
2421,2421,1516,616,1528,643,w,12,27,w,OTHER
2423,2423,1531,616,1535,643,-,4,27,-,OTHER
2425,2425,1538,614,1558,642,2,20,28,2,OTHER
2447,2449,1843,614,1865,639,box,22,25,box,OTHER
2451,2452,1869,613,1887,639,14,18,26,14,OTHER
2454,2455,1890,614,1905,642,of,15,28,of,OTHER
2457,2458,1908,617,1929,645,w-,21,28,w-,OTHER
2498,2502,407,683,475,712,batch,68,29,batch,OTHER
2530,2535,589,677,675,711,#02021,86,34,#02021,OTHER
2537,2539,97,728,128,754,eff,31,26,eff,OTHER
2541,2549,132,728,216,755,employees,84,27,employees,OTHER
2551,2554,219,728,256,755,name,37,27,name,OTHER
2556,2556,258,728,266,755,.,8,27,.,OTHER
2558,2564,268,728,329,755,address,61,27,address,OTHER
2566,2568,331,727,361,755,and,30,28,and,OTHER
2570,2572,363,727,390,755,zip,27,28,zip,OTHER
2574,2577,393,727,439,754,code,46,27,code,OTHER
2684,2685,1023,753,1047,781,2.,24,28,2.,OTHER
2687,2690,1052,753,1111,782,your,59,29,your,OTHER
2692,2696,1117,753,1187,782,gross,70,29,gross,OTHER
2698,2700,1192,754,1236,783,pay,44,29,pay,OTHER
2702,2704,1241,754,1291,783,was,50,29,was,OTHER
2706,2713,1296,754,1398,783,adjusted,102,29,adjusted,OTHER
2715,2716,1403,754,1431,783,as,28,29,as,OTHER
2718,2724,1435,753,1523,783,follows,88,30,follows,OTHER
2726,2727,1527,753,1554,783,to,27,30,to,OTHER
2729,2735,1558,753,1659,783,produce,101,30,produce,OTHER
2737,2740,1663,752,1718,783,your,55,31,your,OTHER
2742,2744,1721,752,1771,783,w-2,50,31,w-2,OTHER
2746,2755,1775,751,1901,782,statement.,126,31,statement.,OTHER
2764,2769,158,783,237,815,angela,79,32,angela,employeeName
2771,2776,242,783,330,815,warren,88,32,warren,employeeName
2785,2787,154,813,198,843,691,44,30,691,OTHER
2789,2795,206,812,303,841,simmons,97,29,simmons,OTHER
2797,2799,307,813,354,844,row,47,31,row,OTHER
2926,2931,1333,817,1388,844,"wages,",55,27,"wages,",OTHER
2933,2937,1393,816,1429,844,"tips,",36,28,"tips,",OTHER
2939,2942,1433,813,1464,843,othe,31,30,othe,OTHER
2947,2952,1581,815,1626,845,social,45,30,social,OTHER
2954,2958,1632,814,1674,843,secur,42,29,secur,OTHER
2961,2966,1680,813,1730,841,medica,50,28,medica,OTHER
2981,2988,1838,814,1894,846,mi.state,56,32,mi.state,OTHER
2990,2994,1679,829,1743,860,wages,64,31,wages,OTHER
2995,2995,2085,840,2092,866,",",7,26,",",OTHER
2997,3003,1993,812,2051,843,jackson,58,31,jackson,OTHER
3005,3008,2056,812,2101,841,loop,45,29,loop,OTHER
3017,3027,155,840,306,870,beasleyberg,151,30,beasleyberg,OTHER
3029,3030,336,843,371,870,ga,35,27,ga,OTHER
3032,3041,403,841,538,871,40331-3421,135,30,40331-3421,OTHER
3192,3194,1334,857,1363,887,box,29,30,box,OTHER
3196,3196,1368,856,1376,887,1,8,31,1,OTHER
3198,3199,1381,856,1393,887,of,12,31,of,OTHER
3201,3201,1399,857,1409,887,w,10,30,w,OTHER
3203,3203,1414,858,1414,887,-,0,29,-,OTHER
3205,3205,1420,859,1437,888,2,17,29,2,OTHER
3213,3217,1582,840,1644,871,wages,62,31,wages,OTHER
3218,3222,2035,840,2080,870,wages,45,30,wages,OTHER
3246,3248,1837,856,1864,886,box,27,30,box,OTHER
3250,3251,1868,856,1886,886,16,18,30,16,OTHER
3253,3254,1626,861,1639,891,of,13,30,of,OTHER
3256,3256,1642,860,1656,891,w,14,31,w,OTHER
3258,3258,1659,860,1662,891,-,3,31,-,OTHER
3260,3260,1665,860,1676,891,2,11,31,2,OTHER
3262,3266,1992,841,2030,870,local,38,29,local,OTHER
3268,3268,1742,860,1753,890,w,11,30,w,OTHER
3269,3269,1952,1086,1970,1117,a,18,31,a,OTHER
3274,3274,217,963,225,989,",",8,26,",",OTHER
3444,3446,1580,861,1610,892,box,30,31,box,OTHER
3448,3448,1613,861,1622,892,3,9,31,3,OTHER
3450,3451,1725,860,1738,890,of,13,30,of,OTHER
3453,3453,1907,858,1919,889,w,12,31,w,OTHER
3455,3455,1756,860,1759,890,-,3,30,-,OTHER
3457,3457,1763,860,1780,890,2,17,30,2,OTHER
3459,3461,1680,860,1707,890,box,27,30,box,OTHER
3463,3463,1711,860,1722,890,5,11,30,5,OTHER
3465,3466,1890,856,1903,887,of,13,31,of,OTHER
3470,3470,1923,859,1925,890,-,2,31,-,OTHER
3472,3472,1929,860,1940,891,2,11,31,2,OTHER
3496,3498,1993,873,2022,902,box,29,29,box,OTHER
3500,3501,2026,875,2044,904,18,18,29,18,OTHER
3503,3504,2048,876,2060,904,of,12,28,of,OTHER
3506,3507,2064,876,2089,904,w2,25,28,w2,OTHER
3511,3520,134,905,216,931,employer's,82,26,employer's,OTHER
3522,3524,220,905,253,931,fed,33,26,fed,OTHER
3526,3527,257,904,271,930,id,14,26,id,OTHER
3529,3534,275,902,335,930,number,60,28,number,OTHER
3550,3559,435,904,522,931,employee's,87,27,employee's,OTHER
3561,3563,524,904,557,932,ssa,33,28,ssa,OTHER
3565,3571,559,906,640,938,number_,81,32,number_,OTHER
3578,3587,151,919,259,952,98-1743706,108,33,98-1743706,einEmployerIdentificationNumber
3632,3642,560,922,666,950,698-35-0143,106,28,698-35-0143,ssnOfEmployee
3685,3690,1071,926,1140,961,tgross,69,35,tgross,OTHER
3692,3694,1145,926,1173,952,pay,28,26,pay,OTHER
3725,3725,1373,926,1377,954,1,4,28,1,OTHER
3727,3734,1382,924,1450,954,14944.75,68,30,14944.75,OTHER
3741,3744,1582,934,1628,964,5159,46,30,5159,OTHER
3752,3758,1695,924,1748,950,14944.8,53,26,14944.8,OTHER
3776,3783,1841,925,1905,952,114944.8,64,27,114944.8,OTHER
3797,3804,1997,921,2059,947,114944.8,62,26,114944.8,OTHER
3848,3854,434,957,489,990,federal,55,33,federal,OTHER
3856,3861,492,959,548,990,income,56,31,income,OTHER
3863,3865,551,961,574,990,tax,23,29,tax,OTHER
3867,3874,577,962,637,989,withheld,60,27,withheld,OTHER
3974,3976,1579,959,1618,991,nia,39,32,nia,OTHER
3978,3980,1678,960,1716,991,nia,38,31,nia,OTHER
4008,4011,1836,947,1882,977,5159,46,30,5159,OTHER
4029,4032,1992,938,2034,965,5159,42,27,5159,OTHER
4038,4043,1899,808,1962,842,"wages,",63,34,"wages,",OTHER
4049,4053,1993,994,2030,1022,97654,37,28,97654,OTHER
4054,4054,311,960,318,987,.,7,27,.,OTHER
4056,4059,191,963,215,989,tips,24,26,tips,OTHER
4061,4061,569,1424,573,1456,",",4,32,",",OTHER
4062,4063,208,974,239,1006,06,31,32,06,box1WagesTipsAndOtherCompensations
4064,4068,227,961,267,989,other,40,28,other,OTHER
4070,4073,269,960,309,988,comp,40,28,comp,OTHER
4075,4075,610,979,619,1006,.,9,27,.,box2FederalIncomeTaxWithheld
4104,4108,560,978,609,1006,10570,49,28,10570,box2FederalIncomeTaxWithheld
4110,4110,610,1164,617,1191,.,7,27,.,OTHER
4112,4113,620,979,648,1005,69,28,26,69,box2FederalIncomeTaxWithheld
4150,4153,1022,966,1057,993,less,35,27,less,OTHER
4155,4157,1061,965,1082,991,401,21,26,401,OTHER
4159,4161,1087,964,1106,990,(k),19,26,(k),OTHER
4163,4168,1110,962,1159,989,(d-box,49,27,(d-box,OTHER
4170,4171,1164,961,1183,987,2),19,26,2),OTHER
4194,4200,1336,976,1394,1008,10670.6,58,32,10670.6,OTHER
4247,4254,1835,970,1900,1006,10670.69,65,36,10670.69,OTHER
4267,4274,1988,969,2058,1005,no670.69,70,36,no670.69,OTHER
4382,4389,1022,1000,1089,1026,reported,67,26,reported,OTHER
4391,4393,1094,999,1122,1026,w-2,28,27,w-2,OTHER
4395,4399,1126,994,1181,1024,wages,55,30,wages,OTHER
4444,4448,1581,988,1626,1017,69854,45,29,69854,OTHER
4450,4451,1627,992,1657,1019,06,30,27,06,OTHER
4453,4458,151,979,206,1007,97654.,55,28,97654.,box1WagesTipsAndOtherCompensations
4459,4459,412,1206,432,1234,0,20,28,0,OTHER
4480,4486,1844,996,1899,1027,7654.06,55,31,7654.06,OTHER
4498,4498,1863,2507,1868,2539,9,5,32,9,OTHER
4499,4499,107,2556,122,2579,7,15,23,7,OTHER
4500,4500,1179,1757,1200,1797,6,21,40,6,OTHER
4501,4501,107,2503,123,2525,5,16,22,5,OTHER
4502,4502,406,1715,429,1753,4,23,38,4,OTHER
4504,4506,2034,996,2059,1023,.06,25,27,.06,OTHER
4512,4517,134,1024,179,1053,social,45,29,social,OTHER
4519,4526,183,1022,242,1053,security,59,31,security,OTHER
4528,4532,246,1016,296,1049,wages,50,33,wages,OTHER
4550,4555,434,1018,481,1049,social,47,31,social,OTHER
4557,4564,484,1019,543,1049,security,59,30,security,OTHER
4566,4568,547,1019,569,1048,tax,22,29,tax,OTHER
4570,4577,573,1017,639,1048,withheld,66,31,withheld,OTHER
4585,4592,140,1092,199,1123,medicare,59,31,medicare,OTHER
4594,4598,201,1089,252,1117,wages,51,28,wages,OTHER
4600,4602,255,1088,284,1113,and,29,25,and,OTHER
4604,4607,288,1088,326,1111,tips,38,23,tips,OTHER
4622,4629,433,1088,503,1115,medicare,70,27,medicare,OTHER
4631,4633,506,1088,529,1114,tax,23,26,tax,OTHER
4635,4642,532,1088,603,1115,withheld,71,27,withheld,OTHER
4685,4686,1023,1085,1046,1116,3.,23,31,3.,OTHER
4688,4695,1052,1085,1168,1116,employee,116,31,employee,OTHER
4697,4699,1174,1085,1220,1116,w-4,46,31,w-4,OTHER
4701,4708,1226,1085,1312,1116,profile.,86,31,profile.,OTHER
4710,4711,1317,1085,1348,1116,to,31,31,to,OTHER
4713,4718,1354,1085,1440,1116,change,86,31,change,OTHER
4720,4723,1445,1086,1501,1116,your,56,30,your,OTHER
4725,4732,1505,1086,1624,1116,employee,119,30,employee,OTHER
4734,4736,1629,1086,1675,1116,w-4,46,30,w-4,OTHER
4738,4744,1679,1086,1758,1117,profile,79,31,profile,OTHER
4746,4757,1762,1086,1907,1117,"information,",145,31,"information,",OTHER
4759,4762,1910,1086,1949,1117,file,39,31,file,OTHER
4764,4764,405,2000,428,2033,a,23,33,a,OTHER
4766,4768,1973,1086,2024,1117,new,51,31,new,OTHER
4770,4772,2029,1086,2077,1117,w-4,48,31,w-4,OTHER
4774,4777,2080,1086,2134,1118,with,54,32,with,OTHER
4779,4782,2137,1086,2193,1118,your,56,32,your,OTHER
4784,4790,2195,1086,2284,1118,payroll,89,32,payroll,OTHER
4792,4796,2286,1086,2359,1118,dept.,73,32,dept.,OTHER
4857,4860,563,1106,597,1133,2738,34,27,2738,OTHER
4862,4864,601,1107,623,1134,.2',22,27,.2',OTHER
4905,4905,406,1146,424,1175,8,18,29,8,OTHER
4907,4915,436,1145,504,1176,allocated,68,31,allocated,OTHER
4917,4920,506,1146,548,1182,tips,42,36,tips,OTHER
5068,5073,1837,1150,1877,1180,social,40,30,social,OTHER
5075,5082,1882,1150,1936,1179,security,54,29,security,OTHER
5084,5088,1941,1151,1992,1177,numbe,51,26,numbe,OTHER
5095,5100,150,1164,207,1194,86535.,57,30,86535.,OTHER
5102,5103,210,1160,240,1194,98,30,34,98,OTHER
5148,5149,562,1164,578,1191,94,16,27,94,OTHER
5151,5153,582,1164,606,1191,422,24,27,422,OTHER
5155,5155,471,1383,476,1416,.,5,33,.,OTHER
5157,5158,620,1164,638,1190,94,18,26,94,OTHER
5207,5212,1102,1170,1196,1200,angela,94,30,angela,OTHER
5214,5219,1203,1170,1292,1202,warren,89,32,warren,OTHER
5325,5331,2072,1159,2141,1191,married,69,32,married,OTHER
5336,5347,132,1207,217,1236,verification,85,29,verification,OTHER
5349,5352,221,1207,261,1233,code,40,26,code,OTHER
5375,5383,439,1206,520,1234,dependent,81,28,dependent,OTHER
5385,5388,523,1207,556,1234,care,33,27,care,OTHER
5390,5397,559,1207,617,1234,benefits,58,27,benefits,OTHER
5450,5452,1103,1209,1153,1239,691,50,30,691,OTHER
5454,5460,1161,1209,1270,1238,simmons,109,29,simmons,OTHER
5462,5464,1276,1209,1327,1237,row,51,28,row,OTHER
5534,5540,1835,1201,1904,1229,federal,69,28,federal,OTHER
5542,5542,1907,1199,1925,1228,:,18,29,:,OTHER
5661,5663,1099,1249,1150,1275,new,51,26,new,OTHER
5665,5671,1158,1250,1265,1275,matthew,107,25,matthew,OTHER
5673,5674,1303,1249,1340,1275,ny,37,26,ny,OTHER
5676,5682,1351,1248,1454,1277,73479-0,103,29,73479-0,OTHER
5745,5749,1834,1232,1899,1268,local,65,36,local,OTHER
5753,5753,109,1265,126,1290,1,17,25,1,OTHER
5755,5766,137,1265,229,1290,nonqualified,92,25,nonqualified,OTHER
5768,5772,232,1264,274,1287,plans,42,23,plans,OTHER
5791,5792,415,1263,435,1290,2a,20,27,2a,OTHER
5794,5796,440,1264,466,1290,see,26,26,see,OTHER
5798,5809,470,1263,559,1290,instructions,89,27,instructions,OTHER
5811,5813,563,1263,584,1290,for,21,27,for,OTHER
5815,5817,588,1262,616,1289,box,28,27,box,OTHER
5819,5820,620,1261,636,1288,12,16,27,12,OTHER
5823,5824,104,1326,123,1349,14,19,23,14,OTHER
5826,5830,143,1324,190,1349,other,47,25,other,OTHER
5887,5890,563,1310,601,1331,5159,38,21,5159,OTHER
5932,5933,413,1350,443,1380,20,30,30,20,OTHER
5956,5958,563,1344,598,1369,174,35,25,174,OTHER
6000,6000,412,1377,416,1410,3,4,33,3,OTHER
6002,6005,422,1378,442,1413,stat,20,35,stat,OTHER
6007,6009,448,1381,465,1415,emp,17,34,emp,OTHER
6011,6011,501,1384,504,1418,.,3,34,.,OTHER
6013,6015,482,1383,497,1418,fat,15,35,fat,OTHER
6017,6017,312,1672,322,1701,.,10,29,.,OTHER
6019,6022,507,1385,549,1418,plan,42,33,plan,OTHER
6024,6026,560,1384,577,1417,and,17,33,and,OTHER
6028,6032,581,1382,607,1417,party,26,35,party,OTHER
6034,6037,611,1380,633,1414,sick,22,34,sick,OTHER
6039,6041,637,1376,667,1411,pay,30,35,pay,OTHER
6043,6044,100,1429,119,1448,15,19,19,15,OTHER
6046,6050,138,1429,180,1450,state,42,21,state,OTHER
6052,6061,230,1440,334,1469,535-85-749,104,29,535-85-749,OTHER
6081,6082,407,1417,435,1451,16,28,34,16,OTHER
6084,6088,445,1419,480,1453,state,35,34,state,OTHER
6090,6094,485,1421,537,1455,wanes,52,34,wanes,OTHER
6096,6099,542,1423,565,1456,tips,23,33,tips,OTHER
6101,6101,1108,1556,1113,1586,",",5,30,",",OTHER
6103,6106,577,1424,622,1458,etc.,45,34,etc.,OTHER
6108,6109,101,1483,123,1509,17,22,26,17,OTHER
6111,6115,142,1485,178,1511,state,36,26,state,OTHER
6117,6122,182,1485,237,1511,income,55,26,income,OTHER
6124,6126,241,1484,269,1511,tax,28,27,tax,OTHER
6133,6133,1394,2510,1407,2539,3,13,29,3,OTHER
6134,6134,1180,1674,1202,1707,2,22,33,2,OTHER
6135,6135,1401,2572,1418,2600,4,17,28,4,OTHER
6136,6136,2344,1813,2364,1846,2,20,33,2,OTHER
6137,6137,951,1676,953,1705,.,2,29,.,OTHER
6139,6139,414,1482,435,1513,8,21,31,8,OTHER
6168,6168,592,1768,603,1802,8,11,34,8,OTHER
6170,6174,444,1482,484,1513,local,40,31,local,OTHER
6176,6180,489,1483,540,1514,wanes,51,31,wanes,OTHER
6182,6186,545,1484,576,1514,"tips,",31,30,"tips,",OTHER
6188,6191,581,1486,625,1515,etc.,44,29,etc.,OTHER
6197,6201,139,1546,180,1577,local,41,31,local,OTHER
6203,6208,183,1544,239,1577,income,56,33,income,OTHER
6210,6212,242,1542,261,1573,tax,19,31,tax,OTHER
6233,6234,408,1539,433,1569,20,25,30,20,OTHER
6236,6243,444,1541,500,1573,locality,56,32,locality,OTHER
6245,6248,505,1544,557,1577,name,52,33,name,OTHER
6250,6256,564,1549,633,1585,jackson,69,36,jackson,OTHER
6258,6261,638,1556,681,1590,loop,43,34,loop,OTHER
6368,6368,1023,1558,1034,1588,@,11,30,@,OTHER
6370,6373,1039,1557,1071,1587,2018,32,30,2018,OTHER
6375,6377,1076,1557,1103,1586,adp,27,29,adp,OTHER
6379,6379,183,1679,186,1706,",",3,27,",",OTHER
6381,6383,1118,1556,1157,1585,llc,39,29,llc,OTHER
6387,6387,98,1678,118,1707,1,20,29,1,OTHER
6389,6393,133,1679,178,1707,wages,45,28,wages,OTHER
6395,6395,219,1678,224,1705,",",5,27,",",OTHER
6397,6400,191,1678,214,1706,tips,23,28,tips,OTHER
6402,6402,259,1848,266,1878,",",7,30,",",OTHER
6404,6408,229,1676,266,1705,other,37,29,other,OTHER
6410,6413,271,1673,306,1703,comp,35,30,comp,OTHER
6415,6415,987,1676,990,1704,.,3,28,.,OTHER
6425,6431,435,1673,489,1706,federal,54,33,federal,OTHER
6433,6438,493,1675,547,1707,income,54,32,income,OTHER
6440,6442,552,1676,574,1707,tax,22,31,tax,OTHER
6444,6451,578,1676,643,1707,withheld,65,31,withheld,OTHER
6472,6472,867,1676,890,1708,1,23,32,1,OTHER
6474,6478,902,1676,945,1707,wages,43,31,wages,OTHER
6480,6480,1079,1673,1085,1703,.,6,30,.,OTHER
6482,6485,959,1676,981,1705,tips,22,29,tips,OTHER
6487,6487,1764,1677,1768,1706,.,4,29,.,OTHER
6489,6493,996,1675,1032,1704,other,36,29,other,OTHER
6495,6498,1038,1674,1072,1703,comp,34,29,comp,OTHER
6500,6500,1801,1677,1805,1706,.,4,29,.,OTHER
6509,6509,906,2779,913,2805,2,7,26,2,OTHER
6511,6517,1209,1674,1260,1707,federal,51,33,federal,OTHER
6519,6524,1266,1675,1318,1707,income,52,32,income,OTHER
6526,6528,1324,1675,1345,1707,tax,21,32,tax,OTHER
6530,6537,1351,1674,1416,1707,withheld,65,33,withheld,OTHER
6571,6575,1713,1674,1759,1706,wages,46,32,wages,OTHER
6577,6577,1892,1671,1896,1701,.,4,30,.,OTHER
6579,6582,1773,1677,1795,1707,tips,22,30,tips,OTHER
6584,6584,1211,1810,1228,1839,.,17,29,.,OTHER
6586,6590,1810,1675,1846,1706,other,36,31,other,OTHER
6592,6595,1851,1672,1886,1705,comp,35,33,comp,OTHER
6597,6597,610,2076,617,2101,.,7,25,.,OTHER
6606,6612,2022,1675,2075,1706,federal,53,31,federal,OTHER
6614,6619,2081,1675,2134,1706,income,53,31,income,OTHER
6621,6623,2140,1675,2160,1706,tax,20,31,tax,OTHER
6625,6632,2165,1675,2223,1706,withheld,58,31,withheld,OTHER
6639,6644,133,1722,180,1747,social,47,25,social,OTHER
6646,6653,182,1722,242,1747,security,60,25,security,OTHER
6655,6659,244,1720,299,1747,wages,55,27,wages,OTHER
6673,6678,437,1715,478,1753,social,41,38,social,OTHER
6680,6687,484,1716,541,1753,security,57,37,security,OTHER
6689,6691,547,1716,567,1749,tax,20,33,tax,OTHER
6693,6700,572,1714,638,1747,withheld,66,33,withheld,OTHER
6721,6726,902,1719,946,1748,social,44,29,social,OTHER
6728,6733,944,1736,998,1766,86535.,54,30,86535.,OTHER
6830,6837,950,1719,1009,1746,security,59,27,security,OTHER
6839,6841,1013,1720,1040,1746,wad,27,26,wad,OTHER
6859,6864,1209,1715,1254,1755,social,45,40,social,OTHER
6866,6873,1260,1714,1315,1753,security,55,39,security,OTHER
6875,6877,1321,1714,1341,1749,tax,20,35,tax,OTHER
6879,6886,1347,1710,1410,1747,withheld,63,37,withheld,OTHER
6922,6927,1717,1721,1760,1749,social,43,28,social,OTHER
6929,6936,1765,1721,1823,1746,security,58,25,security,OTHER
6938,6941,1827,1721,1862,1745,wage,35,24,wage,OTHER
6954,6959,2022,1716,2066,1750,social,44,34,social,OTHER
6961,6968,2071,1717,2130,1750,security,59,33,security,OTHER
6970,6972,2134,1717,2155,1747,tax,21,30,tax,OTHER
6974,6981,2160,1715,2219,1745,withheld,59,30,withheld,OTHER
6988,6995,152,1739,235,1766,86535.98,83,27,86535.98,OTHER
7038,7043,563,1740,625,1769,$620.0,62,29,$620.0,OTHER
7088,7089,1001,1736,1032,1766,98,31,30,98,OTHER
7173,7178,1757,1747,1812,1771,86535-,55,24,86535-,OTHER
7180,7181,1815,1747,1839,1771,98,24,24,98,OTHER
7220,7225,2149,1743,2204,1769,6520.0,55,26,6520.0,OTHER
7226,7227,610,1771,630,1804,27,20,33,27,OTHER
7234,7236,135,1772,150,1801,the,15,29,the,OTHER
7238,7243,153,1770,198,1800,gicare,45,30,gicare,OTHER
7245,7249,202,1766,253,1798,wanes,51,32,wanes,OTHER
7251,7253,256,1763,283,1796,and,27,33,and,OTHER
7255,7258,287,1760,327,1795,tips,40,35,tips,OTHER
7267,7274,434,1758,500,1796,medicare,66,38,medicare,OTHER
7276,7278,507,1760,525,1797,tax,18,37,tax,OTHER
7280,7287,532,1762,585,1800,withheld,53,38,withheld,OTHER
7291,7291,1812,1906,1832,1937,8,20,31,8,OTHER
7293,7294,2197,1768,2215,1800,27,18,32,27,OTHER
7351,7351,593,2506,612,2538,6,19,32,6,OTHER
7353,7354,359,1903,389,1934,me,30,31,me,OTHER
7355,7360,923,1771,967,1802,dicare,44,31,dicare,OTHER
7362,7364,1279,1757,1298,1796,tax,19,39,tax,OTHER
7366,7373,1306,1755,1388,1795,withheld,82,40,withheld,OTHER
7450,7457,1208,1757,1272,1797,medicare,64,40,medicare,OTHER
7459,7461,2092,1762,2113,1795,tax,21,33,tax,OTHER
7463,7470,2120,1762,2190,1798,withheld,70,36,withheld,OTHER
7566,7566,867,1842,886,1871,c,19,29,c,OTHER
7567,7567,1179,1998,1202,2033,a,23,35,a,OTHER
7571,7575,971,1768,1020,1800,wanes,49,32,wanes,OTHER
7577,7579,1024,1765,1051,1797,and,27,32,and,OTHER
7581,7584,1055,1762,1087,1795,tips,32,33,tips,OTHER
7586,7592,131,1812,183,1844,control,52,32,control,OTHER
7594,7599,187,1807,254,1838,number,67,31,number,OTHER
7610,7614,307,1811,358,1843,dept.,51,32,dept.,OTHER
7621,7625,406,1805,447,1836,corp.,41,31,corp.,OTHER
7649,7656,615,1809,678,1839,employer,63,30,employer,OTHER
7658,7660,683,1809,709,1840,use,26,31,use,OTHER
7662,7665,713,1810,752,1843,only,39,33,only,OTHER
7700,7704,1100,1818,1150,1847,dept.,50,29,dept.,OTHER
7705,7708,1179,1811,1205,1839,corp,26,28,corp,OTHER
7710,7710,2195,2077,2202,2103,.,7,26,.,OTHER
7734,7741,1388,1806,1451,1839,employer,63,33,employer,OTHER
7743,7745,1456,1808,1481,1839,use,25,31,use,OTHER
7747,7750,1485,1807,1530,1838,only,45,31,only,OTHER
7769,7775,898,1812,952,1844,control,54,32,control,OTHER
7777,7782,955,1807,1020,1837,number,65,30,number,OTHER
7794,7798,1913,1813,1965,1842,dept.,52,29,dept.,OTHER
7829,7836,2201,1808,2266,1838,employer,65,30,employer,OTHER
7838,7840,2270,1809,2296,1840,use,26,31,use,OTHER
7842,7845,2300,1810,2339,1843,only,39,33,only,OTHER
7847,7847,1720,2780,1727,2806,2,7,26,2,OTHER
7935,7941,1711,1812,1766,1844,control,55,32,control,OTHER
7943,7948,1768,1808,1828,1838,number,60,30,number,OTHER
7951,7960,134,1842,215,1876,employer's,81,34,employer's,OTHER
7962,7965,218,1846,256,1878,name,38,32,name,OTHER
7967,7967,327,1849,334,1879,",",7,30,",",OTHER
7969,7975,269,1848,324,1879,address,55,31,address,OTHER
7977,7977,1028,1848,1033,1878,",",5,30,",",OTHER
7979,7981,337,1849,367,1879,and,30,30,and,OTHER
7983,7985,370,1849,394,1878,zip,24,29,zip,OTHER
7987,7990,397,1848,436,1877,code,39,29,code,OTHER
8037,8046,902,1844,982,1876,employer's,80,32,employer's,OTHER
8048,8051,986,1847,1024,1878,name,38,31,name,OTHER
8053,8053,1096,1850,1102,1880,",",6,30,",",OTHER
8055,8061,1037,1849,1093,1880,address,56,31,address,OTHER
8063,8063,222,1875,238,1903,",",16,28,",",OTHER
8065,8067,1105,1850,1134,1880,and,29,30,and,OTHER
8069,8071,1137,1851,1162,1880,zip,25,29,zip,OTHER
8073,8076,1164,1852,1213,1880,code,49,28,code,OTHER
8133,8143,1681,1840,1797,1878,"""employer's",116,38,"""employer's",OTHER
8145,8149,1801,1848,1847,1880,"name,",46,32,"name,",OTHER
8151,8158,1850,1849,1915,1880,"address,",65,31,"address,",OTHER
8160,8162,1918,1850,1947,1880,and,29,30,and,OTHER
8164,8166,1950,1849,1975,1879,zip,25,30,zip,OTHER
8168,8171,1978,1848,2022,1877,code,44,29,code,OTHER
8180,8184,150,1875,217,1903,mason,67,28,mason,OTHER
8186,8186,2120,2500,2124,2532,",",4,32,",",OTHER
8188,8192,242,1875,315,1904,mejia,73,29,mejia,OTHER
8194,8196,323,1875,368,1905,and,45,30,and,OTHER
8198,8205,372,1876,484,1906,mitchell,112,30,mitchell,OTHER
8207,8209,492,1878,536,1906,itd,44,28,itd,OTHER
8268,8273,944,1876,1030,1905,"mason,",86,29,"mason,",OTHER
8275,8279,1035,1877,1109,1906,mejia,74,29,mejia,OTHER
8281,8283,1115,1878,1160,1906,and,45,28,and,OTHER
8285,8292,1164,1878,1278,1906,mitchell,114,28,mitchell,OTHER
8294,8296,1284,1878,1331,1905,itd,47,27,itd,OTHER
8362,8367,1756,1871,1845,1903,"mason,",89,32,"mason,",OTHER
8369,8373,1847,1875,1924,1905,mejia,77,30,mejia,OTHER
8375,8377,1929,1877,1975,1906,and,46,29,and,OTHER
8379,8386,1979,1878,2094,1906,mitchell,115,28,mitchell,OTHER
8388,8390,2098,1877,2140,1905,itd,42,28,itd,OTHER
8400,8404,154,1905,226,1937,31658,72,32,31658,OTHER
8406,8414,233,1903,354,1936,stevenson,121,33,stevenson,OTHER
8419,8421,401,1895,446,1930,dow,45,35,dow,OTHER
8423,8426,450,1897,513,1929,apt.,63,32,apt.,OTHER
8428,8430,518,1900,555,1929,729,37,29,729,OTHER
8493,8494,989,1905,1020,1936,68,31,31,68,OTHER
8496,8504,1023,1906,1146,1936,stevenson,123,30,stevenson,OTHER
8506,8511,1151,1903,1239,1936,meadow,88,33,meadow,OTHER
8590,8590,406,2056,428,2089,8,22,33,8,OTHER
8592,8600,1836,1906,1959,1936,stevenson,123,30,stevenson,OTHER
8602,8607,1964,1906,2052,1934,meadow,88,28,meadow,OTHER
8609,8612,2057,1905,2120,1933,apt.,63,28,apt.,OTHER
8614,8616,2125,1905,2163,1933,729,38,28,729,OTHER
8626,8628,156,1930,197,1964,new,41,34,new,OTHER
8630,8636,203,1932,306,1965,matthew,103,33,matthew,OTHER
8638,8639,334,1931,372,1965,ny,38,34,ny,OTHER
8641,8650,376,1924,517,1963,73479-0478,141,39,73479-0478,OTHER
8713,8715,944,1933,991,1962,new,47,29,new,OTHER
8717,8723,996,1932,1096,1962,matthew,100,30,matthew,OTHER
8724,8725,1126,1933,1164,1965,ny,38,32,ny,OTHER
8727,8736,1169,1929,1307,1965,73479-0478,138,36,73479-0478,OTHER
8810,8812,1756,1933,1804,1965,new,48,32,new,OTHER
8814,8820,1809,1933,1911,1965,matthew,102,32,matthew,OTHER
8822,8823,1940,1933,1978,1964,ny,38,31,ny,OTHER
8825,8834,1983,1931,2119,1963,73479-0478,136,32,73479-0478,OTHER
8840,8849,136,1995,215,2027,employer's,79,32,employer's,OTHER
8851,8853,221,1998,251,2028,fed,30,30,fed,OTHER
8855,8856,256,1999,271,2028,id,15,29,id,OTHER
8858,8863,276,1999,328,2028,number,52,29,number,OTHER
8874,8874,1993,2000,2014,2031,a,21,31,a,OTHER
8876,8885,436,1998,520,2032,employee's,84,34,employee's,OTHER
8887,8889,525,1998,555,2031,ssa,30,33,ssa,OTHER
8891,8896,560,1998,615,2030,number,55,32,number,OTHER
8926,8935,903,1999,983,2028,employer's,80,29,employer's,OTHER
8937,8939,987,1999,1020,2029,fed,33,30,fed,OTHER
8941,8942,1024,1999,1039,2029,id,15,30,id,OTHER
8944,8949,1043,2000,1101,2032,number,58,32,number,OTHER
8961,8961,411,2301,415,2335,a,4,34,a,OTHER
8963,8972,1208,1997,1295,2032,employee's,87,35,employee's,OTHER
8974,8976,1300,1997,1328,2030,ssa,28,33,ssa,OTHER
8978,8983,1333,1997,1394,2029,number,61,32,number,OTHER
9022,9031,1715,1997,1797,2027,employer's,82,30,employer's,OTHER
9033,9035,1802,1999,1832,2028,fed,30,29,fed,OTHER
9037,9038,1836,2000,1853,2028,id,17,28,id,OTHER
9040,9045,1857,2000,1926,2029,number,69,29,number,OTHER
9061,9070,2021,1999,2109,2031,employee's,88,32,employee's,OTHER
9072,9074,2113,1998,2143,2031,ssa,30,33,ssa,OTHER
9076,9081,2147,1995,2211,2030,number,64,35,number,OTHER
9088,9097,152,2015,258,2049,98-1743706,106,34,98-1743706,OTHER
9272,9281,1757,2018,1863,2046,98-1743706,106,28,98-1743706,OTHER
9287,9292,134,2066,179,2095,social,45,29,social,OTHER
9294,9301,182,2064,241,2095,security,59,31,security,OTHER
9303,9306,244,2061,271,2091,tips,27,30,tips,OTHER
9322,9322,1178,2053,1201,2089,8,23,36,8,OTHER
9324,9332,436,2056,501,2088,allocated,65,32,allocated,OTHER
9334,9337,507,2058,551,2088,tips,44,30,tips,OTHER
9372,9377,902,2061,946,2092,social,44,31,social,OTHER
9379,9386,950,2063,1009,2094,security,59,31,security,OTHER
9388,9391,1011,2065,1037,2095,tips,26,30,tips,OTHER
9409,9409,412,2554,435,2584,8,23,30,8,OTHER
9411,9419,1210,2055,1275,2088,allocated,65,33,allocated,OTHER
9421,9424,1282,2058,1324,2089,tips,42,31,tips,OTHER
9469,9474,1716,2059,1760,2092,social,44,33,social,OTHER
9476,9483,1764,2064,1820,2095,security,56,31,security,OTHER
9485,9488,1823,2068,1849,2096,dips,26,28,dips,OTHER
9507,9515,2023,2056,2089,2088,allocated,66,32,allocated,OTHER
9517,9520,2094,2057,2135,2088,tips,41,31,tips,OTHER
9579,9583,561,2077,608,2102,94422,47,25,94422,OTHER
9585,9585,2088,2291,2091,2327,.,3,36,.,OTHER
9587,9588,619,2073,639,2100,94,20,27,94,OTHER
9665,9670,1335,2071,1391,2102,94422-,56,31,94422-,OTHER
9672,9673,1394,2072,1409,2098,94,15,26,94,OTHER
9763,9767,2147,2078,2193,2104,94422,46,26,94422,OTHER
9769,9769,1308,2501,1312,2531,.,4,30,.,OTHER
9771,9772,2204,2072,2227,2101,94,23,29,94,OTHER
9777,9788,133,2118,217,2150,verification,84,32,verification,OTHER
9790,9793,222,2122,262,2150,code,40,28,code,OTHER
9813,9814,408,2117,432,2149,10,24,32,10,OTHER
9816,9824,438,2118,518,2149,dependent,80,31,dependent,OTHER
9826,9829,523,2118,554,2148,care,31,30,care,OTHER
9831,9837,559,2117,612,2146,benefit,53,29,benefit,OTHER
9863,9874,900,2116,985,2148,verification,85,32,verification,OTHER
9876,9879,989,2116,1027,2147,code,38,31,code,OTHER
9899,9900,1179,2114,1208,2147,10,29,33,10,OTHER
9902,9910,1212,2116,1293,2148,dependent,81,32,dependent,OTHER
9912,9915,1298,2118,1327,2148,care,29,30,care,OTHER
9917,9924,1331,2117,1387,2147,benefits,56,30,benefits,OTHER
9960,9971,1713,2118,1799,2148,verification,86,30,verification,OTHER
9973,9976,1803,2117,1837,2146,code,34,29,code,OTHER
9997,9998,1992,2115,2020,2146,10,28,31,10,OTHER
10000,10008,2027,2116,2106,2148,dependent,79,32,dependent,OTHER
10010,10013,2110,2117,2143,2148,care,33,31,care,OTHER
10015,10021,2147,2116,2197,2147,benefit,50,31,benefit,OTHER
10079,10081,562,2140,602,2167,143,40,27,143,OTHER
10087,10098,136,2178,230,2206,nonqualified,94,28,nonqualified,OTHER
10100,10104,234,2176,282,2206,plans,48,30,plans,OTHER
10123,10124,415,2176,435,2207,2a,20,31,2a,OTHER
10126,10128,441,2176,465,2206,see,24,30,see,OTHER
10130,10141,471,2175,557,2206,instructions,86,31,instructions,OTHER
10143,10145,562,2175,583,2205,for,21,30,for,OTHER
10147,10149,588,2175,615,2205,box,27,30,box,OTHER
10151,10152,620,2174,640,2204,12,20,30,12,OTHER
10173,10184,906,2176,998,2205,nonqualified,92,29,nonqualified,OTHER
10186,10190,1003,2175,1050,2205,plans,47,30,plans,OTHER
10213,10214,1186,2176,1208,2207,2a,22,31,2a,OTHER
10216,10218,1213,2176,1239,2207,see,26,31,see,OTHER
10220,10231,1243,2176,1331,2207,instructions,88,31,instructions,OTHER
10233,10235,1336,2176,1356,2206,for,20,30,for,OTHER
10237,10239,1360,2175,1390,2205,box,30,30,box,OTHER
10241,10242,1394,2174,1412,2204,12,18,30,12,OTHER
10268,10279,1717,2176,1810,2207,nonqualified,93,31,nonqualified,OTHER
10281,10285,1815,2176,1867,2207,plans,52,31,plans,OTHER
10309,10310,2002,2178,2021,2207,2a,19,29,2a,OTHER
10312,10314,2026,2177,2052,2207,see,26,30,see,OTHER
10316,10327,2056,2175,2144,2207,instructions,88,32,instructions,OTHER
10329,10331,2148,2175,2169,2206,for,21,31,for,OTHER
10333,10335,2172,2174,2203,2206,box,31,32,box,OTHER
10337,10338,2206,2174,2227,2206,12,21,32,12,OTHER
10425,10426,868,2233,891,2259,14,23,26,14,OTHER
10428,10431,910,2232,943,2256,othe,33,24,othe,OTHER
10487,10490,1315,2222,1377,2260,1292,62,38,1292,OTHER
10525,10528,1725,2233,1755,2252,othe,30,19,othe,OTHER
10656,10658,1177,2241,1220,2277,72c,43,36,72c,OTHER
10769,10769,2127,2252,2143,2287,1,16,35,1,OTHER
10771,10773,2148,2253,2194,2290,174,46,37,174,OTHER
10813,10819,420,2298,476,2334,statemp,56,36,statemp,OTHER
10821,10824,482,2297,503,2333,"ret,",21,36,"ret,",OTHER
10826,10829,508,2295,551,2333,plan,43,38,plan,OTHER
10831,10833,561,2294,577,2331,ard,16,37,ard,OTHER
10835,10839,584,2292,612,2330,party,28,38,party,OTHER
10841,10844,619,2291,639,2329,sick,20,38,sick,OTHER
10846,10848,645,2290,674,2328,pay,29,38,pay,OTHER
10899,10902,1212,2299,1247,2337,*emp,35,38,*emp,OTHER
10904,10907,1254,2298,1274,2337,ret.,20,39,ret.,OTHER
10909,10912,1281,2296,1326,2336,plan,45,40,plan,OTHER
10914,10916,1333,2294,1351,2334,ard,18,40,ard,OTHER
10918,10922,1357,2292,1385,2332,party,28,40,party,OTHER
10924,10927,1391,2289,1413,2330,sick,22,41,sick,OTHER
10929,10931,1418,2286,1445,2327,pay,27,41,pay,OTHER
10995,10998,2009,2289,2029,2326,stat,20,37,stat,OTHER
11000,11002,2035,2290,2062,2326,emp,27,36,emp,OTHER
11004,11006,2069,2290,2084,2327,ret,15,37,ret,OTHER
11008,11008,602,2563,613,2590,.,11,27,.,OTHER
11010,11013,2095,2291,2138,2327,plan,43,36,plan,OTHER
11015,11017,2147,2291,2162,2327,ard,15,36,ard,OTHER
11019,11023,2169,2291,2198,2326,party,29,35,party,OTHER
11025,11028,2204,2291,2227,2326,sick,23,35,sick,OTHER
11030,11032,2233,2291,2258,2325,pay,25,34,pay,OTHER
11034,11036,99,2335,127,2361,elf,28,26,elf,OTHER
11038,11046,134,2337,215,2366,employees,81,29,employees,OTHER
11048,11052,219,2338,264,2367,name.,45,29,name.,OTHER
11054,11060,268,2336,328,2367,address,60,31,address,OTHER
11062,11064,332,2334,361,2365,and,29,31,and,OTHER
11066,11068,365,2332,390,2364,zip,25,32,zip,OTHER
11070,11073,393,2329,437,2362,code,44,33,code,OTHER
11119,11121,866,2336,896,2364,eff,30,28,eff,OTHER
11123,11131,901,2337,983,2366,employees,82,29,employees,OTHER
11133,11137,987,2337,1032,2366,name.,45,29,name.,OTHER
11139,11145,1036,2335,1098,2366,address,62,31,address,OTHER
11147,11149,1101,2334,1129,2364,and,28,30,and,OTHER
11151,11153,1132,2333,1158,2363,zip,26,30,zip,OTHER
11155,11158,1162,2330,1207,2362,code,45,32,code,OTHER
11216,11218,1679,2336,1712,2365,elf,33,29,elf,OTHER
11220,11228,1715,2337,1795,2367,employees,80,30,employees,OTHER
11230,11234,1799,2336,1846,2367,name.,47,31,name.,OTHER
11236,11242,1850,2335,1910,2366,address,60,31,address,OTHER
11244,11246,1913,2334,1942,2365,and,29,31,and,OTHER
11248,11250,1946,2333,1971,2364,zip,25,31,zip,OTHER
11252,11255,1975,2331,2020,2362,code,45,31,code,OTHER
11264,11269,154,2381,237,2410,angela,83,29,angela,OTHER
11271,11276,243,2381,327,2409,warren,84,28,warren,OTHER
11351,11356,946,2380,1030,2411,angela,84,31,angela,OTHER
11358,11363,1036,2380,1121,2410,warren,85,30,warren,OTHER
11449,11454,1759,2381,1842,2408,angela,83,27,angela,OTHER
11456,11461,1849,2380,1933,2407,warren,84,27,warren,OTHER
11470,11471,167,2407,199,2436,91,32,29,91,OTHER
11473,11479,206,2406,304,2435,simmons,98,29,simmons,OTHER
11481,11483,308,2407,354,2439,row,46,32,row,OTHER
11557,11559,947,2407,990,2433,691,43,26,691,OTHER
11561,11567,999,2406,1095,2436,simmons,96,30,simmons,OTHER
11569,11571,1101,2410,1145,2440,row,44,30,row,OTHER
11655,11657,1761,2406,1806,2437,691,45,31,691,OTHER
11659,11665,1811,2406,1910,2434,simmons,99,28,simmons,OTHER
11667,11669,1915,2408,1961,2438,row,46,30,row,OTHER
11677,11687,153,2433,305,2463,beasleyberg,152,30,beasleyberg,OTHER
11689,11690,336,2434,369,2461,ga,33,27,ga,OTHER
11692,11701,402,2433,538,2463,40331-3421,136,30,40331-3421,OTHER
11765,11775,946,2433,1098,2463,beasleyberg,152,30,beasleyberg,OTHER
11777,11778,1129,2433,1162,2460,ga,33,27,ga,OTHER
11780,11789,1194,2433,1330,2462,40331-3421,136,29,40331-3421,OTHER
11862,11872,1758,2433,1910,2464,beasleyberg,152,31,beasleyberg,OTHER
11874,11875,1941,2432,1975,2462,ga,34,30,ga,OTHER
11877,11886,2008,2433,2143,2462,40331-3421,135,29,40331-3421,OTHER
11900,11900,213,2459,230,2484,o,17,25,o,OTHER
11903,11903,1367,2507,1388,2537,5,21,30,5,OTHER
11905,11909,138,2501,183,2529,state,45,28,state,OTHER
11911,11919,236,2503,305,2535,splovers',69,32,splovers',OTHER
11921,11925,309,2500,340,2530,state,31,30,state,OTHER
11927,11928,343,2500,359,2528,id,16,28,id,OTHER
11930,11932,362,2498,399,2528,no.,37,30,no.,OTHER
11934,11935,406,2498,432,2527,16,26,29,16,OTHER
11937,11941,444,2498,482,2529,state,38,31,state,OTHER
11943,11948,486,2499,538,2532,wanes.,52,33,wanes.,OTHER
11950,11954,541,2502,588,2536,tips.,47,34,tips.,OTHER
11988,11989,869,2500,891,2526,15,22,26,15,OTHER
11991,11995,906,2502,951,2533,state,45,31,state,OTHER
12007,12016,1019,2500,1098,2535,emplovers',79,35,emplovers',OTHER
12018,12022,1101,2498,1134,2529,state,33,31,state,OTHER
12024,12025,1137,2498,1151,2528,id,14,30,id,OTHER
12027,12028,1155,2497,1176,2528,no,21,31,no,OTHER
12030,12031,1180,2497,1208,2527,16,28,30,16,OTHER
12033,12037,1218,2497,1256,2528,state,38,31,state,OTHER
12039,12043,1260,2499,1304,2530,wades,44,31,wades,OTHER
12045,12045,1309,2561,1311,2590,.,2,29,.,OTHER
12047,12051,1315,2502,1363,2535,tips.,48,33,tips.,OTHER
12055,12055,1871,2506,1874,2538,3,3,32,3,OTHER
12084,12085,1679,2499,1705,2527,15,26,28,15,OTHER
12087,12091,1717,2499,1767,2532,state,50,33,state,OTHER
12104,12105,1834,2508,1859,2543,35,25,35,35,OTHER
12111,12115,1878,2503,1909,2537,vets',31,34,vets',OTHER
12117,12121,1914,2500,1945,2534,state,31,34,state,OTHER
12123,12124,1949,2499,1964,2531,id,15,32,id,OTHER
12126,12127,1968,2498,1987,2530,no,19,32,no,OTHER
12129,12130,1992,2497,2023,2529,16,31,32,16,OTHER
12132,12136,2032,2497,2067,2529,state,35,32,state,OTHER
12138,12142,2072,2498,2115,2531,wanes,43,33,wanes,OTHER
12144,12144,534,2559,539,2587,",",5,28,",",OTHER
12146,12150,2129,2501,2164,2535,tips.,35,34,tips.,OTHER
12152,12153,2169,2504,2201,2540,85,32,36,85,OTHER
12158,12162,142,2559,180,2582,state,38,23,state,OTHER
12164,12169,182,2558,240,2582,income,58,24,income,OTHER
12171,12173,241,2556,268,2582,tax,27,26,tax,OTHER
12198,12202,443,2555,483,2585,local,40,30,local,OTHER
12204,12208,486,2556,532,2587,wades,46,31,wades,OTHER
12210,12210,571,2561,578,2588,",",7,27,",",OTHER
12212,12215,542,2559,568,2588,tips,26,29,tips,OTHER
12219,12221,581,2562,599,2589,etc,18,27,etc,OTHER
12223,12223,985,2574,990,2596,.,5,22,.,OTHER
12281,12282,1178,2553,1210,2585,18,32,32,18,OTHER
12284,12288,1216,2554,1256,2587,local,40,33,local,OTHER
12290,12294,1261,2557,1305,2589,wanes,44,32,wanes,OTHER
12296,12296,1393,2571,1397,2598,.,4,27,.,OTHER
12298,12304,1315,2562,1370,2595,tip5094,55,33,tip5094,OTHER
12306,12307,1374,2568,1388,2597,49,14,29,49,OTHER
12309,12309,1394,2775,1398,2804,.,4,29,.,OTHER
12338,12339,1683,2553,1706,2579,17,23,26,17,OTHER
12341,12345,1724,2557,1763,2583,state,39,26,state,OTHER
12347,12352,1764,2559,1821,2585,income,57,26,income,OTHER
12354,12356,1822,2561,1842,2585,tax,20,24,tax,OTHER
12381,12382,1994,2555,2020,2584,18,26,29,18,OTHER
12384,12388,2030,2555,2070,2586,local,40,31,local,OTHER
12390,12395,2073,2556,2126,2589,wanes.,53,33,wanes.,OTHER
12397,12401,2130,2560,2162,2592,tips.,32,32,tips.,OTHER
12403,12405,2165,2564,2217,2597,909,52,33,909,OTHER
12411,12414,151,2575,188,2601,3245,37,26,3245,OTHER
12416,12418,189,2572,230,2599,.08,41,27,.08,OTHER
12498,12501,945,2571,983,2596,3245,38,25,3245,OTHER
12505,12506,991,2574,1022,2598,08,31,24,08,OTHER
12509,12510,100,2616,126,2645,19,26,29,19,OTHER
12512,12516,140,2619,180,2647,local,40,28,local,OTHER
12518,12523,184,2621,238,2647,income,54,26,income,OTHER
12525,12527,242,2620,262,2646,tax,20,26,tax,OTHER
12552,12553,409,2616,431,2642,20,22,26,20,OTHER
12555,12562,443,2616,502,2644,locality,59,28,locality,OTHER
12564,12567,505,2617,558,2646,name,53,29,name,OTHER
12594,12595,868,2616,892,2643,19,24,27,19,OTHER
12597,12601,908,2619,948,2647,local,40,28,local,OTHER
12603,12607,951,2622,1000,2652,incom,49,30,incom,OTHER
12609,12610,1002,2626,1025,2653,85,23,27,85,OTHER
12633,12634,1178,2613,1206,2641,20,28,28,20,OTHER
12636,12643,1216,2614,1276,2644,locality,60,30,locality,OTHER
12645,12648,1279,2616,1331,2646,name,52,30,name,OTHER
12691,12692,1681,2615,1707,2644,19,26,29,19,OTHER
12694,12698,1723,2618,1762,2648,local,39,30,local,OTHER
12700,12708,1765,2621,1838,2654,incoming5,73,33,incoming5,OTHER
12734,12741,2028,2614,2087,2646,locality,59,32,locality,OTHER
12743,12746,2090,2619,2145,2650,name,55,31,name,OTHER
12748,12754,2149,2624,2220,2658,jackson,71,34,jackson,OTHER
12756,12759,638,2635,673,2660,loop,35,25,loop,OTHER
12823,12829,563,2632,635,2659,jackson,72,27,jackson,OTHER
12831,12834,1410,2635,1452,2662,loop,42,27,loop,OTHER
12900,12906,1336,2631,1408,2659,jackson,72,28,jackson,OTHER
12908,12911,2223,2633,2260,2662,loop,37,29,loop,OTHER
12931,12937,229,2677,315,2705,federal,86,28,federal,OTHER
12957,12962,417,2681,468,2705,filing,51,24,filing,OTHER
12979,12982,592,2679,641,2702,copy,49,23,copy,OTHER
13019,13026,1017,2674,1108,2709,mi.state,91,35,mi.state,OTHER
13040,13045,1189,2683,1238,2705,filing,49,22,filing,OTHER
13058,13061,1367,2676,1415,2701,copy,48,25,copy,OTHER
13114,13117,1812,2675,1851,2705,city,39,30,city,OTHER
13119,13120,1855,2675,1875,2705,or,20,30,or,OTHER
13122,13126,1879,2675,1947,2713,local,68,38,local,OTHER
13128,13133,2002,2681,2055,2708,filing,53,27,filing,OTHER
13153,13156,2179,2678,2229,2701,copy,50,23,copy,OTHER
13189,13192,325,2706,388,2734,wage,63,28,wage,OTHER
13194,13196,426,2702,468,2725,and,42,23,and,OTHER
13198,13200,505,2706,539,2728,tax,34,22,tax,OTHER
13282,13284,1197,2700,1239,2729,and,42,29,and,OTHER
13286,13288,1277,2703,1311,2727,tax,34,24,tax,OTHER
13369,13372,1921,2705,1984,2734,wage,63,29,wage,OTHER
13374,13376,2010,2702,2052,2732,and,42,30,and,OTHER
13378,13380,2091,2703,2127,2726,tax,36,23,tax,OTHER
13413,13421,319,2731,416,2756,statement,97,25,statement,OTHER
13446,13449,582,2742,668,2774,2018,86,32,2018,OTHER
13467,13469,107,2743,174,2771,w-2,67,28,w-2,OTHER
13525,13528,1359,2740,1443,2772,2018,84,32,2018,OTHER
13566,13568,1687,2742,1753,2773,w-2,66,31,w-2,OTHER
13592,13600,1911,2729,2010,2753,statement,99,24,statement,OTHER
13620,13623,2167,2742,2253,2774,2018,86,32,2018,OTHER
13626,13628,875,2744,943,2770,w-2,68,26,w-2,OTHER
13630,13633,99,2779,132,2806,copy,33,27,copy,OTHER
13635,13635,136,2780,148,2807,b,12,27,b,OTHER
13637,13638,152,2780,163,2807,to,11,27,to,OTHER
13640,13641,168,2780,184,2807,be,16,27,be,OTHER
13643,13647,189,2781,218,2807,filed,29,26,filed,OTHER
13649,13652,223,2781,250,2807,with,27,26,with,OTHER
13654,13663,255,2781,329,2807,employee's,74,26,employee's,OTHER
13665,13671,334,2781,385,2806,federal,51,25,federal,OTHER
13673,13678,390,2781,440,2806,income,50,25,income,OTHER
13680,13682,445,2780,468,2804,tax,23,24,tax,OTHER
13684,13689,473,2779,519,2804,return,46,25,return,OTHER
13691,13693,560,2778,596,2809,omb,36,31,omb,OTHER
13695,13697,599,2777,626,2806,no.,27,29,no.,OTHER
13699,13707,629,2777,712,2808,1545-0008,83,31,1545-0008,OTHER
13715,13718,867,2779,902,2807,copy,35,28,copy,OTHER
13722,13723,918,2778,930,2805,to,12,27,to,OTHER
13725,13726,935,2778,951,2806,be,16,28,be,OTHER
13728,13732,956,2779,983,2807,filed,27,28,filed,OTHER
13734,13734,988,2780,997,2808,w,9,28,w,OTHER
13739,13743,1060,2780,1097,2807,yee's,37,27,yee's,OTHER
13745,13749,1100,2780,1137,2806,state,37,26,state,OTHER
13751,13756,1141,2779,1193,2806,income,52,27,income,OTHER
13758,13760,1197,2779,1220,2805,tax,23,26,tax,OTHER
13762,13767,1225,2779,1269,2804,return,44,25,return,OTHER
13770,13772,1334,2777,1369,2809,ome,35,32,ome,OTHER
13774,13775,1373,2776,1389,2805,no,16,29,no,OTHER
13779,13787,1403,2775,1473,2807,1545-0008,70,32,1545-0008,OTHER
13812,13815,1680,2779,1715,2805,copy,35,26,copy,OTHER
13819,13820,1732,2780,1743,2806,to,11,26,to,OTHER
13822,13823,1748,2780,1764,2807,be,16,27,be,OTHER
13825,13829,1769,2780,1797,2807,filed,28,27,filed,OTHER
13831,13834,1802,2781,1831,2807,with,29,26,with,OTHER
13847,13848,1987,2782,2000,2804,al,13,22,al,OTHER
13850,13855,2002,2781,2056,2806,income,54,25,income,OTHER
13857,13859,2059,2781,2083,2807,tax,24,26,tax,OTHER
13861,13866,2085,2780,2139,2807,return,54,27,return,OTHER
13868,13870,2148,2779,2184,2808,omb,36,29,omb,OTHER
13872,13874,2186,2779,2214,2808,no.,28,29,no.,OTHER
13876,13884,2216,2777,2297,2807,1545-0008,81,30,1545-0008,OTHER
