start_index,end_index,x_top_left,y_top_left,x_bottom_right,y_bottom_right,transcript,box_width,box_height,combined_text,predicted_field
0,0,159,391,229,413,employer's,70,22,employer's,OTHER
0,0,149,891,206,908,1815.06,57,17,1815.06,OTHER
21,26,191,29,239,47,"wages,",48,18,"wages,",OTHER
28,32,240,34,270,49,"tips,",30,15,"tips,",OTHER
34,38,271,37,306,53,other,35,16,other,OTHER
40,44,307,40,345,56,comp.,38,16,comp.,OTHER
73,80,223,49,286,68,41296.39,63,19,41296.39,OTHER
107,107,415,46,425,60,2,10,14,2,OTHER
109,115,441,49,492,68,federal,51,19,federal,OTHER
117,122,494,54,542,73,income,48,19,income,OTHER
124,126,544,59,567,75,tax,23,16,tax,OTHER
128,135,569,61,625,80,withheld,56,19,withheld,OTHER
153,153,156,76,165,89,3,9,13,3,OTHER
155,160,187,80,228,98,social,41,18,social,OTHER
162,169,230,85,280,103,security,50,18,security,OTHER
171,175,282,90,324,106,wages,42,16,wages,OTHER
220,224,541,77,581,93,14929,40,16,14929,box2FederalIncomeTaxWithheld
226,228,582,80,605,96,.48,23,16,.48,OTHER
256,260,219,101,258,117,32567,39,16,32567,OTHER
262,262,259,105,265,118,.,6,13,.,box3SocialSecurityWages
264,265,266,105,279,119,62,13,14,62,box3SocialSecurityWages
290,290,411,98,420,109,a,9,11,a,OTHER
295,300,438,102,480,119,social,42,17,social,OTHER
302,309,480,106,531,124,security,51,18,security,OTHER
311,313,532,111,556,127,tax,24,16,tax,OTHER
315,322,556,113,615,131,withheld,59,18,withheld,OTHER
338,338,151,127,160,140,5,9,13,5,OTHER
340,347,180,132,242,151,medicare,62,19,medicare,OTHER
349,353,243,138,288,155,wages,45,17,wages,OTHER
355,357,289,142,315,158,and,26,16,and,OTHER
359,362,316,145,340,160,tips,24,15,tips,OTHER
406,409,537,129,569,144,2491,32,15,2491,OTHER
411,413,570,132,592,146,.42,22,14,.42,OTHER
440,445,214,152,260,169,48493.,46,17,48493.,OTHER
447,448,261,157,278,171,05,17,14,05,OTHER
474,474,406,150,416,164,6,10,14,6,OTHER
476,483,431,153,493,173,medicare,62,20,medicare,OTHER
485,487,494,159,517,175,tax,23,16,tax,OTHER
489,496,518,162,575,179,withheld,57,17,withheld,OTHER
511,511,149,180,159,193,d,10,13,d,OTHER
512,518,173,183,222,201,control,49,18,control,OTHER
520,525,223,188,274,205,number,51,17,number,OTHER
539,545,144,197,200,217,3927326,56,20,3927326,OTHER
572,575,337,196,366,214,dept,29,18,dept,OTHER
577,581,401,202,431,220,corp.,30,18,corp.,OTHER
608,613,531,181,580,197,1406.3,49,16,1406.3,OTHER
664,666,355,215,375,231,150,20,16,150,OTHER
680,680,141,233,151,246,c,10,13,c,OTHER
682,689,577,218,632,238,employer,55,20,employer,OTHER
693,697,244,242,287,260,"name,",43,18,"name,",OTHER
699,706,289,246,345,265,"address,",56,19,"address,",OTHER
708,710,346,251,372,267,and,26,16,and,OTHER
712,714,374,253,396,269,zip,22,16,zip,OTHER
716,719,397,255,432,272,code,35,17,code,OTHER
749,749,527,232,537,245,a,10,13,a,OTHER
760,762,634,224,658,240,use,24,16,use,OTHER
763,764,652,241,667,255,36,15,14,36,OTHER
765,768,659,227,684,242,only,25,15,only,OTHER
793,800,204,259,296,284,"hubbard,",92,25,"hubbard,",employerName
802,808,304,267,381,292,simpson,77,25,simpson,employerName
810,812,391,275,426,296,and,35,21,and,employerName
814,820,432,279,514,304,mcbride,82,25,mcbride,employerName
822,826,521,287,578,310,group,57,23,group,employerName
851,855,202,283,260,307,94832,58,24,94832,employerName
857,862,268,290,337,314,spears,69,24,spears,employerAddressStreet_name
864,873,345,297,455,324,extensions,110,27,extensions,employerAddressZip
898,912,200,311,366,343,christopherport,166,32,christopherport,employerAddressCity
975,976,418,330,442,348,dc,24,18,dc,employerAddressState
978,987,475,334,584,360,89689-1939,109,26,89689-1939,employerAddressZip
1043,1047,385,371,446,394,batch,61,23,batch,OTHER
1067,1072,509,380,584,406,#02021,75,26,#02021,OTHER
1084,1084,127,387,138,401,b,11,14,b,OTHER
1086,1095,171,235,243,256,employer's,72,21,employer's,OTHER
1097,1099,231,398,258,415,fed,27,17,fed,OTHER
1101,1102,260,401,275,416,id,15,15,id,OTHER
1104,1109,277,402,327,420,number,50,18,number,OTHER
1132,1141,190,412,271,433,91-8133210,81,21,91-8133210,einEmployerIdentificationNumber
1170,1179,410,413,485,435,employee's,75,22,employee's,OTHER
1181,1183,487,420,514,438,ssa,27,18,ssa,OTHER
1185,1190,516,422,566,442,number,50,20,number,OTHER
1207,1212,156,444,196,461,social,40,17,social,OTHER
1214,1221,197,448,249,466,security,52,18,security,OTHER
1223,1226,250,453,274,469,tips,24,16,tips,OTHER
1248,1252,186,464,226,480,32567,40,16,32567,OTHER
1254,1254,227,468,233,481,.,6,13,.,OTHER
1256,1257,234,468,249,483,62,15,15,62,OTHER
1286,1294,405,466,466,485,allocated,61,19,allocated,OTHER
1296,1299,468,472,492,488,tips,24,16,tips,OTHER
1315,1326,149,495,224,516,verification,75,21,verification,OTHER
1328,1331,226,503,262,519,code,36,16,code,OTHER
1378,1382,505,493,545,508,48493,40,15,48493,OTHER
1384,1384,546,496,551,508,.,5,12,.,OTHER
1386,1387,553,497,569,511,05,16,14,05,OTHER
1442,1443,374,514,391,530,10,17,16,10,OTHER
1445,1453,403,517,474,538,dependent,71,21,dependent,OTHER
1455,1458,476,524,506,540,care,30,16,care,OTHER
1460,1467,508,527,560,545,benefits,52,18,benefits,OTHER
1477,1478,115,544,133,559,11,18,15,11,OTHER
1480,1491,147,547,232,569,nonqualified,85,22,nonqualified,OTHER
1493,1497,233,555,271,572,plans,38,17,plans,OTHER
1544,1546,501,544,523,558,195,22,14,195,OTHER
1567,1569,177,567,200,583,251,23,16,251,OTHER
1600,1602,369,566,393,582,12a,24,16,12a,OTHER
1604,1606,400,569,426,585,see,26,16,see,OTHER
1608,1619,427,572,501,592,instructions,74,20,instructions,OTHER
1621,1623,503,579,523,594,for,20,15,for,OTHER
1625,1627,524,581,552,597,box,28,16,box,OTHER
1629,1630,554,583,570,598,12,16,15,12,OTHER
1639,1640,111,596,126,610,14,15,14,14,OTHER
1642,1646,147,600,185,616,other,38,16,other,OTHER
1721,1721,481,614,490,626,1,9,12,1,OTHER
1723,1726,493,615,525,629,9180,32,14,9180,OTHER
1779,1781,364,637,385,652,12c,21,15,12c,OTHER
1802,1804,493,632,518,645,880,25,13,880,OTHER
1856,1858,363,654,385,669,12d,22,15,12d,OTHER
1879,1879,480,649,489,664,1,9,15,1,OTHER
1881,1883,492,650,515,664,129,23,14,129,OTHER
1935,1936,360,673,374,688,13,14,15,13,OTHER
1938,1941,375,675,397,690,stat,22,15,stat,OTHER
1944,1946,398,677,421,693,emp,23,16,emp,OTHER
1948,1951,423,680,445,695,ret.,22,15,ret.,OTHER
1953,1956,447,682,473,697,plan,26,15,plan,OTHER
1959,1961,490,667,513,679,920,23,12,920,OTHER
1962,1966,507,687,538,704,party,31,17,party,OTHER
1968,1971,539,690,563,706,sick,24,16,sick,OTHER
1973,1975,564,692,586,708,pay,22,16,pay,OTHER
2050,2052,486,684,505,700,3rd,19,16,3rd,OTHER
2059,2061,101,685,125,703,elf,24,18,elf,OTHER
2063,2071,132,688,203,711,employees,71,23,employees,OTHER
2073,2077,205,696,248,715,"name,",43,19,"name,",OTHER
2079,2085,249,700,300,719,address,51,19,address,OTHER
2087,2089,302,705,328,721,and,26,16,and,OTHER
2091,2093,330,708,353,723,zip,23,15,zip,OTHER
2095,2098,354,710,385,725,code,31,15,code,OTHER
2117,2121,162,730,220,754,randy,58,24,randy,OTHER
2123,2131,250,736,350,762,gutierrez,100,26,gutierrez,employeeName
2149,2153,162,756,217,778,84695,55,22,84695,OTHER
2155,2157,228,761,259,782,tom,31,21,tom,OTHER
2159,2164,270,764,339,789,brooks,69,25,brooks,OTHER
2166,2169,348,771,395,793,apt.,47,22,apt.,OTHER
2171,2173,403,776,437,796,469,34,20,469,OTHER
2190,2198,158,783,257,807,davidview,99,24,davidview,OTHER
2216,2217,312,794,335,811,nd,23,17,nd,OTHER
2219,2228,357,797,468,825,54840-2853,111,28,54840-2853,OTHER
2234,2235,92,814,107,828,15,15,14,15,OTHER
2237,2241,125,819,159,834,state,34,15,state,OTHER
2256,2265,217,827,283,846,employers',66,19,employers',OTHER
2267,2271,283,832,316,849,state,33,17,state,OTHER
2273,2276,317,835,346,852,ding,29,17,ding,OTHER
2278,2279,345,838,363,853,16,18,15,16,OTHER
2281,2285,380,840,413,858,state,33,18,state,OTHER
2287,2292,415,843,462,862,"wages,",47,19,"wages,",OTHER
2294,2298,464,848,492,865,"tips,",28,17,"tips,",OTHER
2300,2303,494,851,520,867,etc.,26,16,etc.,OTHER
2319,2320,153,838,170,851,pa,17,13,pa,OTHER
2322,2330,215,844,285,863,95-41-577,70,19,95-41-577,OTHER
2335,2336,87,866,103,881,17,16,15,17,OTHER
2338,2342,125,870,158,887,state,33,17,state,OTHER
2344,2349,161,875,209,892,income,48,17,income,OTHER
2351,2353,211,879,233,893,tax,22,14,tax,OTHER
2403,2407,472,866,512,883,19867,40,17,19867,OTHER
2409,2411,513,870,537,886,.52,24,16,.52,OTHER
2426,2427,341,887,354,902,18,13,15,18,OTHER
2428,2429,184,946,200,961,15,16,15,15,OTHER
2460,2461,516,922,533,937,18,17,15,18,OTHER
2463,2467,374,890,413,909,local,39,19,local,OTHER
2469,2473,413,896,453,914,wages,40,18,wages,OTHER
2475,2480,454,901,491,917,".tips,",37,16,".tips,",OTHER
2482,2485,492,904,519,918,etc.,27,14,etc.,OTHER
2489,2490,82,917,96,931,19,14,14,19,OTHER
2492,2496,119,922,156,939,local,37,17,local,OTHER
2498,2503,157,926,207,943,income,50,17,income,OTHER
2505,2507,208,931,232,945,tax,24,14,tax,OTHER
2557,2562,468,917,514,935,38382.,46,18,38382.,OTHER
2582,2586,145,943,183,958,4332.,38,15,4332.,OTHER
2614,2615,337,939,355,956,20,18,17,20,OTHER
2617,2624,369,944,422,963,locality,53,19,locality,OTHER
2626,2629,423,950,461,967,name,38,17,name,OTHER
2654,2660,201,982,265,1006,federal,64,24,federal,OTHER
2700,2706,462,969,521,990,gilbert,59,21,gilbert,OTHER
2708,2713,527,976,576,993,stream,49,17,stream,OTHER
2761,2766,338,994,386,1020,filing,48,26,filing,OTHER
2769,2771,75,1024,146,1062,w-2,71,38,w-2,OTHER
2803,2806,268,1013,324,1037,wage,56,24,wage,OTHER
2808,2810,343,1021,377,1041,and,34,20,and,OTHER
2812,2814,410,1025,439,1045,tax,29,20,tax,OTHER
2816,2819,471,1007,516,1031,copy,45,24,copy,OTHER
2853,2861,258,1037,348,1063,statement,90,26,statement,OTHER
2863,2866,68,1064,100,1083,copy,32,19,copy,OTHER
2868,2868,102,1067,112,1084,b,10,17,b,OTHER
2870,2871,114,1068,129,1086,to,15,18,to,OTHER
2873,2874,130,1070,145,1087,be,15,17,be,OTHER
2876,2880,146,1071,172,1090,filed,26,19,filed,OTHER
2882,2885,174,1074,200,1092,with,26,18,with,OTHER
2887,2896,201,1076,269,1098,employee's,68,22,employee's,OTHER
2898,2904,270,1082,315,1102,federal,45,20,federal,OTHER
2906,2911,316,1086,362,1106,income,46,20,income,OTHER
2913,2915,364,1090,386,1108,tax,22,18,tax,OTHER
2917,2922,388,1092,429,1111,return,41,19,return,OTHER
2924,2927,461,1058,542,1096,2018,81,38,2018,taxYear
2996,2998,450,1097,482,1115,omb,32,18,omb,OTHER
3000,3002,483,1100,507,1117,no.,24,17,no.,OTHER
3004,3012,509,1103,570,1122,1545-0008,61,19,1545-0008,OTHER
