start_index,end_index,x_top_left,y_top_left,x_bottom_right,y_bottom_right,transcript,box_width,box_height,combined_text,predicted_field
0,0,1679,982,1731,1008,31943.,52,26,31943.,OTHER
0,0,2017,994,2059,1018,17.48,42,24,17.48,OTHER
0,0,151,2575,189,2602,2188,38,27,2188,OTHER
108,111,1035,253,1156,305,2018,121,52,2018,OTHER
132,134,1171,254,1276,306,w-2,105,52,w-2,OTHER
147,149,1287,255,1389,307,and,102,52,and,OTHER
165,172,1401,255,1691,307,earnings,290,52,earnings,OTHER
194,200,1709,253,1995,306,summary,286,53,summary,OTHER
256,258,2225,245,2311,291,adp,86,46,adp,OTHER
278,285,222,317,319,344,employee,97,27,employee,OTHER
298,306,391,313,498,346,reference,107,33,reference,OTHER
312,315,592,316,643,342,copy,51,26,copy,OTHER
359,361,964,314,1006,344,his,42,30,his,OTHER
363,366,1010,314,1072,343,blue,62,29,blue,OTHER
368,375,1076,314,1196,343,earnings,120,29,earnings,OTHER
377,383,1200,314,1329,342,summary,129,28,summary,OTHER
385,391,1334,314,1430,342,section,96,28,section,OTHER
393,394,1435,314,1459,342,is,24,28,is,OTHER
396,403,1464,314,1579,342,included,115,28,included,OTHER
405,408,1584,314,1639,342,with,55,28,with,OTHER
410,413,1644,314,1705,342,your,61,28,your,OTHER
415,417,1710,314,1767,342,w-2,57,28,w-2,OTHER
419,420,1772,314,1799,343,to,27,29,to,OTHER
422,425,1805,314,1863,343,help,58,29,help,OTHER
427,434,1875,313,1983,344,describe,108,31,describe,OTHER
436,443,1989,313,2096,344,portions,107,31,portions,OTHER
445,446,2101,313,2129,345,in,28,32,in,OTHER
448,451,2134,312,2206,346,more,72,34,more,OTHER
453,459,2214,312,2287,346,detail.,73,34,detail.,OTHER
491,494,329,351,386,376,wage,57,25,wage,OTHER
496,498,428,346,465,370,and,37,24,and,OTHER
500,502,506,346,544,372,tax,38,26,tax,OTHER
559,560,965,343,999,370,he,34,27,he,OTHER
562,568,1006,343,1107,370,reverse,101,27,reverse,OTHER
570,573,1114,343,1169,370,side,55,27,side,OTHER
575,582,1176,343,1289,370,includes,113,27,includes,OTHER
584,590,1294,343,1395,370,general,101,27,general,OTHER
592,602,1400,343,1547,370,information,147,27,information,OTHER
604,607,1554,343,1608,370,that,54,27,that,OTHER
609,611,1613,343,1660,370,you,47,27,you,OTHER
613,615,1666,343,1726,370,may,60,27,may,OTHER
617,620,1732,343,1787,370,also,55,27,also,OTHER
622,625,1793,343,1844,370,find,51,27,find,OTHER
627,634,1848,343,1946,370,helpful.,98,27,helpful.,OTHER
639,641,113,380,168,417,n-2,55,37,n-2,OTHER
666,674,324,371,405,396,statement,81,25,statement,OTHER
684,687,582,386,667,418,2018,85,32,2018,taxYear
690,693,98,432,134,458,copy,36,26,copy,OTHER
695,695,136,432,149,455,c,13,23,c,OTHER
697,699,152,431,172,454,for,20,23,for,OTHER
701,710,175,431,250,455,employee's,75,24,employee's,OTHER
712,719,252,432,321,460,records.,69,28,records.,OTHER
746,752,307,450,379,488,dept.50,72,38,dept.50,OTHER
768,770,565,422,595,448,dmb,30,26,dmb,OTHER
772,774,599,422,625,448,no.,26,26,no.,OTHER
776,784,629,421,709,448,1545-0008,80,27,1545-0008,OTHER
828,829,1025,425,1048,455,1.,23,30,1.,OTHER
831,833,1052,425,1096,455,the,44,30,the,OTHER
835,843,1100,424,1212,455,following,112,31,following,OTHER
845,855,1216,424,1353,454,information,137,30,information,OTHER
857,864,1357,424,1447,454,reflects,90,30,reflects,OTHER
866,869,1451,424,1507,455,your,56,31,your,OTHER
871,875,1511,424,1565,455,final,54,31,final,OTHER
877,880,1569,424,1625,455,2018,56,31,2018,OTHER
882,884,1629,424,1675,455,pay,46,31,pay,OTHER
886,889,1679,424,1733,455,stub,54,31,stub,OTHER
891,894,1737,424,1791,455,plus,54,31,plus,OTHER
896,898,1795,424,1839,455,any,44,31,any,OTHER
900,910,1843,424,1989,456,adjustments,146,32,adjustments,OTHER
912,920,1994,424,2113,456,submitted,119,32,submitted,OTHER
922,923,2117,425,2148,456,by,31,31,by,OTHER
925,928,2152,425,2209,457,your,57,32,your,OTHER
930,938,2214,425,2337,457,employer.,123,32,employer.,OTHER
941,941,99,454,117,478,d,18,24,d,OTHER
943,949,129,451,185,478,control,56,27,control,OTHER
951,956,187,445,256,476,number,69,31,number,OTHER
992,999,614,449,679,480,emplover,65,31,emplover,OTHER
1001,1003,684,450,709,479,use,25,29,use,OTHER
1005,1008,714,452,753,484,only,39,32,only,OTHER
1010,1011,758,458,781,488,36,23,30,36,OTHER
1013,1018,96,473,165,503,270519,69,30,270519,OTHER
1127,1131,1102,472,1144,499,gross,42,27,gross,OTHER
1133,1135,1148,468,1179,497,pay,31,29,pay,OTHER
1142,1149,1263,468,1335,496,131385.6,72,28,131385.6,OTHER
1172,1178,1637,467,1698,492,6324.53,61,25,6324.53,OTHER
1188,1195,1835,474,1898,499,nh.state,63,25,nh.state,OTHER
1197,1202,1903,473,1959,499,income,56,26,income,OTHER
1204,1206,1962,472,1988,498,tax,26,26,tax,OTHER
1208,1214,2070,465,2122,497,2188.48,52,32,2188.48,OTHER
1360,1362,1458,488,1480,515,tax,22,27,tax,OTHER
1364,1371,1483,485,1560,515,withheld,77,30,withheld,OTHER
1393,1395,1838,497,1866,517,box,28,20,box,OTHER
1397,1398,1868,498,1887,518,17,19,20,17,OTHER
1399,1404,1879,512,1935,536,income,56,24,income,OTHER
1592,1593,1889,498,1905,518,of,16,20,of,OTHER
1595,1597,1907,499,1944,520,w-2,37,21,w-2,OTHER
1598,1599,1938,513,1953,537,ta,15,24,ta,OTHER
1616,1616,206,515,214,542,s,8,27,s,OTHER
1618,1622,217,515,265,542,"name,",48,27,"name,",OTHER
1624,1631,268,514,334,542,"address,",66,28,"address,",OTHER
1633,1635,337,514,365,541,and,28,27,and,OTHER
1637,1639,367,514,395,541,zip,28,27,zip,OTHER
1641,1644,397,513,444,541,code,47,28,code,OTHER
1745,1747,1458,509,1482,537,box,24,28,box,OTHER
1749,1749,1484,509,1496,536,4,12,27,4,OTHER
1751,1752,1498,509,1513,535,of,15,26,of,OTHER
1754,1756,1516,509,1555,536,w-2,39,27,w-2,OTHER
1777,1781,1835,511,1876,535,local,41,24,local,OTHER
1797,1802,2079,508,2126,537,1590.8,47,29,1590.8,OTHER
1810,1813,152,538,205,565,gray,53,27,gray,employerName
1815,1815,208,537,225,563,",",17,26,",",employerName
1817,1821,228,535,303,563,moore,75,28,moore,employerName
1823,1825,309,535,355,562,and,46,27,and,employerName
1827,1834,359,535,470,565,robinson,111,30,robinson,employerName
1836,1840,477,535,548,568,group,71,33,group,employerName
1980,1982,1837,532,1865,561,box,28,29,box,OTHER
1984,1985,1868,531,1886,560,19,18,29,19,OTHER
1987,1988,1889,531,1904,560,of,15,29,of,OTHER
1990,1991,1907,533,1927,560,w-,20,27,w-,OTHER
1993,1993,1930,534,1941,561,2,11,27,2,OTHER
2004,2007,159,570,211,601,1905,52,31,1905,employerAddressStreet_name
2009,2012,217,569,277,597,lori,60,28,lori,employerAddressStreet_name
2014,2016,281,568,329,594,way,48,26,way,employerAddressStreet_name
2110,2113,1102,568,1132,595,fed.,30,27,fed.,OTHER
2115,2120,1136,568,1199,594,income,63,26,income,OTHER
2122,2128,1257,567,1315,591,31943.6,58,24,31943.6,OTHER
2138,2145,1453,567,1520,595,medicare,67,28,medicare,OTHER
2147,2149,1524,566,1550,593,tax,26,27,tax,OTHER
2156,2162,1668,566,1724,592,2436.06,56,26,2436.06,OTHER
2173,2176,159,593,213,624,port,54,31,port,employerAddressCity
2178,2182,217,592,293,621,linda,76,29,linda,employerAddressCity
2184,2185,307,592,337,621,wv,30,29,wv,employerAddressState
2187,2196,374,592,507,624,64689-7977,133,32,64689-7977,employerAddressZip
2278,2280,1101,592,1128,619,tax,27,27,tax,OTHER
2282,2289,1130,591,1198,618,withheld,68,27,withheld,OTHER
2308,2315,1454,592,1530,618,withheld,76,26,withheld,OTHER
2433,2435,1106,615,1129,642,box,23,27,box,OTHER
2437,2437,1134,617,1142,644,2,8,27,2,OTHER
2439,2440,1146,618,1162,644,of,16,26,of,OTHER
2442,2444,1166,618,1194,644,w-2,28,26,w-2,OTHER
2460,2462,1453,612,1483,642,box,30,30,box,OTHER
2464,2464,1485,616,1495,642,6,10,26,6,OTHER
2466,2467,1498,616,1515,643,of,17,27,of,OTHER
2469,2469,1517,616,1529,643,w,12,27,w,OTHER
2471,2471,1532,615,1536,643,-,4,28,-,OTHER
2473,2473,1539,614,1559,642,2,20,28,2,OTHER
2495,2497,1843,614,1865,640,box,22,26,box,OTHER
2499,2500,1869,613,1887,639,14,18,26,14,OTHER
2502,2503,1890,614,1903,641,of,13,27,of,OTHER
2505,2506,1907,616,1929,645,w-,22,29,w-,OTHER
2546,2550,407,682,475,713,batch,68,31,batch,OTHER
2580,2585,589,677,674,710,#02021,85,33,#02021,OTHER
2587,2589,98,728,128,754,eff,30,26,eff,OTHER
2591,2599,132,728,216,756,employees,84,28,employees,OTHER
2601,2604,219,728,256,756,name,37,28,name,OTHER
2606,2606,259,728,266,756,.,7,28,.,OTHER
2608,2614,269,728,329,756,address,60,28,address,OTHER
2616,2618,332,727,361,755,and,29,28,and,OTHER
2620,2622,363,726,391,755,zip,28,29,zip,OTHER
2624,2627,393,725,439,754,code,46,29,code,OTHER
2736,2737,1023,753,1047,781,2.,24,28,2.,OTHER
2739,2742,1052,753,1111,782,your,59,29,your,OTHER
2744,2748,1117,753,1187,782,gross,70,29,gross,OTHER
2750,2752,1192,754,1236,783,pay,44,29,pay,OTHER
2754,2756,1241,754,1291,783,was,50,29,was,OTHER
2758,2765,1296,754,1398,783,adjusted,102,29,adjusted,OTHER
2767,2768,1403,754,1431,783,as,28,29,as,OTHER
2770,2776,1436,753,1523,783,follows,87,30,follows,OTHER
2778,2779,1527,753,1554,783,to,27,30,to,OTHER
2781,2787,1558,753,1659,783,produce,101,30,produce,OTHER
2789,2792,1663,753,1718,783,your,55,30,your,OTHER
2794,2796,1722,752,1773,783,w-2,51,31,w-2,OTHER
2798,2807,1777,751,1901,782,statement.,124,31,statement.,OTHER
2815,2820,152,784,238,813,robert,86,29,robert,employeeName
2822,2829,269,783,383,813,richmond,114,30,richmond,employeeName
2838,2840,155,810,198,840,622,43,30,622,OTHER
2842,2846,206,811,275,841,singh,69,30,singh,OTHER
2848,2857,284,812,419,842,throughway,135,30,throughway,OTHER
2978,2983,1334,817,1389,844,"wages,",55,27,"wages,",OTHER
2985,2989,1394,816,1431,844,"tips,",37,28,"tips,",OTHER
2991,2994,1435,814,1465,842,othe,30,28,othe,OTHER
3000,3005,1582,815,1627,845,social,45,30,social,OTHER
3007,3011,1632,813,1675,843,secur,43,30,secur,OTHER
3014,3019,1680,813,1731,841,medica,51,28,medica,OTHER
3035,3042,1838,813,1900,846,nh.state,62,33,nh.state,OTHER
3044,3049,1905,808,1974,841,"wages,",69,33,"wages,",OTHER
3051,3055,1990,812,2040,842,ruben,50,30,ruben,OTHER
3057,3062,2044,812,2102,840,canyon,58,28,canyon,OTHER
3071,3080,154,839,292,871,wilsonland,138,32,wilsonland,OTHER
3082,3083,308,839,343,871,nc,35,32,nc,OTHER
3085,3094,349,837,477,871,77818-7115,128,34,77818-7115,OTHER
3244,3246,1334,857,1364,887,box,30,30,box,OTHER
3248,3248,1368,859,1375,888,1,7,29,1,OTHER
3250,3251,1380,859,1394,888,of,14,29,of,OTHER
3253,3253,1398,859,1409,887,w,11,28,w,OTHER
3255,3255,1413,859,1414,886,-,1,27,-,OTHER
3257,3257,1419,858,1439,886,2,20,28,2,OTHER
3266,3270,1583,841,1643,871,wages,60,30,wages,OTHER
3271,3275,1679,829,1742,860,wages,63,31,wages,OTHER
3301,3305,1837,839,1873,866,"tips,",36,27,"tips,",OTHER
3306,3307,1869,857,1886,886,16,17,29,16,OTHER
3308,3310,1877,840,1899,867,etc,22,27,etc,OTHER
3311,3312,1625,860,1640,892,of,15,32,of,OTHER
3314,3314,1644,860,1655,891,w,11,31,w,OTHER
3316,3316,1659,860,1662,891,-,3,31,-,OTHER
3522,3524,1836,856,1866,885,box,30,29,box,OTHER
3541,3545,1994,842,2033,869,local,39,27,local,OTHER
3547,3551,2036,842,2082,869,wages,46,27,wages,OTHER
3553,3553,2085,842,2095,867,",",10,25,",",OTHER
3723,3725,1578,861,1609,893,box,31,32,box,OTHER
3727,3727,1612,861,1621,892,3,9,31,3,OTHER
3729,3730,1724,860,1740,890,of,16,30,of,OTHER
3732,3732,1743,860,1753,890,w,10,30,w,OTHER
3734,3734,1756,860,1759,890,-,3,30,-,OTHER
3736,3736,1665,860,1674,891,2,9,31,2,OTHER
3738,3740,1678,860,1708,891,box,30,31,box,OTHER
3742,3742,1712,860,1721,890,5,9,30,5,OTHER
3744,3745,1889,859,1905,889,of,16,30,of,OTHER
3747,3747,1907,861,1919,890,w,12,29,w,OTHER
3749,3749,1921,863,1928,892,-,7,29,-,OTHER
3751,3751,1763,860,1780,890,2,17,30,2,OTHER
3778,3780,1996,873,2021,902,box,25,29,box,OTHER
3782,3783,2024,876,2044,905,18,20,29,18,OTHER
3785,3786,2047,878,2061,905,of,14,27,of,OTHER
3788,3789,2065,878,2087,904,w2,22,26,w2,OTHER
3794,3803,135,905,217,931,employer's,82,26,employer's,OTHER
3805,3807,221,906,253,931,fed,32,25,fed,OTHER
3809,3810,257,906,272,932,id,15,26,id,OTHER
3812,3817,276,905,336,932,number,60,27,number,OTHER
3835,3844,434,903,522,932,employee's,88,29,employee's,OTHER
3846,3848,525,903,557,933,ssa,32,30,ssa,OTHER
3850,3856,559,905,643,940,number_,84,35,number_,OTHER
4014,4019,1998,911,2048,937,121285,50,26,121285,OTHER
4021,4021,2053,911,2067,937,6,14,26,6,OTHER
4029,4038,150,922,257,952,23-9890055,107,30,23-9890055,einEmployerIdentificationNumber
4084,4094,561,919,666,953,835-65-6592,105,34,835-65-6592,ssnOfEmployee
4137,4142,1071,926,1139,961,tgross,68,35,tgross,OTHER
4144,4146,1144,926,1173,952,pay,29,26,pay,OTHER
4172,4180,1373,924,1439,952,131385.61,66,28,131385.61,OTHER
4191,4194,1584,924,1627,952,16+0,43,28,16+0,OTHER
4196,4203,1686,924,1749,956,131385.6,63,32,131385.6,OTHER
4228,4235,1841,923,1906,948,131385.6,65,25,131385.6,OTHER
4283,4289,434,956,490,991,federal,56,35,federal,OTHER
4291,4296,493,958,548,993,income,55,35,income,OTHER
4298,4300,550,959,576,994,tax,26,35,tax,OTHER
4405,4407,1579,961,1616,991,nia,37,30,nia,OTHER
4409,4411,1677,963,1713,989,nia,36,26,nia,OTHER
4439,4442,1836,941,1876,966,7970,40,25,7970,OTHER
4460,4463,1993,949,2033,972,7970,40,23,7970,OTHER
4687,4689,1990,962,2025,989,,35,27,,OTHER
4697,4701,151,976,197,1007,93117,46,31,93117,box1WagesTipsAndOtherCompensations
4703,4703,199,978,206,1006,.,7,28,.,box1WagesTipsAndOtherCompensations
4705,4706,209,973,240,1004,48,31,31,48,box1WagesTipsAndOtherCompensations
4753,4754,1836,971,1850,998,31,14,27,31,OTHER
4756,4756,108,1326,122,1349,4,14,23,4,OTHER
4759,4759,611,977,617,1003,.,6,26,.,box2FederalIncomeTaxWithheld
4761,4761,620,976,640,1002,6,20,26,6,box2FederalIncomeTaxWithheld
4798,4801,1022,966,1057,993,less,35,27,less,OTHER
4803,4805,1061,965,1082,991,401,21,26,401,OTHER
4807,4809,1087,964,1106,990,(k),19,26,(k),OTHER
4811,4816,1110,962,1160,989,(d-box,50,27,(d-box,OTHER
4818,4819,1165,961,1184,987,2),19,26,2),OTHER
4838,4840,1335,966,1369,991,994,34,25,994,OTHER
4894,4894,1352,996,1357,1022,1,5,26,1,OTHER
4895,4898,1833,985,1871,1016,3791,38,31,3791,OTHER
4899,4903,1852,972,1898,1003,943.6,46,31,943.6,OTHER
5013,5020,1021,1000,1089,1026,reported,68,26,reported,OTHER
5022,5024,1094,999,1122,1026,w-2,28,27,w-2,OTHER
5026,5030,1127,994,1182,1024,wages,55,30,wages,OTHER
5052,5053,1335,993,1348,1021,93,13,28,93,OTHER
5055,5055,107,1265,123,1288,1,16,23,1,OTHER
5057,5057,98,1678,118,1707,1,20,29,1,OTHER
5058,5058,1871,992,1882,1018,7,11,26,7,OTHER
5059,5061,1623,996,1655,1023,.48,32,27,.48,OTHER
5073,5075,1580,995,1603,1022,931,23,27,931,OTHER
5077,5078,1607,996,1619,1022,17,12,26,17,OTHER
5080,5082,1721,997,1750,1023,.48,29,26,.48,OTHER
5084,5088,562,977,609,1005,31943,47,28,31943,OTHER
5089,5089,200,1108,207,1134,.,7,26,.,OTHER
5270,5274,1680,997,1718,1023,93117,38,26,93117,OTHER
5276,5276,610,1166,617,1192,.,7,26,.,OTHER
5277,5278,1883,995,1900,1022,48,17,27,48,OTHER
5302,5302,108,2557,122,2580,7,14,23,7,OTHER
5304,5304,406,1715,429,1754,4,23,39,4,OTHER
5305,5305,406,1146,424,1175,8,18,29,8,OTHER
5313,5315,1988,986,2017,1017,321,29,31,321,OTHER
5317,5321,1361,993,1408,1023,17.48,47,30,17.48,OTHER
5328,5333,133,1026,178,1054,social,45,28,social,OTHER
5335,5342,182,1023,242,1054,security,60,31,security,OTHER
5344,5348,246,1016,298,1049,wages,52,33,wages,OTHER
5368,5373,435,1017,480,1049,social,45,32,social,OTHER
5375,5382,484,1019,543,1050,security,59,31,security,OTHER
5384,5386,546,1021,570,1051,tax,24,30,tax,OTHER
5388,5395,573,1021,638,1051,withheld,65,30,withheld,OTHER
5404,5411,139,1088,199,1117,medicare,60,29,medicare,OTHER
5413,5417,203,1088,252,1113,wages,49,25,wages,OTHER
5419,5421,257,1087,284,1111,and,27,24,and,OTHER
5423,5426,289,1087,327,1110,tips,38,23,tips,OTHER
5445,5452,433,1088,502,1115,medicare,69,27,medicare,OTHER
5454,5456,505,1088,528,1114,tax,23,26,tax,OTHER
5458,5465,532,1089,604,1115,withheld,72,26,withheld,OTHER
5505,5506,1023,1085,1046,1115,3.,23,30,3.,OTHER
5508,5515,1052,1085,1169,1115,employee,117,30,employee,OTHER
5517,5519,1175,1085,1220,1115,w-4,45,30,w-4,OTHER
5521,5528,1225,1085,1313,1115,profile.,88,30,profile.,OTHER
5530,5531,1318,1085,1349,1115,to,31,30,to,OTHER
5533,5538,1354,1085,1440,1115,change,86,30,change,OTHER
5540,5543,1445,1085,1501,1115,your,56,30,your,OTHER
5545,5552,1505,1085,1624,1116,employee,119,31,employee,OTHER
5554,5556,1628,1085,1676,1116,w-4,48,31,w-4,OTHER
5558,5564,1681,1086,1757,1116,profile,76,30,profile,OTHER
5566,5577,1761,1086,1907,1116,"information,",146,30,"information,",OTHER
5579,5582,1910,1086,1949,1116,file,39,30,file,OTHER
5584,5584,1953,1086,1970,1116,a,17,30,a,OTHER
5586,5588,1973,1086,2024,1117,new,51,31,new,OTHER
5590,5592,2029,1086,2077,1117,w-4,48,31,w-4,OTHER
5594,5597,2080,1086,2133,1117,with,53,31,with,OTHER
5599,5602,2136,1086,2194,1117,your,58,31,your,OTHER
5604,5610,2197,1086,2285,1118,payroll,88,32,payroll,OTHER
5612,5616,2287,1086,2360,1118,dept.,73,32,dept.,OTHER
5624,5628,151,1108,198,1135,84001,47,27,84001,OTHER
5630,5630,502,1384,503,1417,.,1,33,.,OTHER
5632,5633,209,1107,239,1134,97,30,27,97,OTHER
5682,5687,564,1107,622,1135,2436.0,58,28,2436.0,OTHER
5732,5732,406,2057,428,2089,8,22,32,8,OTHER
5734,5742,436,1145,504,1176,allocated,68,31,allocated,OTHER
5744,5747,507,1146,548,1182,tips,41,36,tips,OTHER
5891,5896,1837,1151,1877,1181,social,40,30,social,OTHER
5898,5905,1882,1151,1936,1178,security,54,27,security,OTHER
5907,5909,1939,1152,1969,1177,num,30,25,num,OTHER
5911,5912,1972,1154,1991,1177,be,19,23,be,OTHER
5920,5925,151,1162,207,1194,82573.,56,32,82573.,OTHER
5927,5928,209,1159,240,1193,54,31,34,54,OTHER
5976,5980,562,1166,607,1192,84001,45,26,84001,OTHER
5982,5982,219,1677,224,1704,.,5,27,.,OTHER
5984,5985,620,1165,643,1192,97,23,27,97,OTHER
6031,6036,1102,1167,1197,1199,robert,95,32,robert,OTHER
6038,6045,1233,1169,1353,1201,richmond,120,32,richmond,OTHER
6150,6156,2073,1160,2140,1192,married,67,32,married,OTHER
6161,6172,132,1207,216,1236,verification,84,29,verification,OTHER
6174,6177,220,1207,261,1233,code,41,26,code,OTHER
6203,6203,413,1206,432,1233,0,19,27,0,OTHER
6205,6213,439,1206,520,1234,dependent,81,28,dependent,OTHER
6215,6218,523,1207,555,1234,care,32,27,care,OTHER
6220,6227,558,1207,616,1234,benefits,58,27,benefits,OTHER
6275,6277,1103,1207,1155,1239,622,52,32,622,OTHER
6279,6283,1162,1208,1241,1240,singh,79,32,singh,OTHER
6285,6294,1247,1209,1389,1240,throughway,142,31,throughway,OTHER
6359,6365,1834,1201,1904,1229,federal,70,28,federal,OTHER
6367,6367,1907,1199,1926,1228,:,19,29,:,OTHER
6486,6489,1102,1248,1168,1277,port,66,29,port,OTHER
6491,6495,1176,1247,1254,1276,linda,78,29,linda,OTHER
6497,6498,1275,1246,1313,1276,wv,38,30,wv,OTHER
6500,6506,1351,1244,1459,1276,64689-7,108,32,64689-7,OTHER
6570,6574,1834,1233,1897,1268,local,63,35,local,OTHER
6578,6578,867,1676,890,1708,1,23,32,1,OTHER
6580,6591,137,1266,231,1289,nonqualified,94,23,nonqualified,OTHER
6593,6597,234,1264,274,1288,plans,40,24,plans,OTHER
6616,6617,415,1263,435,1289,2a,20,26,2a,OTHER
6619,6621,440,1264,466,1290,see,26,26,see,OTHER
6623,6634,470,1263,558,1290,instructions,88,27,instructions,OTHER
6636,6638,562,1263,583,1290,for,21,27,for,OTHER
6640,6642,587,1262,615,1289,box,28,27,box,OTHER
6644,6645,619,1262,635,1288,12,16,26,12,OTHER
6649,6649,1993,1715,2016,1749,4,23,34,4,OTHER
6651,6655,143,1325,188,1348,other,45,23,other,OTHER
6712,6715,562,1309,602,1339,7870,40,30,7870,OTHER
6758,6759,413,1348,441,1377,20,28,29,20,OTHER
6781,6783,561,1340,601,1368,961,40,28,961,OTHER
6825,6825,411,1378,416,1412,a,5,34,a,OTHER
6827,6830,422,1379,442,1414,slat,20,35,slat,OTHER
6832,6835,448,1381,477,1416,amp.,29,35,amp.,OTHER
6837,6840,483,1383,496,1417,fist,13,34,fist,OTHER
6842,6842,312,1672,322,1701,.,10,29,.,OTHER
6844,6847,509,1384,549,1417,plan,40,33,plan,OTHER
6849,6851,561,1385,575,1417,ard,14,32,ard,OTHER
6853,6857,580,1384,608,1416,party,28,32,party,OTHER
6859,6862,613,1384,632,1414,sick,19,30,sick,OTHER
6864,6866,636,1382,662,1412,pay,26,30,pay,OTHER
6873,6877,138,1431,183,1454,state,45,23,state,OTHER
6886,6895,230,1425,306,1455,emplovers',76,30,emplovers',OTHER
6897,6901,309,1424,341,1453,state,32,29,state,OTHER
6903,6904,344,1423,359,1453,id,15,30,id,OTHER
6906,6908,362,1422,399,1452,no.,37,30,no.,OTHER
6910,6911,407,1422,432,1452,16,25,30,16,OTHER
6913,6917,445,1422,483,1453,state,38,31,state,OTHER
6919,6923,486,1422,540,1454,wades,54,32,wades,OTHER
6925,6928,542,1423,566,1455,tips,24,32,tips,OTHER
6930,6930,569,1424,576,1455,",",7,31,",",OTHER
6932,6935,579,1424,619,1457,etc.,40,33,etc.,OTHER
6938,6939,99,1483,124,1510,17,25,27,17,OTHER
6941,6945,142,1485,178,1512,state,36,27,state,OTHER
6947,6952,182,1485,236,1512,income,54,27,income,OTHER
6954,6956,240,1484,270,1511,tax,30,27,tax,OTHER
6981,6982,410,1480,435,1512,18,25,32,18,OTHER
6984,6988,442,1482,482,1515,local,40,33,local,OTHER
6990,6995,487,1485,557,1520,wanes.,70,35,wanes.,OTHER
6997,6998,563,1492,579,1522,10,16,30,10,OTHER
7000,7005,583,1494,643,1528,6445.0,60,34,6445.0,OTHER
7013,7017,138,1546,179,1577,local,41,31,local,OTHER
7019,7024,182,1544,238,1577,income,56,33,income,OTHER
7026,7028,242,1542,260,1573,ta:,18,31,ta:,OTHER
7052,7053,408,1539,433,1570,20,25,31,20,OTHER
7055,7062,444,1541,501,1574,locality,57,33,locality,OTHER
7064,7067,506,1544,557,1578,name,51,34,name,OTHER
7069,7073,562,1549,616,1583,ruben,54,34,ruben,OTHER
7075,7080,621,1555,682,1590,canyon,61,35,canyon,OTHER
7189,7189,1023,1558,1034,1588,@,11,30,@,OTHER
7191,7194,1039,1557,1071,1588,2018,32,31,2018,OTHER
7196,7198,1076,1557,1103,1586,adp,27,29,adp,OTHER
7200,7200,1108,1556,1113,1586,",",5,30,",",OTHER
7202,7204,1118,1556,1157,1585,llc,39,29,llc,OTHER
7208,7208,108,2176,125,2203,1,17,27,1,OTHER
7210,7214,132,1678,178,1706,wages,46,28,wages,OTHER
7216,7216,183,1678,186,1705,",",3,27,",",OTHER
7218,7221,191,1677,214,1704,tips,23,27,tips,OTHER
7223,7223,951,1677,953,1705,.,2,28,.,OTHER
7225,7229,229,1675,267,1703,other,38,28,other,OTHER
7231,7234,272,1673,307,1702,comp,35,29,comp,OTHER
7236,7236,987,1676,990,1705,.,3,29,.,OTHER
7244,7250,435,1674,487,1706,federal,52,32,federal,OTHER
7252,7257,492,1675,547,1706,income,55,31,income,OTHER
7259,7261,552,1676,574,1706,tax,22,30,tax,OTHER
7263,7269,578,1675,635,1706,withhel,57,31,withhel,OTHER
7293,7293,1689,2175,1708,2203,1,19,28,1,OTHER
7295,7299,902,1676,945,1707,wages,43,31,wages,OTHER
7301,7301,1079,1674,1084,1703,.,5,29,.,OTHER
7303,7306,960,1676,981,1705,tips,21,29,tips,OTHER
7308,7308,199,1696,207,1721,.,8,25,.,OTHER
7310,7314,996,1675,1033,1704,other,37,29,other,OTHER
7316,7319,1038,1674,1073,1704,comp,35,30,comp,OTHER
7321,7321,439,1806,444,1836,.,5,30,.,OTHER
7328,7328,1180,1674,1203,1708,2,23,34,2,OTHER
7330,7336,1208,1674,1262,1707,federal,54,33,federal,OTHER
7338,7343,1267,1675,1319,1707,income,52,32,income,OTHER
7345,7347,1324,1675,1347,1706,tax,23,31,tax,OTHER
7349,7352,1352,1675,1378,1706,with,26,31,with,OTHER
7354,7356,1383,1675,1406,1706,hel,23,31,hel,OTHER
7392,7396,1714,1677,1759,1708,wages,45,31,wages,OTHER
7398,7398,1764,1678,1768,1708,",",4,30,",",OTHER
7400,7404,1774,1678,1806,1708,"tips,",32,30,"tips,",OTHER
7406,7410,1811,1676,1847,1707,other,36,31,other,OTHER
7412,7415,1852,1672,1892,1705,comp,40,33,comp,OTHER
7426,7432,2022,1674,2074,1706,federal,52,32,federal,OTHER
7434,7439,2080,1674,2132,1706,income,52,32,income,OTHER
7441,7443,2138,1674,2159,1705,tax,21,31,tax,OTHER
7445,7452,2164,1674,2223,1705,withheld,59,31,withheld,OTHER
7460,7464,151,1696,198,1721,93117,47,25,93117,OTHER
7465,7472,183,1712,242,1736,security,59,24,security,OTHER
7479,7484,134,1711,181,1734,social,47,23,social,OTHER
7488,7488,1212,1811,1224,1841,.,12,30,.,OTHER
7490,7491,209,1696,236,1721,48,27,25,48,OTHER
7493,7493,245,1714,260,1737,w,15,23,w,OTHER
7530,7530,1689,2233,1703,2256,4,14,23,4,OTHER
7532,7537,436,1715,477,1753,social,41,38,social,OTHER
7539,7546,485,1716,539,1752,security,54,36,security,OTHER
7548,7550,546,1716,567,1748,tax,21,32,tax,OTHER
7552,7559,574,1715,639,1746,withheld,65,31,withheld,OTHER
7582,7587,903,1718,947,1747,social,44,29,social,OTHER
7589,7596,951,1718,1010,1745,security,59,27,security,OTHER
7598,7599,1013,1720,1038,1746,wa,25,26,wa,OTHER
7617,7622,1210,1716,1253,1754,social,43,38,social,OTHER
7624,7631,1258,1716,1312,1752,security,54,36,security,OTHER
7633,7635,1317,1715,1341,1748,tax,24,33,tax,OTHER
7637,7644,1346,1713,1410,1746,withheld,64,33,withheld,OTHER
7682,7687,1716,1720,1761,1749,social,45,29,social,OTHER
7689,7696,1765,1719,1823,1745,security,58,26,security,OTHER
7698,7700,1826,1719,1860,1744,wag,34,25,wag,OTHER
7715,7720,2023,1716,2067,1750,social,44,34,social,OTHER
7722,7729,2072,1718,2130,1750,security,58,32,security,OTHER
7731,7733,2134,1718,2155,1749,tax,21,31,tax,OTHER
7735,7742,2160,1716,2220,1748,withheld,60,32,withheld,OTHER
7750,7757,151,1736,238,1765,82673.54,87,29,82673.54,OTHER
7797,7803,562,1740,630,1767,6324.53,68,27,6324.53,OTHER
7804,7805,608,1771,640,1806,06,32,35,06,OTHER
7837,7844,944,1736,1033,1765,82673.54,89,29,82673.54,OTHER
7879,7884,1334,1736,1397,1770,6324.5,63,34,6324.5,OTHER
7932,7939,1756,1736,1846,1765,82573.54,90,29,82573.54,OTHER
7980,7986,2149,1735,2217,1770,6324.53,68,35,6324.53,OTHER
7987,7988,2196,1769,2218,1804,of,22,35,of,OTHER
8026,8033,433,1759,499,1796,medicare,66,37,medicare,OTHER
8035,8037,506,1760,523,1796,tax,17,36,tax,OTHER
8039,8046,531,1762,601,1802,withheld,70,40,withheld,OTHER
8110,8117,1208,1758,1270,1796,medicare,62,38,medicare,OTHER
8119,8121,1277,1761,1299,1796,tax,22,35,tax,OTHER
8123,8130,1305,1762,1386,1799,withheld,81,37,withheld,OTHER
8211,8218,2021,1762,2086,1797,medicare,65,35,medicare,OTHER
8220,8222,2092,1762,2112,1797,tax,20,35,tax,OTHER
8224,8231,2119,1763,2189,1801,withheld,70,38,withheld,OTHER
8238,8245,136,1770,199,1801,theycare,63,31,theycare,OTHER
8247,8251,203,1766,252,1799,wanes,49,33,wanes,OTHER
8253,8255,256,1764,283,1796,and,27,32,and,OTHER
8257,8260,286,1760,327,1795,tips,41,35,tips,OTHER
8326,8330,945,1773,999,1805,84001,54,32,84001,OTHER
8332,8333,1002,1771,1020,1801,95,18,30,95,OTHER
8335,8337,1023,1767,1051,1799,and,28,32,and,OTHER
8339,8342,1055,1763,1086,1796,tips,31,33,tips,OTHER
8423,8428,1757,1775,1812,1803,84001.,55,28,84001.,OTHER
8430,8431,1815,1771,1835,1802,95,20,31,95,OTHER
8433,8434,1838,1768,1854,1798,an,16,30,an,OTHER
8460,8464,307,1811,359,1843,dept.,52,32,dept.,OTHER
8466,8469,407,1806,434,1837,corp,27,31,corp,OTHER
8471,8471,2025,1810,2037,1839,.,12,29,.,OTHER
8496,8503,616,1809,678,1838,employer,62,29,employer,OTHER
8505,8507,683,1809,709,1840,use,26,31,use,OTHER
8509,8512,713,1811,752,1843,only,39,32,only,OTHER
8581,8588,1388,1806,1451,1838,employer,63,32,employer,OTHER
8590,8592,1455,1808,1481,1838,use,26,30,use,OTHER
8594,8597,1485,1807,1529,1838,only,44,31,only,OTHER
8645,8649,1912,1813,1964,1842,dept.,52,29,dept.,OTHER
8651,8654,1180,1811,1206,1841,corp,26,30,corp,OTHER
8656,8656,610,2075,617,2104,.,7,29,.,OTHER
8680,8687,2201,1808,2265,1839,employer,64,31,employer,OTHER
8689,8691,2269,1810,2295,1842,use,26,32,use,OTHER
8693,8696,2299,1813,2337,1846,only,38,33,only,OTHER
8698,8699,2342,1817,2370,1851,36,28,34,36,OTHER
8702,8704,101,1819,128,1849,270,27,30,270,OTHER
8706,8712,133,1814,183,1844,control,50,30,control,OTHER
8714,8717,187,1811,235,1839,numb,48,28,numb,OTHER
8787,8793,898,1811,952,1842,control,54,31,control,OTHER
8795,8800,956,1807,1026,1835,number,70,28,number,OTHER
8816,8818,1123,1825,1163,1859,150,40,34,150,OTHER
8819,8822,1994,1810,2019,1839,corp,25,29,corp,OTHER
8824,8824,1382,2074,1390,2102,.,8,28,.,OTHER
8883,8885,1681,1817,1709,1850,270,28,33,270,OTHER
8887,8893,1714,1811,1765,1844,control,51,33,control,OTHER
8895,8900,1770,1808,1823,1837,number,53,29,number,OTHER
8904,8913,134,1842,216,1874,employer's,82,32,employer's,OTHER
8915,8919,219,1846,267,1877,"name,",48,31,"name,",OTHER
8921,8928,269,1848,335,1878,"address,",66,30,"address,",OTHER
8930,8932,337,1849,367,1878,and,30,29,and,OTHER
8934,8936,369,1849,396,1878,zip,27,29,zip,OTHER
8938,8941,398,1849,445,1878,code,47,29,code,OTHER
8987,8996,902,1842,982,1877,employer's,80,35,employer's,OTHER
8998,9001,1800,1846,1838,1877,name,38,31,name,OTHER
9003,9003,1028,1848,1033,1879,",",5,31,",",OTHER
9005,9011,1037,1849,1093,1880,address,56,31,address,OTHER
9013,9013,1096,1850,1102,1880,",",6,30,",",OTHER
9015,9017,1105,1850,1133,1880,and,28,30,and,OTHER
9019,9021,1137,1850,1163,1880,zip,26,30,zip,OTHER
9023,9026,1166,1849,1213,1880,code,47,31,code,OTHER
9084,9094,1679,1841,1797,1875,"""employer's",118,34,"""employer's",OTHER
9096,9099,986,1847,1024,1879,name,38,32,name,OTHER
9101,9101,1841,1848,1847,1878,",",6,30,",",OTHER
9103,9109,1850,1848,1907,1879,address,57,31,address,OTHER
9111,9111,1909,1850,1916,1880,",",7,30,",",OTHER
9113,9115,1918,1851,1946,1880,and,28,29,and,OTHER
9117,9119,1949,1851,1976,1880,zip,27,29,zip,OTHER
9121,9124,1978,1852,2026,1880,code,48,28,code,OTHER
9132,9135,152,1877,206,1905,gray,54,28,gray,OTHER
9137,9137,209,1877,225,1904,",",16,27,",",OTHER
9139,9143,228,1875,302,1904,moore,74,29,moore,OTHER
9145,9147,310,1875,356,1904,and,46,29,and,OTHER
9149,9156,360,1874,472,1905,robinson,112,31,robinson,OTHER
9158,9162,479,1874,550,1907,group,71,33,group,OTHER
9221,9224,946,1878,998,1907,gray,52,29,gray,OTHER
9226,9226,1002,1878,1017,1906,",",15,28,",",OTHER
9228,9232,1021,1876,1096,1905,moore,75,29,moore,OTHER
9234,9236,1103,1876,1149,1904,and,46,28,and,OTHER
9238,9245,1154,1875,1264,1905,robinson,110,30,robinson,OTHER
9247,9251,1273,1875,1336,1906,group,63,31,group,OTHER
9318,9321,1759,1877,1810,1905,gray,51,28,gray,OTHER
9323,9323,1816,1877,1830,1904,",",14,27,",",OTHER
9325,9329,1835,1876,1908,1904,moore,73,28,moore,OTHER
9331,9333,1917,1876,1962,1904,and,45,28,and,OTHER
9335,9342,1967,1876,2078,1905,robinson,111,29,robinson,OTHER
9344,9348,2086,1876,2151,1907,group,65,31,group,OTHER
9356,9359,154,1904,212,1938,0905,58,34,0905,OTHER
9361,9364,217,1903,277,1933,lori,60,30,lori,OTHER
9366,9368,280,1903,331,1932,way,51,29,way,OTHER
9446,9449,946,1907,1004,1933,0905,58,26,0905,OTHER
9451,9454,1011,1907,1070,1934,lori,59,27,lori,OTHER
9456,9458,1075,1907,1120,1935,way,45,28,way,OTHER
9548,9548,1799,1905,1820,1937,5,21,32,5,OTHER
9550,9553,1824,1906,1885,1937,lori,61,31,lori,OTHER
9555,9557,1889,1905,1939,1937,way,50,32,way,OTHER
9567,9570,154,1931,213,1964,port,59,33,port,OTHER
9572,9576,218,1931,292,1964,linda,74,33,linda,OTHER
9578,9579,308,1934,334,1967,wv,26,33,wv,OTHER
9581,9590,375,1933,502,1967,64689-7977,127,34,64689-7977,OTHER
9655,9658,946,1934,1005,1962,port,59,28,port,OTHER
9660,9664,1010,1934,1084,1965,linda,74,31,linda,OTHER
9666,9667,1099,1935,1133,1968,wv,34,33,wv,OTHER
9669,9678,1166,1932,1306,1966,64689-7977,140,34,64689-7977,OTHER
9757,9757,1798,1932,1820,1962,t,22,30,t,OTHER
9759,9763,1824,1932,1899,1965,linda,75,33,linda,OTHER
9765,9766,1913,1935,1944,1969,wv,31,34,wv,OTHER
9768,9777,1980,1933,2111,1966,64689-7977,131,33,64689-7977,OTHER
9786,9795,136,1997,214,2028,employer's,78,31,employer's,OTHER
9797,9799,220,1999,251,2028,fed,31,29,fed,OTHER
9801,9802,255,1999,272,2028,id,17,29,id,OTHER
9804,9809,276,1999,329,2028,number,53,29,number,OTHER
9823,9823,407,2000,427,2031,a,20,31,a,OTHER
9825,9834,436,1998,521,2030,employee's,85,32,employee's,OTHER
9836,9838,526,1998,556,2030,ssa,30,32,ssa,OTHER
9840,9845,561,1998,616,2031,number,55,33,number,OTHER
9870,9879,903,1999,984,2028,employer's,81,29,employer's,OTHER
9881,9883,988,1999,1019,2028,fed,31,29,fed,OTHER
9885,9886,1023,2000,1039,2029,id,16,29,id,OTHER
9888,9893,1043,2000,1103,2031,number,60,31,number,OTHER
9907,9907,1178,1998,1202,2030,a,24,32,a,OTHER
9909,9918,1210,1998,1293,2030,employee's,83,32,employee's,OTHER
9920,9922,1298,1998,1327,2030,ssa,29,32,ssa,OTHER
9924,9929,1332,1998,1393,2029,number,61,31,number,OTHER
9966,9975,1715,1997,1797,2028,employer's,82,31,employer's,OTHER
9977,9979,1801,1999,1833,2028,fed,32,29,fed,OTHER
9981,9982,1836,2000,1853,2029,id,17,29,id,OTHER
9984,9989,1857,2000,1919,2029,number,62,29,number,OTHER
10003,10003,1992,1999,2012,2030,a,20,31,a,OTHER
10005,10014,2022,1998,2107,2031,employee's,85,33,employee's,OTHER
10016,10018,2111,1998,2143,2031,ssa,32,33,ssa,OTHER
10020,10025,2147,1998,2207,2030,number,60,32,number,OTHER
10034,10043,152,2016,256,2049,23-9890055,104,33,23-9890055,OTHER
10216,10225,1757,2017,1863,2046,23-9890055,106,29,23-9890055,OTHER
10232,10237,134,2065,178,2097,social,44,32,social,OTHER
10239,10246,181,2066,241,2097,security,60,31,security,OTHER
10248,10251,243,2062,271,2094,tips,28,32,tips,OTHER
10270,10270,1180,2054,1202,2088,8,22,34,8,OTHER
10272,10280,435,2057,501,2088,allocated,66,31,allocated,OTHER
10282,10285,507,2058,550,2088,tips,43,30,tips,OTHER
10320,10322,925,2065,946,2095,ial,21,30,ial,OTHER
10324,10331,949,2065,1008,2095,security,59,30,security,OTHER
10333,10335,1011,2065,1027,2095,tir,16,30,tir,OTHER
10355,10355,973,2573,991,2595,8,18,22,8,OTHER
10357,10365,1209,2055,1275,2088,allocated,66,33,allocated,OTHER
10367,10370,1281,2058,1325,2088,tips,44,30,tips,OTHER
10413,10418,1715,2061,1759,2091,social,44,30,social,OTHER
10420,10427,1763,2064,1821,2092,security,58,28,security,OTHER
10429,10432,1824,2066,1851,2092,tips,27,26,tips,OTHER
10451,10459,2022,2057,2089,2088,allocated,67,31,allocated,OTHER
10461,10464,2094,2058,2137,2088,tips,43,30,tips,OTHER
10527,10531,561,2075,607,2104,84001,46,29,84001,OTHER
10533,10533,2197,2074,2204,2097,.,7,23,.,OTHER
10535,10536,619,2074,642,2103,97,23,29,97,OTHER
10612,10616,1334,2074,1380,2104,84001,46,30,84001,OTHER
10618,10618,1028,2337,1033,2366,.,5,29,.,OTHER
10620,10621,1392,2074,1409,2101,97,17,27,97,OTHER
10707,10711,2147,2074,2195,2100,84001,48,26,84001,OTHER
10713,10713,380,2496,398,2527,.,18,31,.,OTHER
10715,10716,2206,2073,2225,2096,97,19,23,97,OTHER
10722,10733,133,2115,216,2146,verification,83,31,verification,OTHER
10735,10738,221,2117,263,2144,code,42,27,code,OTHER
10761,10762,408,2117,434,2149,10,26,32,10,OTHER
10764,10772,439,2118,519,2149,dependent,80,31,dependent,OTHER
10774,10777,524,2118,555,2147,care,31,29,care,OTHER
10778,10780,564,2133,601,2161,253,37,28,253,OTHER
10843,10849,559,2118,609,2146,benefit,50,28,benefit,OTHER
10870,10881,902,2117,986,2148,verification,84,31,verification,OTHER
10883,10886,990,2117,1027,2147,code,37,30,code,OTHER
10909,10910,1179,2114,1208,2147,10,29,33,10,OTHER
10912,10920,1212,2116,1293,2148,dependent,81,32,dependent,OTHER
10922,10925,1297,2118,1330,2148,care,33,30,care,OTHER
10927,10934,1334,2117,1387,2147,benefits,53,30,benefits,OTHER
10968,10979,1715,2117,1798,2148,verification,83,31,verification,OTHER
10981,10984,1802,2118,1836,2146,code,34,28,code,OTHER
11005,11006,1992,2115,2020,2146,10,28,31,10,OTHER
11008,11016,2027,2117,2106,2148,dependent,79,31,dependent,OTHER
11018,11021,2110,2118,2143,2148,care,33,30,care,OTHER
11023,11029,2147,2117,2195,2147,benefit,48,30,benefit,OTHER
11175,11177,1336,2132,1377,2164,259,41,32,259,OTHER
11181,11181,1316,2225,1331,2258,1,15,33,1,OTHER
11183,11194,136,2177,230,2205,nonqualified,94,28,nonqualified,OTHER
11196,11200,234,2177,281,2205,plans,47,28,plans,OTHER
11224,11225,414,2176,435,2206,2a,21,30,2a,OTHER
11227,11229,440,2176,465,2206,see,25,30,see,OTHER
11231,11242,470,2176,557,2206,instructions,87,30,instructions,OTHER
11244,11246,563,2176,582,2205,for,19,29,for,OTHER
11248,11250,587,2175,616,2205,box,29,30,box,OTHER
11252,11253,621,2175,638,2204,12,17,29,12,OTHER
11268,11279,903,2175,997,2205,nonqualified,94,30,nonqualified,OTHER
11281,11285,1002,2175,1048,2205,plans,46,30,plans,OTHER
11308,11309,1186,2176,1208,2206,2a,22,30,2a,OTHER
11311,11313,1212,2176,1237,2206,see,25,30,see,OTHER
11315,11326,1241,2176,1330,2206,instructions,89,30,instructions,OTHER
11328,11330,1334,2176,1356,2205,for,22,29,for,OTHER
11332,11334,1359,2175,1390,2205,box,31,30,box,OTHER
11336,11337,1393,2174,1413,2203,12,20,29,12,OTHER
11363,11363,2125,2227,2142,2265,1,17,38,1,OTHER
11365,11376,1718,2176,1812,2205,nonqualified,94,29,nonqualified,OTHER
11378,11382,1816,2176,1868,2205,plans,52,29,plans,OTHER
11406,11407,2002,2178,2021,2207,2a,19,29,2a,OTHER
11409,11411,2026,2177,2051,2207,see,25,30,see,OTHER
11413,11424,2055,2175,2144,2207,instructions,89,32,instructions,OTHER
11426,11428,2148,2175,2169,2206,for,21,31,for,OTHER
11430,11432,2172,2175,2202,2206,box,30,31,box,OTHER
11434,11435,2205,2174,2226,2206,12,21,32,12,OTHER
11441,11443,143,2230,171,2251,oth,28,21,oth,OTHER
11522,11523,868,2233,891,2259,14,23,26,14,OTHER
11525,11528,910,2233,943,2256,othe,33,23,othe,OTHER
11583,11583,2128,2252,2142,2290,1,14,38,1,OTHER
11585,11587,1335,2222,1378,2257,934,43,35,934,OTHER
11622,11625,1735,2231,1764,2261,ther,29,30,ther,OTHER
11682,11684,2145,2221,2191,2262,934,46,41,934,OTHER
11931,11933,2147,2253,2194,2293,961,47,40,961,OTHER
11975,11978,436,2301,475,2339,wemp,39,38,wemp,OTHER
11980,11983,481,2300,503,2337,ret.,22,37,ret.,OTHER
11985,11988,509,2297,552,2336,plan,43,39,plan,OTHER
11990,11992,561,2295,578,2333,ard,17,38,ard,OTHER
11994,11999,584,2294,611,2332,partly,27,38,partly,OTHER
12001,12004,617,2292,639,2330,sick,22,38,sick,OTHER
12006,12008,645,2290,670,2328,pay,25,38,pay,OTHER
12062,12063,1210,2299,1214,2337,if,4,38,if,OTHER
12065,12067,1220,2299,1249,2337,emp,29,38,emp,OTHER
12069,12072,1255,2298,1276,2337,ret.,21,39,ret.,OTHER
12074,12077,1283,2296,1328,2336,plan,45,40,plan,OTHER
12079,12081,1335,2295,1350,2334,ard,15,39,ard,OTHER
12083,12087,1357,2293,1385,2333,party,28,40,party,OTHER
12089,12092,1392,2290,1412,2330,sick,20,40,sick,OTHER
12094,12096,1419,2287,1445,2327,pay,26,40,pay,OTHER
12177,12180,2138,2290,2163,2328,tard,25,38,tard,OTHER
12182,12186,2170,2293,2197,2330,party,27,37,party,OTHER
12188,12191,2204,2292,2226,2329,sick,22,37,sick,OTHER
12193,12195,2233,2289,2258,2326,pay,25,37,pay,OTHER
12198,12200,98,2334,129,2362,eif,31,28,eif,OTHER
12202,12210,132,2336,216,2367,employees,84,31,employees,OTHER
12212,12216,219,2338,265,2367,name.,46,29,name.,OTHER
12218,12224,269,2335,330,2367,address,61,32,address,OTHER
12226,12228,334,2333,361,2366,and,27,33,and,OTHER
12230,12232,364,2331,390,2364,zip,26,33,zip,OTHER
12234,12237,393,2325,439,2362,code,46,37,code,OTHER
12282,12284,866,2335,897,2364,eff,31,29,eff,OTHER
12286,12294,902,2336,983,2366,employees,81,30,employees,OTHER
12296,12299,987,2337,1024,2366,name,37,29,name,OTHER
12301,12301,535,2501,539,2532,.,4,31,.,OTHER
12303,12309,1037,2335,1097,2366,address,60,31,address,OTHER
12311,12313,1101,2334,1129,2365,and,28,31,and,OTHER
12315,12317,1133,2333,1158,2363,zip,25,30,zip,OTHER
12319,12322,1161,2331,1199,2362,code,38,31,code,OTHER
12378,12380,1679,2335,1711,2365,elf,32,30,elf,OTHER
12382,12390,1715,2337,1795,2367,employees,80,30,employees,OTHER
12392,12396,1799,2337,1845,2367,name.,46,30,name.,OTHER
12398,12404,1849,2335,1908,2366,address,59,31,address,OTHER
12406,12408,1913,2333,1940,2365,and,27,32,and,OTHER
12410,12412,1944,2332,1970,2363,zip,26,31,zip,OTHER
12414,12417,1974,2328,2012,2361,code,38,33,code,OTHER
12426,12431,152,2381,237,2408,robert,85,27,robert,OTHER
12433,12440,270,2379,382,2408,richmond,112,29,richmond,OTHER
12515,12520,949,2380,1032,2411,robert,83,31,robert,OTHER
12522,12529,1062,2380,1176,2408,richmond,114,28,richmond,OTHER
12609,12614,1758,2382,1844,2410,robert,86,28,robert,OTHER
12616,12623,1875,2379,1988,2410,richmond,113,31,richmond,OTHER
12632,12634,154,2406,199,2439,622,45,33,622,OTHER
12636,12640,205,2406,280,2437,singh,75,31,singh,OTHER
12642,12651,286,2406,422,2435,throughway,136,29,throughway,OTHER
12720,12722,949,2407,992,2438,622,43,31,622,OTHER
12724,12728,999,2405,1070,2436,singh,71,31,singh,OTHER
12730,12739,1077,2405,1215,2435,throughway,138,30,throughway,OTHER
12817,12819,1764,2407,1806,2438,522,42,31,522,OTHER
12821,12825,1811,2407,1883,2436,singh,72,29,singh,OTHER
12827,12836,1890,2407,2024,2435,throughway,134,28,throughway,OTHER
12845,12854,152,2433,290,2464,wilsonland,138,31,wilsonland,OTHER
12856,12857,308,2433,343,2464,nc,35,31,nc,OTHER
12859,12863,349,2433,409,2464,77818,60,31,77818,OTHER
12865,12865,414,2432,422,2463,-,8,31,-,OTHER
12867,12870,428,2431,487,2463,7115,59,32,7115,OTHER
12932,12941,945,2434,1083,2463,wilsonland,138,29,wilsonland,OTHER
12943,12944,1101,2433,1134,2463,nc,33,30,nc,OTHER
12946,12950,1142,2432,1203,2463,77818,61,31,77818,OTHER
12952,12952,1207,2432,1217,2462,-,10,30,-,OTHER
12954,12957,1222,2431,1279,2462,7115,57,31,7115,OTHER
13028,13037,1758,2433,1897,2464,wilsonland,139,31,wilsonland,OTHER
13039,13040,1914,2432,1950,2464,nc,36,32,nc,OTHER
13042,13046,1956,2432,2015,2464,77818,59,32,77818,OTHER
13048,13048,2019,2432,2029,2463,-,10,31,-,OTHER
13050,13053,2032,2431,2079,2463,7115,47,32,7115,OTHER
13155,13155,1004,2458,1023,2485,o,19,27,o,OTHER
13251,13251,1818,2453,1837,2482,o,19,29,o,OTHER
13255,13255,107,2503,122,2527,5,15,24,5,OTHER
13257,13261,138,2502,183,2531,state,45,29,state,OTHER
13263,13272,230,2499,305,2531,emplovers',75,32,emplovers',OTHER
13274,13278,309,2497,340,2528,state,31,31,state,OTHER
13280,13281,345,2497,359,2527,id,14,30,id,OTHER
13283,13284,363,2497,376,2527,no,13,30,no,OTHER
13286,13286,1343,2503,1348,2534,.,5,31,.,OTHER
13288,13289,407,2496,431,2528,16,24,32,16,OTHER
13291,13295,446,2497,482,2530,state,36,33,state,OTHER
13297,13301,486,2498,531,2532,wanes,45,34,wanes,OTHER
13303,13303,535,2557,539,2586,.,4,29,.,OTHER
13305,13309,544,2502,576,2535,tips.,32,33,tips.,OTHER
13311,13311,581,2505,598,2536,2,17,31,2,OTHER
13313,13313,603,2507,616,2538,",",13,31,",",OTHER
13315,13316,621,2509,636,2540,18,15,31,18,OTHER
13338,13339,868,2500,891,2526,15,23,26,15,OTHER
13341,13345,907,2502,952,2534,state,45,32,state,OTHER
13347,13357,1013,2497,1096,2534,|emplovers',83,37,|emplovers',OTHER
13359,13363,1101,2496,1132,2529,state,31,33,state,OTHER
13365,13366,1138,2496,1150,2528,10,12,32,10,OTHER
13368,13369,1156,2495,1175,2528,no,19,33,no,OTHER
13371,13372,1180,2495,1209,2528,16,29,33,16,OTHER
13374,13378,1218,2496,1255,2529,state,37,33,state,OTHER
13380,13384,1261,2497,1310,2531,wanes,49,34,wanes,OTHER
13386,13389,1315,2501,1338,2533,tips,23,32,tips,OTHER
13391,13391,601,2562,611,2590,.,10,28,.,OTHER
13393,13396,1353,2504,1388,2537,"elf,",35,33,"elf,",OTHER
13398,13399,1393,2509,1408,2539,18,15,30,18,OTHER
13434,13435,1679,2499,1706,2527,15,27,28,15,OTHER
13437,13441,1718,2499,1767,2533,state,49,34,state,OTHER
13443,13452,1835,2498,1909,2534,emplovers',74,36,emplovers',OTHER
13454,13458,1914,2496,1944,2531,state,30,35,state,OTHER
13460,13461,1949,2496,1963,2530,10,14,34,10,OTHER
13463,13464,1968,2496,1988,2530,no,20,34,no,OTHER
13466,13467,1993,2495,2021,2530,16,28,35,16,OTHER
13469,13473,2031,2496,2067,2531,state,36,35,state,OTHER
13475,13479,2072,2497,2123,2533,wanes,51,36,wanes,OTHER
13481,13485,2129,2501,2161,2535,tips.,32,34,tips.,OTHER
13487,13488,2166,2504,2184,2537,26,18,33,26,OTHER
13490,13490,2189,2506,2200,2538,",",11,32,",",OTHER
13492,13493,2205,2508,2221,2540,18,16,32,18,OTHER
13499,13499,906,2779,913,2805,2,7,26,2,OTHER
13500,13501,407,2555,434,2586,18,27,31,18,OTHER
13508,13512,142,2559,180,2584,state,38,25,state,OTHER
13514,13519,183,2556,239,2584,income,56,28,income,OTHER
13548,13549,1179,2552,1209,2586,18,30,34,18,OTHER
13551,13555,443,2555,482,2585,local,39,30,local,OTHER
13557,13561,487,2555,531,2586,wades,44,31,wades,OTHER
13563,13563,1308,2560,1312,2590,.,4,30,.,OTHER
13565,13568,543,2558,567,2587,tips,24,29,tips,OTHER
13570,13570,571,2560,575,2588,",",4,28,",",OTHER
13572,13574,579,2560,597,2589,etc,18,29,etc,OTHER
13576,13576,1393,2570,1397,2598,.,4,28,.,OTHER
13632,13633,1993,2554,2020,2585,18,27,31,18,OTHER
13635,13639,1216,2554,1255,2587,local,39,33,local,OTHER
13641,13645,1260,2556,1303,2590,wanes,43,34,wanes,OTHER
13647,13647,200,2629,206,2655,.,6,26,.,OTHER
13649,13653,1317,2561,1349,2593,tips.,32,32,tips.,OTHER
13655,13656,1354,2565,1369,2595,$4,15,30,$4,OTHER
13658,13659,1374,2568,1388,2597,45,14,29,45,OTHER
13663,13663,1402,2572,1417,2600,0,15,28,0,OTHER
13687,13688,868,2555,890,2579,17,22,24,17,OTHER
13690,13694,910,2558,948,2583,state,38,25,state,OTHER
13696,13701,950,2560,1008,2584,income,58,24,income,OTHER
13703,13704,1009,2560,1026,2584,ta,17,24,ta,OTHER
13734,13738,2028,2554,2070,2586,local,42,32,local,OTHER
13740,13745,2073,2555,2127,2587,wanes.,54,32,wanes.,OTHER
13747,13751,2130,2557,2164,2588,tips.,34,31,tips.,OTHER
13753,13756,2167,2560,2211,2590,etc.,44,30,etc.,OTHER
13770,13772,190,2571,230,2602,.48,40,31,.48,OTHER
13774,13776,241,2553,268,2581,tax,27,28,tax,OTHER
13820,13823,562,2572,599,2600,1064,37,28,1064,OTHER
13825,13826,601,2574,618,2601,45,17,27,45,OTHER
13828,13829,620,2573,644,2600,.0,24,27,.0,OTHER
13844,13845,1683,2552,1707,2579,17,24,27,17,OTHER
13847,13851,1723,2556,1762,2582,state,39,26,state,OTHER
13853,13858,1763,2559,1820,2585,income,57,26,income,OTHER
13860,13861,1821,2561,1840,2585,ta,19,24,ta,OTHER
13956,13958,944,2574,971,2598,218,27,24,218,OTHER
13962,13963,993,2574,1021,2599,48,28,25,48,OTHER
13967,13968,99,2616,126,2643,19,27,27,19,OTHER
13970,13971,142,2615,159,2641,lo,17,26,lo,OTHER
13972,13976,153,2627,198,2655,11590,45,28,11590,OTHER
13980,13981,209,2625,239,2655,89,30,30,89,OTHER
14009,14010,409,2616,431,2642,20,22,26,20,OTHER
14012,14019,443,2616,502,2643,locality,59,27,locality,OTHER
14021,14025,2147,2624,2202,2657,ruben,55,33,ruben,OTHER
14028,14031,505,2617,557,2646,name,52,29,name,OTHER
14033,14038,619,2635,680,2661,canyon,61,26,canyon,OTHER
14051,14052,868,2616,892,2643,19,24,27,19,OTHER
14054,14058,908,2619,949,2648,local,41,29,local,OTHER
14060,14065,952,2622,1018,2652,income,66,30,income,OTHER
14090,14091,1179,2613,1206,2641,20,27,28,20,OTHER
14093,14100,1216,2614,1275,2644,locality,59,30,locality,OTHER
14102,14105,1278,2616,1331,2646,name,53,30,name,OTHER
14148,14149,1682,2616,1707,2644,19,25,28,19,OTHER
14151,14155,1722,2618,1762,2648,local,40,30,local,OTHER
14157,14165,1765,2621,1838,2653,"incoming,",73,32,"incoming,",OTHER
14193,14200,2029,2614,2088,2647,locality,59,33,locality,OTHER
14202,14205,2091,2619,2144,2652,name,53,33,name,OTHER
14207,14211,561,2630,617,2658,ruben,56,28,ruben,OTHER
14213,14218,1391,2636,1451,2661,canyon,60,25,canyon,OTHER
14359,14363,1333,2633,1389,2659,ruben,56,26,ruben,OTHER
14365,14370,2205,2630,2262,2662,canyon,57,32,canyon,OTHER
14391,14397,229,2677,316,2706,federal,87,29,federal,OTHER
14417,14422,416,2681,468,2706,filing,52,25,filing,OTHER
14439,14442,593,2678,642,2702,copy,49,24,copy,OTHER
14478,14485,1015,2676,1113,2710,nh.state,98,34,nh.state,OTHER
14499,14504,1190,2684,1238,2705,filing,48,21,filing,OTHER
14515,14518,1368,2676,1413,2701,copy,45,25,copy,OTHER
14573,14576,1812,2675,1851,2705,city,39,30,city,OTHER
14578,14579,1855,2675,1875,2705,or,20,30,or,OTHER
14581,14585,1879,2675,1947,2713,local,68,38,local,OTHER
14587,14592,2002,2679,2054,2708,filing,52,29,filing,OTHER
14612,14615,2179,2677,2231,2700,copy,52,23,copy,OTHER
14649,14652,325,2706,388,2734,wage,63,28,wage,OTHER
14654,14656,426,2702,468,2725,and,42,23,and,OTHER
14658,14660,505,2706,539,2728,tax,34,22,tax,OTHER
14741,14743,1198,2700,1238,2729,and,40,29,and,OTHER
14745,14747,1277,2702,1310,2727,tax,33,25,tax,OTHER
14828,14831,1921,2705,1984,2734,wage,63,29,wage,OTHER
14833,14835,2010,2702,2052,2733,and,42,31,and,OTHER
14837,14839,2091,2703,2127,2726,tax,36,23,tax,OTHER
14873,14881,319,2730,417,2756,statement,98,26,statement,OTHER
14905,14908,581,2742,667,2774,2018,86,32,2018,OTHER
14955,14963,1098,2727,1203,2755,statement,105,28,statement,OTHER
14983,14986,1359,2740,1443,2772,2018,84,32,2018,OTHER
15051,15059,1911,2729,2011,2753,statement,100,24,statement,OTHER
15079,15082,2166,2742,2252,2774,2018,86,32,2018,OTHER
15086,15088,105,2742,174,2771,w-2,69,29,w-2,OTHER
15169,15171,874,2744,942,2770,w-2,68,26,w-2,OTHER
15268,15270,1686,2741,1754,2773,w-2,68,32,w-2,OTHER
15273,15276,99,2779,134,2806,copy,35,27,copy,OTHER
15278,15278,138,2780,148,2806,b,10,26,b,OTHER
15280,15281,152,2780,163,2807,to,11,27,to,OTHER
15283,15284,168,2780,185,2807,be,17,27,be,OTHER
15286,15290,189,2780,218,2807,filed,29,27,filed,OTHER
15292,15295,223,2781,250,2807,with,27,26,with,OTHER
15297,15306,255,2781,329,2807,employee's,74,26,employee's,OTHER
15308,15314,334,2781,386,2806,federal,52,25,federal,OTHER
15316,15321,391,2781,440,2805,income,49,24,income,OTHER
15323,15325,445,2780,469,2804,tax,24,24,tax,OTHER
15327,15332,473,2779,520,2804,return,47,25,return,OTHER
15334,15336,561,2778,596,2809,omb,35,31,omb,OTHER
15338,15340,600,2777,626,2806,no.,26,29,no.,OTHER
15342,15350,631,2777,709,2805,1545-0008,78,28,1545-0008,OTHER
15357,15360,867,2779,901,2807,copy,34,28,copy,OTHER
15362,15362,1719,2778,1726,2805,2,7,27,2,OTHER
15364,15365,918,2778,930,2805,to,12,27,to,OTHER
15367,15368,935,2778,952,2806,be,17,28,be,OTHER
15370,15374,957,2779,985,2807,filed,28,28,filed,OTHER
15376,15376,990,2780,997,2808,w,7,28,w,OTHER
15381,15385,1061,2780,1097,2807,yee's,36,27,yee's,OTHER
15387,15391,1100,2780,1136,2806,state,36,26,state,OTHER
15393,15398,1139,2779,1192,2806,income,53,27,income,OTHER
15400,15402,1196,2779,1220,2805,tax,24,26,tax,OTHER
15404,15409,1224,2779,1270,2804,return,46,25,return,OTHER
15411,15413,1334,2777,1369,2808,ome,35,31,ome,OTHER
15415,15417,1373,2775,1399,2805,no.,26,30,no.,OTHER
15419,15427,1403,2775,1473,2807,1545-0008,70,32,1545-0008,OTHER
15454,15457,1680,2777,1714,2805,copy,34,28,copy,OTHER
15461,15462,1732,2778,1742,2806,to,10,28,to,OTHER
15464,15465,1748,2778,1764,2806,be,16,28,be,OTHER
15467,15471,1769,2779,1798,2807,filed,29,28,filed,OTHER
15473,15476,1803,2780,1831,2808,with,28,28,with,OTHER
15489,15490,1987,2782,2000,2804,al,13,22,al,OTHER
15492,15497,2002,2781,2056,2806,income,54,25,income,OTHER
15499,15501,2058,2781,2084,2807,tax,26,26,tax,OTHER
15503,15508,2086,2780,2138,2807,return,52,27,return,OTHER
15510,15512,2147,2779,2183,2808,omb,36,29,omb,OTHER
15514,15516,2185,2779,2214,2808,no.,29,29,no.,OTHER
15518,15526,2216,2777,2296,2807,1545-0008,80,30,1545-0008,OTHER
