start_index,end_index,x_top_left,y_top_left,x_bottom_right,y_bottom_right,transcript,box_width,box_height,combined_text,predicted_field
0,0,1638,468,1693,494,6474.82,55,26,6474.82,OTHER
0,0,874,2744,944,2771,w-2,70,27,w-2,OTHER
108,111,1035,253,1156,305,2018,121,52,2018,OTHER
132,134,1171,254,1275,306,w-2,104,52,w-2,OTHER
149,151,1287,255,1389,307,and,102,52,and,OTHER
166,173,1401,255,1690,307,earnings,289,52,earnings,OTHER
196,202,1708,253,1995,306,summary,287,53,summary,OTHER
260,262,2225,245,2311,291,adp,86,46,adp,OTHER
282,289,222,317,318,344,employee,96,27,employee,OTHER
302,310,393,313,497,346,reference,104,33,reference,OTHER
316,319,592,316,643,342,copy,51,26,copy,OTHER
363,365,964,314,1006,344,his,42,30,his,OTHER
367,370,1010,314,1071,343,blue,61,29,blue,OTHER
372,379,1076,314,1197,343,earnings,121,29,earnings,OTHER
381,387,1202,314,1328,342,summary,126,28,summary,OTHER
389,395,1333,314,1429,342,section,96,28,section,OTHER
397,398,1433,314,1459,342,is,26,28,is,OTHER
400,407,1464,314,1577,342,included,113,28,included,OTHER
409,412,1582,314,1639,342,with,57,28,with,OTHER
414,417,1644,314,1705,342,your,61,28,your,OTHER
419,421,1710,314,1766,342,w-2,56,28,w-2,OTHER
423,424,1772,314,1799,343,to,27,29,to,OTHER
426,429,1805,314,1865,343,help,60,29,help,OTHER
431,438,1874,313,1984,344,describe,110,31,describe,OTHER
440,447,1990,313,2096,344,portions,106,31,portions,OTHER
449,450,2102,313,2127,345,in,25,32,in,OTHER
452,455,2133,312,2205,345,more,72,33,more,OTHER
457,463,2214,312,2288,346,detail.,74,34,detail.,OTHER
495,498,329,351,386,376,wage,57,25,wage,OTHER
500,502,428,346,464,370,and,36,24,and,OTHER
504,506,506,346,544,372,tax,38,26,tax,OTHER
563,564,965,344,1000,370,he,35,26,he,OTHER
566,572,1005,343,1107,370,reverse,102,27,reverse,OTHER
574,577,1114,343,1171,370,side,57,27,side,OTHER
579,586,1176,343,1289,370,includes,113,27,includes,OTHER
588,594,1294,343,1395,370,general,101,27,general,OTHER
596,606,1400,343,1548,370,information,148,27,information,OTHER
608,611,1554,343,1608,370,that,54,27,that,OTHER
613,615,1613,343,1661,370,you,48,27,you,OTHER
617,619,1667,343,1726,370,may,59,27,may,OTHER
621,624,1732,343,1788,370,also,56,27,also,OTHER
626,629,1794,343,1844,370,find,50,27,find,OTHER
631,638,1848,343,1946,370,helpful.,98,27,helpful.,OTHER
643,645,112,381,169,417,n-2,57,36,n-2,OTHER
670,678,324,371,405,396,statement,81,25,statement,OTHER
688,691,583,386,667,418,2018,84,32,2018,taxYear
694,697,99,432,134,458,copy,35,26,copy,OTHER
699,699,137,432,148,455,c,11,23,c,OTHER
701,703,151,431,172,454,for,21,23,for,OTHER
705,714,175,431,252,455,employee's,77,24,employee's,OTHER
716,723,254,432,322,461,records.,68,29,records.,OTHER
750,754,307,449,348,487,dept.,41,38,dept.,OTHER
760,761,350,460,380,490,50,30,30,50,OTHER
772,774,564,422,596,448,omb,32,26,omb,OTHER
776,778,600,422,626,448,no.,26,26,no.,OTHER
780,788,630,421,710,448,1545-0008,80,27,1545-0008,OTHER
832,833,1025,425,1048,455,1.,23,30,1.,OTHER
835,837,1052,425,1096,455,the,44,30,the,OTHER
839,847,1100,425,1212,455,following,112,30,following,OTHER
849,859,1216,424,1353,455,information,137,31,information,OTHER
861,868,1357,424,1448,455,reflects,91,31,reflects,OTHER
870,873,1452,424,1508,455,your,56,31,your,OTHER
875,879,1512,424,1566,455,final,54,31,final,OTHER
881,884,1570,424,1626,455,2018,56,31,2018,OTHER
886,888,1630,424,1676,455,pay,46,31,pay,OTHER
890,893,1680,424,1734,455,stub,54,31,stub,OTHER
895,898,1738,424,1792,455,plus,54,31,plus,OTHER
900,902,1796,424,1840,455,any,44,31,any,OTHER
904,914,1844,424,1991,456,adjustments,147,32,adjustments,OTHER
916,924,1995,424,2114,456,submitted,119,32,submitted,OTHER
926,927,2118,425,2149,456,by,31,31,by,OTHER
929,932,2153,425,2211,457,your,58,32,your,OTHER
934,942,2215,425,2338,457,employer.,123,32,employer.,OTHER
945,945,99,453,117,478,d,18,25,d,OTHER
947,953,129,451,184,478,control,55,27,control,OTHER
955,960,186,445,258,476,number,72,31,number,OTHER
996,1003,615,449,679,480,emplover,64,31,emplover,OTHER
1005,1007,683,450,708,479,use,25,29,use,OTHER
1009,1012,714,452,753,484,only,39,32,only,OTHER
1014,1015,758,458,781,489,36,23,31,36,OTHER
1017,1021,96,476,144,504,22520,48,28,22520,OTHER
1023,1024,145,474,174,503,64,29,29,64,OTHER
1064,1064,562,465,582,494,a,20,29,a,OTHER
1131,1135,1102,472,1144,499,gross,42,27,gross,OTHER
1137,1139,1148,468,1181,497,pay,33,29,pay,OTHER
1146,1150,1263,469,1304,496,14510,41,27,14510,OTHER
1161,1166,1456,474,1499,499,social,43,25,social,OTHER
1168,1175,1503,472,1568,499,security,65,27,security,OTHER
1177,1177,1485,616,1495,642,6,10,26,6,OTHER
1178,1178,1485,509,1496,536,4,11,27,4,OTHER
1179,1179,2116,464,2122,489,7,6,25,7,OTHER
1180,1180,108,1326,122,1348,4,14,22,4,OTHER
1181,1181,1855,811,1856,842,.,1,31,.,OTHER
1182,1182,406,1146,424,1175,8,18,29,8,OTHER
1183,1183,1930,535,1941,561,2,11,26,2,OTHER
1192,1199,1835,473,1898,498,ut.state,63,25,ut.state,OTHER
1201,1206,1902,472,1958,498,income,56,26,income,OTHER
1208,1210,1962,471,1988,497,tax,26,26,tax,OTHER
1213,1218,2070,465,2114,494,3248.8,44,29,3248.8,OTHER
1367,1369,1458,509,1482,536,box,24,27,box,OTHER
1371,1371,406,1715,429,1753,4,23,38,4,OTHER
1373,1374,1498,509,1513,535,of,15,26,of,OTHER
1376,1378,1516,509,1555,536,w-2,39,27,w-2,OTHER
1399,1401,1839,497,1866,518,box,27,21,box,OTHER
1403,1404,1869,498,1887,518,17,18,20,17,OTHER
1405,1410,1878,512,1936,536,income,58,24,income,OTHER
1588,1592,1835,511,1876,534,local,41,23,local,OTHER
1597,1598,1889,499,1905,519,of,16,20,of,OTHER
1600,1602,1907,500,1943,520,w-z,36,20,w-z,OTHER
1603,1604,1937,515,1954,537,ta,17,22,ta,OTHER
1609,1615,2077,508,2132,538,3261.99,55,30,3261.99,OTHER
1623,1632,134,518,214,549,employer's,80,31,employer's,OTHER
1634,1638,218,521,267,550,name.,49,29,name.,OTHER
1640,1646,270,523,333,551,more2go,63,28,more2go,OTHER
1648,1650,336,525,375,551,out,39,26,out,OTHER
1793,1795,1837,532,1864,561,box,27,29,box,OTHER
1797,1798,1868,531,1888,560,19,20,29,19,OTHER
1800,1801,1891,532,1904,560,of,13,28,of,OTHER
1803,1803,1907,533,1920,560,w,13,27,w,OTHER
1805,1805,1923,534,1927,561,-,4,27,-,OTHER
1807,1807,1134,617,1142,643,2,8,26,2,OTHER
1824,1825,205,539,239,567,"s,",34,28,"s,",employerName
1827,1834,242,536,356,566,anderson,114,30,anderson,employerName
1836,1838,362,536,409,563,and,47,27,and,employerName
1840,1843,411,536,475,564,ross,64,28,ross,employerName
1845,1847,478,536,525,565,llc,47,29,llc,employerName
1857,1861,154,567,226,598,89405,72,31,89405,employerAddressStreet_name
1863,1869,230,567,328,596,carroll,98,29,carroll,employerAddressStreet_name
1871,1875,331,569,411,597,mount,80,28,mount,employerAddressStreet_name
1964,1967,1102,568,1132,595,fed.,30,27,fed.,OTHER
1969,1974,1136,568,1199,594,income,63,26,income,OTHER
1976,1983,1257,567,1321,593,26940.23,64,26,26940.23,OTHER
1992,1999,1454,567,1520,595,medicare,66,28,medicare,OTHER
2001,2003,1524,566,1550,593,tax,26,27,tax,OTHER
2013,2019,1669,565,1723,592,2578.96,54,27,2578.96,OTHER
2030,2034,160,592,226,625,forth,66,33,forth,employerAddressCity
2036,2043,231,590,346,625,seanside,115,35,seanside,employerAddressCity
2045,2046,387,594,417,622,co,30,28,co,employerAddressState
2048,2057,464,590,604,623,04705-2418,140,33,04705-2418,employerAddressZip
2135,2137,1100,592,1129,619,tax,29,27,tax,OTHER
2139,2146,1131,591,1199,618,withheld,68,27,withheld,OTHER
2165,2172,1454,591,1530,618,withheld,76,27,withheld,OTHER
2290,2292,1106,615,1129,642,box,23,27,box,OTHER
2294,2294,1538,614,1558,642,2,20,28,2,OTHER
2296,2297,1146,618,1161,644,of,15,26,of,OTHER
2299,2301,1165,618,1194,644,w-2,29,26,w-2,OTHER
2317,2319,1453,612,1483,642,box,30,30,box,OTHER
2321,2321,1178,1757,1200,1797,6,22,40,6,OTHER
2323,2324,1498,616,1513,643,of,15,27,of,OTHER
2326,2326,1516,616,1528,643,w,12,27,w,OTHER
2328,2328,1530,616,1535,643,-,5,27,-,OTHER
2330,2330,1419,861,1437,889,2,18,28,2,OTHER
2351,2353,1843,614,1865,640,box,22,26,box,OTHER
2355,2356,1869,613,1887,639,14,18,26,14,OTHER
2358,2359,1891,614,1903,642,of,12,28,of,OTHER
2361,2362,1907,616,1930,645,w-,23,29,w-,OTHER
2401,2405,407,681,475,712,batch,68,31,batch,OTHER
2431,2436,590,678,675,711,#02021,85,33,#02021,OTHER
2438,2440,98,728,129,754,elf,31,26,elf,OTHER
2442,2450,133,728,216,755,employees,83,27,employees,OTHER
2452,2456,219,728,266,756,name.,47,28,name.,OTHER
2458,2464,268,728,330,756,address,62,28,address,OTHER
2466,2468,333,728,362,756,and,29,28,and,OTHER
2470,2472,365,728,390,756,zip,25,28,zip,OTHER
2474,2477,393,727,440,755,code,47,28,code,OTHER
2586,2587,1023,753,1048,782,2.,25,29,2.,OTHER
2589,2592,1053,753,1111,782,your,58,29,your,OTHER
2594,2598,1116,753,1187,782,gross,71,29,gross,OTHER
2600,2602,1193,754,1238,783,pay,45,29,pay,OTHER
2604,2606,1243,754,1292,783,was,49,29,was,OTHER
2608,2615,1297,754,1398,783,adjusted,101,29,adjusted,OTHER
2617,2618,1403,754,1431,783,as,28,29,as,OTHER
2620,2626,1436,753,1522,783,follows,86,30,follows,OTHER
2628,2629,1527,753,1552,783,to,25,30,to,OTHER
2631,2637,1557,753,1658,783,produce,101,30,produce,OTHER
2639,2642,1663,752,1718,783,your,55,31,your,OTHER
2644,2646,1723,752,1770,783,w-2,47,31,w-2,OTHER
2648,2656,1775,751,1893,783,statement,118,32,statement,OTHER
2665,2672,155,783,265,812,jennifer,110,29,jennifer,employeeName
2674,2677,308,787,367,813,king,59,26,king,OTHER
2686,2688,154,811,199,842,883,45,31,883,OTHER
2690,2695,203,811,290,840,adrian,87,29,adrian,OTHER
2697,2703,294,811,393,842,highway,99,31,highway,OTHER
2828,2833,1333,817,1389,844,"wages,",56,27,"wages,",OTHER
2835,2839,1394,816,1430,844,"tips,",36,28,"tips,",OTHER
2841,2844,1435,814,1465,842,othe,30,28,othe,OTHER
2850,2855,1581,814,1625,845,social,44,31,social,OTHER
2857,2861,1630,813,1673,843,secur,43,30,secur,OTHER
2864,2869,1679,813,1730,841,medica,51,28,medica,OTHER
2887,2888,1839,811,1850,842,jt,11,31,jt,OTHER
2890,2890,311,959,320,988,.,9,29,.,OTHER
2892,2896,1861,811,1898,842,state,37,31,state,OTHER
2898,2902,1903,811,1947,841,wages,44,30,wages,OTHER
2904,2904,1952,811,1973,841,",",21,30,",",OTHER
2906,2911,1992,811,2035,841,butler,43,30,butler,OTHER
2913,2922,2040,811,2134,842,throughway,94,31,throughway,OTHER
2932,2941,159,837,293,869,delvinfurt,134,32,delvinfurt,OTHER
2943,2944,335,840,368,869,pa,33,29,pa,OTHER
2946,2955,402,841,535,870,15020-3609,133,29,15020-3609,OTHER
3107,3109,1334,857,1362,887,box,28,30,box,OTHER
3111,3111,1367,858,1375,887,1,8,29,1,OTHER
3113,3114,1381,859,1393,888,of,12,29,of,OTHER
3116,3116,1398,860,1408,888,w,10,28,w,OTHER
3118,3118,1413,860,1414,888,-,1,28,-,OTHER
3120,3120,1666,860,1675,891,2,9,31,2,OTHER
3129,3133,1582,841,1644,871,wages,62,30,wages,OTHER
3134,3138,1679,829,1742,860,wanes,63,31,wanes,OTHER
3166,3170,1839,841,1873,867,"rips,",34,26,"rips,",OTHER
3171,3172,1870,857,1888,886,16,18,29,16,OTHER
3173,3175,1877,842,1897,868,etc,20,26,etc,OTHER
3176,3177,1625,860,1639,892,of,14,32,of,OTHER
3179,3179,1642,860,1656,891,w,14,31,w,OTHER
3180,3180,1659,860,1662,891,-,3,31,-,OTHER
3390,3392,1578,860,1609,893,box,31,33,box,OTHER
3408,3412,1992,838,2031,866,local,39,28,local,OTHER
3414,3419,2035,833,2105,865,"wages,",70,32,"wages,",OTHER
3591,3593,1679,860,1707,891,box,28,31,box,OTHER
3595,3595,1612,860,1622,892,3,10,32,3,OTHER
3597,3598,1726,860,1739,891,of,13,31,of,OTHER
3600,3600,1743,860,1754,890,w,11,30,w,OTHER
3602,3602,1758,860,1760,890,-,2,30,-,OTHER
3604,3604,1764,860,1779,890,2,15,30,2,OTHER
3606,3608,1837,857,1866,885,box,29,28,box,OTHER
3610,3610,1711,860,1722,891,5,11,31,5,OTHER
3612,3613,1891,858,1904,888,of,13,30,of,OTHER
3617,3617,257,1441,265,1469,-,8,28,-,OTHER
3619,3619,1180,1674,1203,1708,2,23,34,2,OTHER
3624,3633,134,906,216,931,employer's,82,25,employer's,OTHER
3635,3637,219,906,253,931,fed,34,25,fed,OTHER
3639,3640,256,905,272,931,id,16,26,id,OTHER
3642,3647,276,904,333,931,number,57,27,number,OTHER
3661,3661,406,903,425,933,a,19,30,a,OTHER
3663,3672,435,903,521,931,employee's,86,28,employee's,OTHER
3674,3676,524,903,556,932,ssa,32,29,ssa,OTHER
3678,3683,559,904,633,936,number,74,32,number,OTHER
3847,3852,1997,912,2048,941,145100,51,29,145100,OTHER
3854,3854,2053,911,2068,940,1,15,29,1,OTHER
3862,3871,150,920,258,950,72-3764743,108,30,72-3764743,einEmployerIdentificationNumber
3913,3923,561,924,667,955,057-36-8045,106,31,057-36-8045,ssnOfEmployee
3970,3975,1071,926,1140,961,tgross,69,35,tgross,OTHER
3977,3979,1145,926,1173,952,pay,28,26,pay,OTHER
4008,4016,1373,923,1455,953,145100.06,82,30,145100.06,OTHER
4026,4029,1581,934,1625,959,3492,44,25,3492,OTHER
4037,4044,1685,921,1751,951,145100.1,66,30,145100.1,OTHER
4064,4071,1842,921,1902,949,145100.1,60,28,145100.1,OTHER
4078,4082,132,964,179,991,wages,47,27,wages,OTHER
4084,4084,182,963,188,990,",",6,27,",",OTHER
4086,4090,190,962,225,990,"tips,",35,28,"tips,",OTHER
4092,4096,228,961,268,989,other,40,28,other,OTHER
4098,4101,270,959,309,988,comp,39,29,comp,OTHER
4103,4103,610,1164,615,1191,.,5,27,.,OTHER
4115,4121,433,957,489,991,federal,56,34,federal,OTHER
4123,4128,493,959,548,992,income,55,33,income,OTHER
4130,4132,552,961,575,992,tax,23,31,tax,OTHER
4134,4140,579,962,636,991,withhel,57,29,withhel,OTHER
4223,4225,1334,965,1370,992,750,36,27,750,OTHER
4243,4244,1580,960,1618,992,,38,32,,OTHER
4246,4248,1678,963,1713,990,nia,35,27,nia,OTHER
4281,4284,1836,947,1880,976,3492,44,29,3492,OTHER
4299,4302,1992,948,2034,973,3492,42,25,3492,OTHER
4411,4414,1022,966,1058,993,less,36,27,less,OTHER
4416,4418,1063,965,1083,991,401,20,26,401,OTHER
4420,4422,1088,964,1107,990,(k),19,26,(k),OTHER
4424,4429,1111,962,1161,989,(d-box,50,27,(d-box,OTHER
4431,4432,1165,962,1184,987,2),19,25,2),OTHER
4529,4536,1993,971,2058,1005,26940.23,65,34,26940.23,OTHER
4646,4653,1022,1000,1089,1026,reported,67,26,reported,OTHER
4655,4656,1907,860,1930,891,w-,23,31,w-,OTHER
4657,4657,906,2779,914,2806,2,8,27,2,OTHER
4659,4663,1126,994,1181,1024,wages,55,30,wages,OTHER
4688,4696,1333,988,1406,1022,201685.01,73,34,201685.01,OTHER
4709,4716,1588,989,1666,1021,17685.01,78,32,17685.01,OTHER
4718,4726,1681,994,1753,1024,111685.01,72,30,111685.01,OTHER
4746,4746,1845,992,1850,1018,1,5,26,1,OTHER
4748,4753,1854,992,1902,1020,1685.0,48,28,1685.0,OTHER
4764,4765,1993,993,2004,1022,11,11,29,11,OTHER
4767,4773,2009,995,2068,1023,1685.01,59,28,1685.01,OTHER
4780,4785,134,1020,179,1047,social,45,27,social,OTHER
4787,4794,183,1018,242,1046,security,59,28,security,OTHER
4796,4800,246,1015,297,1044,wages,51,29,wages,OTHER
4816,4821,435,1018,481,1048,social,46,30,social,OTHER
4823,4830,485,1018,543,1048,security,58,30,security,OTHER
4832,4834,546,1019,570,1048,tax,24,29,tax,OTHER
4836,4843,574,1018,640,1047,withheld,66,29,withheld,OTHER
4852,4859,139,1089,198,1118,medicare,59,29,medicare,OTHER
4889,4896,433,1089,503,1115,medicare,70,26,medicare,OTHER
4898,4900,506,1089,529,1114,tax,23,25,tax,OTHER
4902,4909,532,1089,601,1115,withheld,69,26,withheld,OTHER
4953,4954,1024,1085,1046,1116,3.,22,31,3.,OTHER
4956,4963,1052,1085,1168,1116,employee,116,31,employee,OTHER
4965,4967,1173,1085,1220,1116,w-4,47,31,w-4,OTHER
4969,4976,1226,1085,1312,1116,profile.,86,31,profile.,OTHER
4978,4979,1317,1085,1348,1116,to,31,31,to,OTHER
4981,4986,1353,1085,1439,1116,change,86,31,change,OTHER
4988,4991,1444,1086,1500,1116,your,56,30,your,OTHER
4993,5000,1505,1086,1624,1116,employee,119,30,employee,OTHER
5002,5004,1628,1086,1675,1117,w-4,47,31,w-4,OTHER
5006,5012,1679,1086,1758,1117,profile,79,31,profile,OTHER
5014,5025,1762,1086,1906,1117,"information,",144,31,"information,",OTHER
5027,5030,1909,1086,1949,1117,file,40,31,file,OTHER
5032,5032,1952,1086,1969,1117,a,17,31,a,OTHER
5034,5036,1972,1086,2024,1117,new,52,31,new,OTHER
5038,5040,2029,1086,2076,1117,w-4,47,31,w-4,OTHER
5042,5045,2079,1086,2133,1117,with,54,31,with,OTHER
5047,5050,2136,1086,2192,1118,your,56,32,your,OTHER
5052,5058,2194,1086,2283,1118,payroll,89,32,payroll,OTHER
5060,5064,2285,1086,2358,1118,dept.,73,32,dept.,OTHER
5073,5078,150,1107,206,1135,88929.,56,28,88929.,OTHER
5079,5083,203,1088,252,1114,wages,49,26,wages,OTHER
5100,5101,208,1105,240,1132,79,32,27,79,OTHER
5103,5105,256,1088,282,1111,and,26,23,and,OTHER
5107,5110,287,1088,325,1111,tips,38,23,tips,OTHER
5143,5146,561,1107,597,1135,2578,36,28,2578,OTHER
5148,5149,601,1110,620,1137,.9,19,27,.9,OTHER
5191,5191,414,1481,435,1512,8,21,31,8,OTHER
5193,5201,436,1145,503,1176,allocated,67,31,allocated,OTHER
5203,5206,506,1146,549,1182,tips,43,36,tips,OTHER
5355,5360,1837,1151,1877,1181,social,40,30,social,OTHER
5362,5369,1882,1151,1936,1179,security,54,28,security,OTHER
5371,5373,1940,1152,1969,1177,num,29,25,num,OTHER
5375,5376,1973,1154,1991,1177,be,18,23,be,OTHER
5383,5388,151,1163,206,1193,84538.,55,30,84538.,OTHER
5390,5391,208,1160,238,1193,11,30,33,11,OTHER
5436,5440,562,1164,607,1192,88929,45,28,88929,OTHER
5442,5442,612,1436,615,1467,.,3,31,.,OTHER
5444,5445,619,1163,642,1191,79,23,28,79,OTHER
5496,5503,1106,1170,1225,1200,jennifer,119,30,jennifer,OTHER
5505,5508,1277,1171,1337,1203,king,60,32,king,OTHER
5617,5623,2072,1160,2141,1193,married,69,33,married,OTHER
5628,5639,132,1207,217,1236,verification,85,29,verification,OTHER
5641,5644,221,1207,262,1233,code,41,26,code,OTHER
5666,5666,413,1207,432,1233,0,19,26,0,OTHER
5668,5676,439,1207,521,1234,dependent,82,27,dependent,OTHER
5678,5681,524,1207,556,1234,care,32,27,care,OTHER
5683,5690,559,1207,617,1234,benefits,58,27,benefits,OTHER
5742,5744,1103,1207,1154,1237,883,51,30,883,OTHER
5746,5751,1159,1208,1253,1238,adrian,94,30,adrian,OTHER
5753,5759,1260,1207,1370,1238,highway,110,31,highway,OTHER
5828,5834,1835,1201,1905,1229,federal,70,28,federal,OTHER
5836,5836,1907,1199,1926,1228,:,19,29,:,OTHER
5955,5959,1101,1252,1177,1277,north,76,25,north,OTHER
5961,5968,1191,1249,1308,1276,seanside,117,27,seanside,OTHER
5970,5971,1364,1248,1393,1272,co,29,24,co,OTHER
6041,6045,1834,1233,1897,1268,local,63,35,local,OTHER
6049,6049,107,1265,123,1288,1,16,23,1,OTHER
6051,6062,136,1266,230,1288,nonqualified,94,22,nonqualified,OTHER
6087,6088,414,1263,436,1290,2a,22,27,2a,OTHER
6090,6092,441,1264,467,1290,see,26,26,see,OTHER
6094,6105,471,1263,558,1290,instructions,87,27,instructions,OTHER
6107,6109,562,1263,584,1290,for,22,27,for,OTHER
6111,6113,588,1262,616,1289,box,28,27,box,OTHER
6115,6116,620,1261,636,1288,12,16,27,12,OTHER
6124,6126,153,1277,189,1304,168,36,27,168,OTHER
6128,6132,233,1264,274,1287,plans,41,23,plans,OTHER
6136,6136,1993,1715,2016,1749,4,23,34,4,OTHER
6138,6142,142,1325,187,1349,other,45,24,other,OTHER
6197,6198,564,1313,578,1334,34,14,21,34,OTHER
6200,6201,582,1312,596,1334,92,14,22,92,OTHER
6244,6245,413,1349,440,1377,20,27,28,20,OTHER
6265,6267,562,1343,600,1369,112,38,26,112,OTHER
6309,6309,411,1378,415,1411,a,4,33,a,OTHER
6311,6314,421,1379,441,1413,stat,20,34,stat,OTHER
6316,6318,447,1381,477,1415,emp,30,34,emp,OTHER
6320,6322,483,1383,503,1416,fet,20,33,fet,OTHER
6324,6327,508,1383,551,1416,plan,43,33,plan,OTHER
6329,6331,559,1384,579,1416,and,20,32,and,OTHER
6333,6337,582,1383,609,1415,party,27,32,party,OTHER
6339,6342,612,1382,635,1414,sick,23,32,sick,OTHER
6344,6346,637,1380,663,1412,pay,26,32,pay,OTHER
6351,6355,138,1431,183,1453,state,45,22,state,OTHER
6357,6359,230,1441,254,1470,029,24,29,029,OTHER
6363,6364,268,1441,284,1469,46,16,28,46,OTHER
6366,6369,287,1441,334,1470,-458,47,29,-458,OTHER
6404,6408,562,1434,607,1467,38205,45,33,38205,box16StateWagesTips
6410,6410,220,1677,223,1704,.,3,27,.,OTHER
6412,6413,620,1436,634,1468,08,14,32,08,box16StateWagesTips
6416,6417,101,1483,123,1509,17,22,26,17,OTHER
6419,6423,143,1485,179,1511,state,36,26,state,OTHER
6425,6430,182,1485,239,1511,income,57,26,income,OTHER
6432,6434,242,1484,269,1510,tax,27,26,tax,OTHER
6455,6455,405,2056,427,2089,8,22,33,8,OTHER
6457,6461,444,1482,483,1514,local,39,32,local,OTHER
6463,6467,487,1484,530,1514,wanes,43,30,wanes,OTHER
6469,6469,534,1486,538,1514,",",4,28,",",OTHER
6471,6475,542,1486,576,1514,"tips,",34,28,"tips,",OTHER
6477,6480,580,1487,623,1514,etc.,43,27,etc.,OTHER
6487,6491,139,1540,180,1572,local,41,32,local,OTHER
6493,6498,184,1540,239,1572,income,55,32,income,OTHER
6500,6501,243,1539,260,1569,ta,17,30,ta,OTHER
6524,6531,444,1541,500,1573,locality,56,32,locality,OTHER
6533,6536,504,1546,556,1578,name,52,32,name,OTHER
6538,6543,561,1550,623,1583,butler,62,33,butler,OTHER
6545,6554,628,1555,729,1590,throughway,101,35,throughway,OTHER
6663,6663,1023,1558,1034,1588,@,11,30,@,OTHER
6665,6668,1039,1557,1071,1588,2018,32,31,2018,OTHER
6670,6672,1076,1557,1103,1586,adp,27,29,adp,OTHER
6674,6674,1108,1556,1113,1586,",",5,30,",",OTHER
6676,6678,1118,1556,1156,1586,llc,38,30,llc,OTHER
6682,6682,98,1678,118,1707,1,20,29,1,OTHER
6684,6688,134,1678,177,1706,wades,43,28,wades,OTHER
6690,6690,183,1678,185,1705,",",2,27,",",OTHER
6692,6695,191,1677,215,1705,tips,24,28,tips,OTHER
6697,6697,312,1672,323,1701,.,11,29,.,OTHER
6699,6703,228,1675,266,1704,other,38,29,other,OTHER
6705,6708,271,1673,307,1702,comp,36,29,comp,OTHER
6710,6710,987,1675,990,1702,.,3,27,.,OTHER
6719,6725,435,1674,489,1706,federal,54,32,federal,OTHER
6727,6732,493,1675,548,1707,income,55,32,income,OTHER
6734,6736,552,1676,574,1707,tax,22,31,tax,OTHER
6738,6745,578,1677,641,1708,withheld,63,31,withheld,OTHER
6766,6766,867,1676,890,1708,1,23,32,1,OTHER
6768,6772,901,1675,946,1705,wages,45,30,wages,OTHER
6774,6774,951,1675,954,1703,",",3,28,",",OTHER
6776,6779,960,1675,981,1703,tips,21,28,tips,OTHER
6781,6781,1079,1674,1086,1703,.,7,29,.,OTHER
6783,6787,996,1674,1033,1702,other,37,28,other,OTHER
6789,6792,1040,1674,1073,1702,comp,33,28,comp,OTHER
6794,6794,1800,1677,1805,1707,.,5,30,.,OTHER
6804,6804,1720,2780,1727,2806,2,7,26,2,OTHER
6806,6812,1209,1674,1261,1708,federal,52,34,federal,OTHER
6814,6819,1267,1675,1319,1707,income,52,32,income,OTHER
6821,6823,1325,1675,1346,1707,tax,21,32,tax,OTHER
6825,6831,1351,1676,1406,1707,withhel,55,31,withhel,OTHER
6868,6872,1714,1677,1760,1707,wages,46,30,wages,OTHER
6874,6874,1765,1678,1769,1707,",",4,29,",",OTHER
6876,6879,1774,1678,1794,1707,tips,20,29,tips,OTHER
6881,6881,1893,1672,1900,1702,.,7,30,.,OTHER
6883,6887,1811,1676,1847,1706,other,36,30,other,OTHER
6889,6892,1853,1673,1888,1705,comp,35,32,comp,OTHER
6894,6894,199,1743,206,1768,.,7,25,.,OTHER
6903,6909,2022,1675,2075,1706,federal,53,31,federal,OTHER
6911,6916,2081,1675,2133,1706,income,52,31,income,OTHER
6918,6920,2138,1675,2161,1706,tax,23,31,tax,OTHER
6922,6929,2166,1675,2224,1706,withheld,58,31,withheld,OTHER
6936,6941,134,1722,180,1748,social,46,26,social,OTHER
6943,6950,183,1723,243,1748,security,60,25,security,OTHER
6952,6956,246,1721,296,1748,wages,50,27,wages,OTHER
6967,6967,1689,2233,1703,2256,4,14,23,4,OTHER
6969,6974,436,1715,477,1753,social,41,38,social,OTHER
6976,6983,484,1716,541,1752,security,57,36,security,OTHER
6985,6987,547,1715,566,1749,tax,19,34,tax,OTHER
6989,6996,572,1712,640,1747,withheld,68,35,withheld,OTHER
7018,7023,902,1721,946,1749,social,44,28,social,OTHER
7024,7028,149,1744,197,1769,84638,48,25,84638,OTHER
7125,7132,950,1721,1008,1748,security,58,27,security,OTHER
7154,7159,1209,1715,1252,1755,social,43,40,social,OTHER
7161,7168,1257,1715,1313,1752,security,56,37,security,OTHER
7170,7172,1319,1714,1340,1748,tax,21,34,tax,OTHER
7174,7181,1345,1712,1409,1746,withheld,64,34,withheld,OTHER
7252,7257,1716,1721,1760,1749,social,44,28,social,OTHER
7259,7266,1765,1721,1822,1746,security,57,25,security,OTHER
7268,7270,2133,1717,2154,1748,tax,21,31,tax,OTHER
7272,7279,2159,1715,2219,1747,withheld,60,32,withheld,OTHER
7381,7381,992,1736,1001,1764,.,9,28,.,OTHER
7383,7384,1816,1735,1843,1762,11,27,27,11,OTHER
7385,7389,1013,1722,1066,1747,wages,53,25,wages,OTHER
7418,7423,1334,1734,1397,1770,6474.8,63,36,6474.8,OTHER
7470,7475,2023,1716,2066,1750,social,43,34,social,OTHER
7477,7484,2071,1717,2128,1750,security,57,33,security,OTHER
7486,7487,208,1741,235,1767,11,27,26,11,OTHER
7681,7686,1757,1737,1813,1763,84538.,56,26,84538.,OTHER
7694,7697,1827,1721,1863,1744,wage,36,23,wage,OTHER
7705,7709,944,1737,990,1764,84638,46,27,84638,OTHER
7711,7711,2186,1736,2193,1768,.,7,32,.,OTHER
7713,7714,1003,1736,1025,1763,11,22,27,11,OTHER
7722,7724,136,1772,164,1801,veg,28,29,veg,OTHER
7726,7729,167,1770,199,1800,care,32,30,care,OTHER
7731,7735,202,1766,251,1798,wanes,49,32,wanes,OTHER
7737,7739,255,1764,283,1796,and,28,32,and,OTHER
7741,7744,286,1760,327,1795,tips,41,35,tips,OTHER
7783,7790,433,1758,499,1796,medicare,66,38,medicare,OTHER
7792,7794,506,1759,526,1796,tax,20,37,tax,OTHER
7796,7803,533,1762,604,1802,withheld,71,40,withheld,OTHER
7805,7806,611,1772,640,1807,96,29,35,96,OTHER
7869,7876,1207,1757,1273,1796,medicare,66,39,medicare,OTHER
7878,7880,1280,1760,1299,1796,tax,19,36,tax,OTHER
7882,7889,1306,1761,1387,1799,withheld,81,38,withheld,OTHER
7969,7976,2021,1760,2086,1798,medicare,65,38,medicare,OTHER
7978,7980,2093,1760,2114,1794,tax,21,34,tax,OTHER
7981,7984,2149,1736,2184,1771,6474,35,35,6474,OTHER
7991,7991,437,1805,442,1837,.,5,32,.,OTHER
7993,7994,2195,1734,2219,1767,82,24,33,82,OTHER
8237,8244,2120,1761,2199,1799,withheld,79,38,withheld,OTHER
8337,8341,930,1773,969,1802,leggy,39,29,leggy,OTHER
8343,8347,973,1768,1021,1800,wages,48,32,wages,OTHER
8349,8351,1024,1766,1052,1797,and,28,31,and,OTHER
8353,8356,1055,1762,1086,1795,tips,31,33,tips,OTHER
8436,8440,1758,1774,1812,1803,88929,54,29,88929,OTHER
8442,8443,1815,1771,1835,1801,95,20,30,95,OTHER
8445,8446,1838,1768,1858,1798,an,20,30,an,OTHER
8473,8477,307,1811,360,1844,dept.,53,33,dept.,OTHER
8482,8485,407,1805,432,1838,corp,25,33,corp,OTHER
8488,8488,1211,1810,1225,1839,.,14,29,.,OTHER
8509,8516,616,1809,679,1838,employer,63,29,employer,OTHER
8518,8520,683,1809,709,1840,use,26,31,use,OTHER
8522,8525,713,1811,752,1843,only,39,32,only,OTHER
8595,8602,1388,1806,1452,1838,employer,64,32,employer,OTHER
8604,8606,1456,1808,1482,1838,use,26,30,use,OTHER
8608,8611,1486,1807,1529,1838,only,43,31,only,OTHER
8694,8701,2200,1808,2266,1839,employer,66,31,employer,OTHER
8703,8705,2270,1811,2296,1842,use,26,31,use,OTHER
8707,8710,2300,1813,2338,1846,only,38,33,only,OTHER
8712,8713,2343,1818,2371,1851,36,28,33,36,OTHER
8715,8722,100,1813,183,1847,2control,83,34,2control,OTHER
8724,8727,189,1810,226,1839,numb,37,29,numb,OTHER
8800,8807,875,1813,952,1847,2control,77,34,2control,OTHER
8809,8814,955,1807,1025,1837,number,70,30,number,OTHER
8827,8829,1123,1824,1164,1859,150,41,35,150,OTHER
8830,8833,1180,1810,1206,1839,corp,26,29,corp,OTHER
8835,8835,1945,1813,1964,1842,.,19,29,.,OTHER
8900,8906,1711,1812,1766,1842,control,55,30,control,OTHER
8908,8913,1769,1808,1832,1836,number,63,28,number,OTHER
8925,8928,1912,1813,1941,1841,dept,29,28,dept,OTHER
8930,8930,2024,1809,2038,1841,.,14,32,.,OTHER
8932,8935,1993,1811,2020,1842,corp,27,31,corp,OTHER
8937,8937,1306,2501,1310,2532,.,4,31,.,OTHER
8940,8949,135,1842,216,1876,employer's,81,34,employer's,OTHER
8951,8955,219,1848,267,1879,"name,",48,31,"name,",OTHER
8957,8963,270,1849,324,1880,address,54,31,address,OTHER
8965,8965,328,1850,334,1880,",",6,30,",",OTHER
8967,8969,338,1849,366,1880,and,28,31,and,OTHER
8971,8973,369,1849,395,1879,zip,26,30,zip,OTHER
8975,8978,399,1847,437,1877,code,38,30,code,OTHER
9024,9033,902,1844,984,1878,employer's,82,34,employer's,OTHER
9035,9038,987,1849,1026,1880,name,39,31,name,OTHER
9040,9040,1029,1850,1035,1880,",",6,30,",",OTHER
9042,9048,1038,1850,1093,1880,address,55,30,address,OTHER
9050,9050,1096,1851,1102,1880,",",6,29,",",OTHER
9052,9054,1105,1850,1135,1880,and,30,30,and,OTHER
9056,9058,1138,1850,1164,1879,zip,26,29,zip,OTHER
9060,9063,1167,1848,1209,1878,code,42,30,code,OTHER
9123,9133,1680,1839,1797,1877,"""employer's",117,38,"""employer's",OTHER
9135,9139,1801,1847,1846,1878,"name,",45,31,"name,",OTHER
9141,9147,1850,1849,1904,1879,address,54,30,address,OTHER
9149,9149,1908,1850,1914,1879,",",6,29,",",OTHER
9151,9153,1917,1850,1946,1879,and,29,29,and,OTHER
9155,9157,1949,1850,1974,1878,zip,25,28,zip,OTHER
9159,9162,1978,1848,2023,1877,code,45,29,code,OTHER
9172,9176,152,1876,217,1904,hayes,65,28,hayes,OTHER
9178,9178,221,1875,239,1904,",",18,29,",",OTHER
9180,9187,244,1874,353,1905,anderson,109,31,anderson,OTHER
9189,9191,362,1874,407,1905,and,45,31,and,OTHER
9193,9196,413,1874,471,1905,ross,58,31,ross,OTHER
9198,9200,479,1874,523,1904,llc,44,30,llc,OTHER
9255,9260,944,1867,1032,1903,"hayes,",88,36,"hayes,",OTHER
9262,9269,1036,1873,1151,1907,anderson,115,34,anderson,OTHER
9271,9273,1155,1877,1201,1907,and,46,30,and,OTHER
9275,9278,1205,1876,1267,1907,ross,62,31,ross,OTHER
9280,9282,1272,1873,1319,1905,llc,47,32,llc,OTHER
9357,9362,1758,1876,1845,1905,"hayes,",87,29,"hayes,",OTHER
9364,9371,1849,1877,1960,1905,anderson,111,28,anderson,OTHER
9373,9375,1968,1876,2014,1905,and,46,29,and,OTHER
9377,9380,2017,1875,2079,1904,ross,62,29,ross,OTHER
9382,9384,2083,1874,2131,1903,llc,48,29,llc,OTHER
9399,9400,191,1906,226,1938,05,35,32,05,OTHER
9402,9408,231,1906,331,1937,carroll,100,31,carroll,OTHER
9485,9486,989,1905,1019,1937,05,30,32,05,OTHER
9488,9494,1023,1905,1121,1937,carroll,98,32,carroll,OTHER
9496,9500,1125,1905,1205,1939,mount,80,34,mount,OTHER
9585,9585,1812,1907,1832,1938,5,20,31,5,OTHER
9587,9593,1836,1906,1935,1938,carroll,99,32,carroll,OTHER
9595,9599,1938,1905,2010,1934,mount,72,29,mount,OTHER
9609,9613,152,1931,226,1965,north,74,34,north,OTHER
9615,9622,230,1933,342,1965,seanside,112,32,seanside,OTHER
9624,9625,386,1935,416,1967,co,30,32,co,OTHER
9627,9636,465,1931,601,1965,04705-2418,136,34,04705-2418,OTHER
9694,9698,944,1933,1015,1966,north,71,33,north,OTHER
9700,9707,1024,1933,1135,1966,seanside,111,33,seanside,OTHER
9709,9710,1179,1933,1207,1968,co,28,35,co,OTHER
9712,9721,1258,1931,1385,1964,04705-2418,127,33,04705-2418,OTHER
9794,9798,1758,1932,1830,1963,north,72,31,north,OTHER
9800,9807,1838,1933,1949,1963,seanside,111,30,seanside,OTHER
9809,9810,1993,1935,2020,1968,co,27,33,co,OTHER
9812,9821,2071,1929,2209,1966,04705-2418,138,37,04705-2418,OTHER
9830,9839,135,1999,215,2026,employer's,80,27,employer's,OTHER
9841,9843,220,2000,251,2027,fed,31,27,fed,OTHER
9845,9846,255,2000,270,2027,id,15,27,id,OTHER
9848,9853,274,2000,329,2029,number,55,29,number,OTHER
9864,9873,434,1998,521,2032,employee's,87,34,employee's,OTHER
9875,9877,526,1998,555,2031,ssa,29,33,ssa,OTHER
9879,9884,560,1998,612,2031,number,52,33,number,OTHER
9916,9925,151,2015,259,2046,72-3764743,108,31,72-3764743,OTHER
9956,9965,1208,1997,1293,2031,employee's,85,34,employee's,OTHER
9967,9969,1298,1998,1327,2031,ssa,29,33,ssa,OTHER
9971,9976,1332,1999,1390,2031,number,58,32,number,OTHER
10012,10021,1716,1997,1797,2027,employer's,81,30,employer's,OTHER
10023,10025,1802,1999,1832,2027,fed,30,28,fed,OTHER
10027,10028,1836,1999,1853,2028,id,17,29,id,OTHER
10030,10035,1857,1999,1926,2028,number,69,29,number,OTHER
10050,10050,1992,1998,2014,2031,a,22,33,a,OTHER
10052,10061,2022,1998,2107,2031,employee's,85,33,employee's,OTHER
10063,10065,2112,1998,2143,2031,ssa,31,33,ssa,OTHER
10067,10072,2148,1998,2202,2031,number,54,33,number,OTHER
10081,10090,945,2010,1054,2044,72-3764743,109,34,72-3764743,OTHER
10265,10274,1757,2020,1863,2045,72-3764743,106,25,72-3764743,OTHER
10281,10286,133,2066,179,2095,social,46,29,social,OTHER
10288,10295,182,2064,241,2095,security,59,31,security,OTHER
10297,10300,244,2062,271,2092,tips,27,30,tips,OTHER
10316,10316,1180,2053,1203,2088,8,23,35,8,OTHER
10318,10326,436,2056,503,2087,allocated,67,31,allocated,OTHER
10328,10331,507,2057,550,2089,tips,43,32,tips,OTHER
10364,10369,901,2061,946,2091,social,45,30,social,OTHER
10371,10378,950,2062,1009,2093,security,59,31,security,OTHER
10380,10383,1012,2065,1037,2094,tips,25,29,tips,OTHER
10405,10405,411,2554,435,2584,8,24,30,8,OTHER
10407,10415,1209,2054,1274,2088,allocated,65,34,allocated,OTHER
10417,10420,1280,2057,1325,2088,tips,45,31,tips,OTHER
10464,10469,1714,2058,1760,2089,social,46,31,social,OTHER
10471,10478,1764,2061,1822,2089,security,58,28,security,OTHER
10480,10481,1825,2061,1839,2089,ti,14,28,ti,OTHER
10505,10513,2024,2058,2090,2088,allocated,66,30,allocated,OTHER
10515,10518,2095,2057,2135,2087,tips,40,30,tips,OTHER
10575,10582,561,2073,641,2101,88929.79,80,28,88929.79,OTHER
10666,10671,1334,2077,1389,2104,88929.,55,27,88929.,OTHER
10673,10674,1392,2076,1411,2102,79,19,26,79,OTHER
10762,10767,2146,2076,2203,2102,88929.,57,26,88929.,OTHER
10769,10770,2204,2075,2221,2102,79,17,27,79,OTHER
10776,10787,133,2116,216,2146,verification,83,30,verification,OTHER
10789,10792,221,2117,263,2144,code,42,27,code,OTHER
10812,10813,408,2117,432,2149,10,24,32,10,OTHER
10815,10823,438,2117,519,2149,dependent,81,32,dependent,OTHER
10825,10828,523,2118,554,2147,care,31,29,care,OTHER
10830,10836,559,2117,611,2146,benefit,52,29,benefit,OTHER
10860,10871,900,2117,986,2148,verification,86,31,verification,OTHER
10873,10876,990,2117,1027,2147,code,37,30,code,OTHER
10900,10901,1179,2114,1208,2147,10,29,33,10,OTHER
10903,10911,1212,2116,1293,2148,dependent,81,32,dependent,OTHER
10913,10916,1298,2118,1329,2148,care,31,30,care,OTHER
10918,10925,1333,2118,1389,2147,benefits,56,29,benefits,OTHER
10960,10971,1715,2117,1798,2147,verification,83,30,verification,OTHER
10973,10976,1802,2118,1837,2147,code,35,29,code,OTHER
10998,10999,1992,2115,2020,2146,10,28,31,10,OTHER
11001,11009,2027,2116,2106,2148,dependent,79,32,dependent,OTHER
11011,11014,2111,2118,2142,2148,care,31,30,care,OTHER
11016,11022,2146,2117,2196,2147,benefit,50,30,benefit,OTHER
11170,11172,1336,2132,1378,2164,283,42,32,283,OTHER
11176,11176,107,2176,124,2202,1,17,26,1,OTHER
11178,11189,137,2178,230,2205,nonqualified,93,27,nonqualified,OTHER
11191,11195,233,2177,281,2205,plans,48,28,plans,OTHER
11215,11216,414,2175,434,2206,2a,20,31,2a,OTHER
11218,11220,440,2176,464,2206,see,24,30,see,OTHER
11222,11233,470,2176,557,2206,instructions,87,30,instructions,OTHER
11235,11237,562,2176,583,2205,for,21,29,for,OTHER
11239,11241,589,2175,616,2205,box,27,30,box,OTHER
11243,11244,621,2175,638,2204,12,17,29,12,OTHER
11263,11274,905,2175,997,2205,nonqualified,92,30,nonqualified,OTHER
11276,11280,1002,2175,1048,2205,plans,46,30,plans,OTHER
11303,11305,1178,2176,1209,2207,12a,31,31,12a,OTHER
11307,11309,1214,2176,1239,2207,see,25,31,see,OTHER
11311,11322,1244,2176,1333,2207,instructions,89,31,instructions,OTHER
11324,11326,1337,2176,1356,2205,for,19,29,for,OTHER
11328,11330,1361,2175,1390,2205,box,29,30,box,OTHER
11332,11333,1395,2175,1408,2204,12,13,29,12,OTHER
11361,11372,1718,2176,1811,2206,nonqualified,93,30,nonqualified,OTHER
11374,11378,1816,2176,1868,2206,plans,52,30,plans,OTHER
11403,11404,2001,2178,2021,2208,2a,20,30,2a,OTHER
11406,11408,2026,2177,2051,2207,see,25,30,see,OTHER
11410,11421,2055,2175,2145,2207,instructions,90,32,instructions,OTHER
11423,11425,2148,2175,2169,2206,for,21,31,for,OTHER
11427,11429,2172,2175,2203,2206,box,31,31,box,OTHER
11431,11432,2206,2175,2227,2207,12,21,32,12,OTHER
11518,11519,867,2233,890,2259,14,23,26,14,OTHER
11521,11523,909,2233,941,2256,oth,32,23,oth,OTHER
11582,11582,1316,2226,1331,2259,1,15,33,1,OTHER
11584,11586,1335,2223,1377,2258,750,42,35,750,OTHER
11621,11624,1735,2231,1765,2261,ther,30,30,ther,OTHER
11666,11668,406,2241,444,2273,726,38,32,726,OTHER
11872,11872,2129,2247,2141,2283,1,12,36,1,OTHER
11874,11876,2148,2246,2192,2283,112,44,37,112,OTHER
12003,12006,1211,2299,1248,2337,kemp,37,38,kemp,OTHER
12008,12011,480,2298,502,2334,ret.,22,36,ret.,OTHER
12013,12017,1283,2295,1326,2334,plain,43,39,plain,OTHER
12019,12021,1336,2294,1350,2332,ard,14,38,ard,OTHER
12023,12027,582,2292,612,2330,party,30,38,party,OTHER
12029,12032,1392,2289,1412,2328,sick,20,39,sick,OTHER
12034,12036,645,2288,672,2326,pay,27,38,pay,OTHER
12104,12105,403,2301,415,2336,13,12,35,13,OTHER
12107,12110,2008,2288,2029,2327,slat,21,39,slat,OTHER
12112,12114,2035,2293,2062,2330,emp,27,37,emp,OTHER
12116,12119,2068,2296,2090,2332,"ret,",22,36,"ret,",OTHER
12120,12121,2107,2287,2139,2325,an,32,38,an,OTHER
12122,12125,507,2295,551,2333,plan,44,38,plan,OTHER
12126,12128,2147,2290,2162,2327,ard,15,37,ard,OTHER
12130,12134,1357,2291,1386,2330,party,29,39,party,OTHER
12136,12139,618,2290,639,2328,sick,21,38,sick,OTHER
12141,12143,1418,2287,1446,2326,pay,28,39,pay,OTHER
12179,12180,1992,2285,2002,2322,13,10,37,13,OTHER
12182,12189,419,2299,476,2335,statemp.,57,36,statemp.,OTHER
12191,12194,1254,2298,1276,2335,ret.,22,37,ret.,OTHER
12196,12199,2095,2297,2139,2332,plan,44,35,plan,OTHER
12201,12203,562,2294,576,2331,ird,14,37,ird,OTHER
12205,12209,2169,2291,2198,2327,party,29,36,party,OTHER
12211,12214,2205,2291,2226,2326,sick,21,35,sick,OTHER
12216,12218,2233,2289,2260,2324,pay,27,35,pay,OTHER
12220,12222,98,2335,127,2362,eff,29,27,eff,OTHER
12224,12232,132,2336,216,2366,employees,84,30,employees,OTHER
12234,12238,218,2337,265,2366,name.,47,29,name.,OTHER
12240,12246,267,2335,330,2366,address,63,31,address,OTHER
12248,12250,332,2334,361,2365,and,29,31,and,OTHER
12252,12254,363,2332,390,2364,zip,27,32,zip,OTHER
12256,12259,392,2328,439,2362,code,47,34,code,OTHER
12304,12306,866,2336,897,2364,elf,31,28,elf,OTHER
12308,12316,901,2336,984,2365,employees,83,29,employees,OTHER
12318,12322,988,2337,1033,2365,name.,45,28,name.,OTHER
12324,12330,1037,2335,1098,2365,address,61,30,address,OTHER
12332,12334,1102,2334,1130,2364,and,28,30,and,OTHER
12336,12338,1133,2333,1159,2362,zip,26,29,zip,OTHER
12340,12343,1161,2331,1201,2361,code,40,30,code,OTHER
12404,12406,1679,2336,1711,2365,elf,32,29,elf,OTHER
12408,12416,1714,2337,1795,2366,employees,81,29,employees,OTHER
12418,12422,1799,2337,1847,2366,name.,48,29,name.,OTHER
12424,12430,1850,2335,1910,2366,address,60,31,address,OTHER
12432,12434,1913,2334,1943,2364,and,30,30,and,OTHER
12436,12438,1946,2333,1970,2363,zip,24,30,zip,OTHER
12440,12443,1974,2331,2018,2362,code,44,31,code,OTHER
12450,12457,157,2380,262,2409,jennifer,105,29,jennifer,OTHER
12459,12462,308,2383,367,2408,king,59,25,king,OTHER
12538,12545,949,2381,1054,2407,jennifer,105,26,jennifer,OTHER
12547,12550,1102,2385,1159,2408,king,57,23,king,OTHER
12638,12645,1762,2381,1868,2409,jennifer,106,28,jennifer,OTHER
12647,12650,1915,2382,1972,2408,king,57,26,king,OTHER
12660,12661,167,2406,199,2436,83,32,30,83,OTHER
12663,12668,204,2405,290,2434,adrian,86,29,adrian,OTHER
12670,12676,294,2406,394,2436,highway,100,30,highway,OTHER
12747,12749,953,2407,993,2437,383,40,30,383,OTHER
12751,12756,997,2407,1083,2434,adrian,86,27,adrian,OTHER
12758,12764,1087,2407,1181,2434,highway,94,27,highway,OTHER
12846,12848,1761,2407,1805,2438,883,44,31,883,OTHER
12850,12855,1809,2406,1896,2435,adrian,87,29,adrian,OTHER
12857,12863,1902,2406,1991,2433,highway,89,27,highway,OTHER
12871,12880,151,2433,293,2463,melvinfurt,142,30,melvinfurt,OTHER
12882,12883,334,2431,368,2459,pa,34,28,pa,OTHER
12885,12894,400,2433,539,2461,15020-3609,139,28,15020-3609,OTHER
12958,12967,944,2433,1084,2461,melvinfurt,140,28,melvinfurt,OTHER
12969,12970,1129,2429,1160,2458,pa,31,29,pa,OTHER
12972,12981,1195,2432,1329,2461,15020-3609,134,29,15020-3609,OTHER
13058,13067,1756,2433,1897,2462,melvinfurt,141,29,melvinfurt,OTHER
13069,13070,1940,2429,1973,2459,pa,33,30,pa,OTHER
13072,13081,2007,2433,2143,2462,15020-3609,136,29,15020-3609,OTHER
13094,13094,212,2458,231,2485,o,19,27,o,OTHER
13281,13281,1818,2453,1838,2481,o,20,28,o,OTHER
13284,13284,105,2501,123,2524,5,18,23,5,OTHER
13286,13290,137,2501,184,2531,state,47,30,state,OTHER
13292,13300,229,2502,305,2537,27lovers',76,35,27lovers',OTHER
13302,13306,309,2500,341,2530,state,32,30,state,OTHER
13308,13309,345,2499,359,2528,id,14,29,id,OTHER
13311,13313,362,2498,399,2528,no.,37,30,no.,OTHER
13315,13316,406,2497,432,2527,16,26,30,16,OTHER
13318,13322,444,2497,482,2528,state,38,31,state,OTHER
13324,13329,486,2498,538,2531,wages.,52,33,wages.,OTHER
13331,13335,541,2501,576,2534,"tips,",35,33,"tips,",OTHER
13337,13339,580,2504,612,2538,et6,32,34,et6,OTHER
13341,13342,619,2509,643,2542,08,24,33,08,OTHER
13368,13369,868,2500,890,2526,15,22,26,15,OTHER
13371,13375,906,2502,951,2534,state,45,32,state,OTHER
13390,13399,1021,2499,1096,2533,emplovers',75,34,emplovers',OTHER
13401,13405,1101,2497,1133,2529,state,32,32,state,OTHER
13407,13408,1138,2497,1151,2528,id,13,31,id,OTHER
13410,13411,1155,2497,1176,2528,no,21,31,no,OTHER
13413,13414,1180,2497,1207,2528,16,27,31,16,OTHER
13416,13420,1217,2497,1253,2529,state,36,32,state,OTHER
13422,13426,1258,2499,1302,2531,wanes,44,32,wanes,OTHER
13428,13428,2120,2501,2124,2532,.,4,31,.,OTHER
13430,13434,1314,2502,1348,2534,tips.,34,32,tips.,OTHER
13436,13438,1353,2505,1387,2538,et6,34,33,et6,OTHER
13440,13441,1393,2509,1416,2540,08,23,31,08,OTHER
13467,13468,1679,2501,1706,2528,15,27,27,15,OTHER
13470,13474,1719,2501,1766,2534,state,47,33,state,OTHER
13476,13485,1835,2499,1909,2534,emplovers',74,35,emplovers',OTHER
13487,13491,1914,2497,1946,2530,state,32,33,state,OTHER
13493,13494,1951,2497,1964,2529,id,13,32,id,OTHER
13496,13497,1969,2497,1987,2529,no,18,32,no,OTHER
13499,13500,1992,2497,2022,2529,16,30,32,16,OTHER
13502,13506,2030,2497,2066,2530,state,36,33,state,OTHER
13508,13512,2071,2498,2115,2532,wanes,44,34,wanes,OTHER
13514,13514,1309,2560,1311,2589,.,2,29,.,OTHER
13516,13519,2128,2501,2162,2535,tips,34,34,tips,OTHER
13521,13523,2167,2504,2201,2538,of6,34,34,of6,OTHER
13525,13526,2206,2508,2223,2540,08,17,32,08,OTHER
13529,13530,103,2555,122,2579,17,19,24,17,OTHER
13532,13536,143,2558,180,2583,state,37,25,state,OTHER
13538,13543,182,2557,239,2583,income,57,26,income,OTHER
13545,13547,240,2556,268,2582,tax,28,26,tax,OTHER
13576,13580,443,2555,484,2586,local,41,31,local,OTHER
13582,13586,487,2556,532,2587,wades,45,31,wades,OTHER
13588,13588,534,2559,539,2588,",",5,29,",",OTHER
13590,13594,542,2559,577,2589,"tips,",35,30,"tips,",OTHER
13596,13599,580,2562,612,2591,etc.,32,29,etc.,OTHER
13657,13658,1178,2553,1210,2586,18,32,33,18,OTHER
13660,13664,1217,2554,1255,2586,local,38,32,local,OTHER
13666,13670,1260,2556,1305,2589,wanes,45,33,wanes,OTHER
13672,13672,1344,2563,1350,2592,.,6,29,.,OTHER
13674,13677,1316,2561,1339,2591,tips,23,30,tips,OTHER
13679,13679,1395,2569,1397,2596,.,2,27,.,OTHER
13681,13682,1354,2564,1371,2594,89,17,30,89,OTHER
13684,13685,1376,2567,1390,2595,58,14,28,58,OTHER
13687,13687,2121,2557,2128,2588,.,7,31,.,OTHER
13689,13690,1401,2570,1422,2599,22,21,29,22,OTHER
13757,13758,1993,2555,2020,2585,18,27,30,18,OTHER
13760,13764,2030,2554,2069,2586,local,39,32,local,OTHER
13766,13770,2073,2555,2118,2587,wages,45,32,wages,OTHER
13772,13772,2158,2559,2165,2589,.,7,30,.,OTHER
13774,13777,2131,2557,2155,2589,tips,24,32,tips,OTHER
13779,13779,191,2572,197,2598,.,6,26,.,OTHER
13781,13784,2168,2560,2211,2591,etc.,43,31,etc.,OTHER
13790,13793,150,2573,190,2601,3248,40,28,3248,OTHER
13795,13795,983,2574,990,2597,.,7,23,.,OTHER
13797,13799,199,2568,248,2597,87-,49,29,87-,OTHER
13849,13854,561,2573,617,2602,110958,56,29,110958,OTHER
13856,13858,620,2573,654,2601,.22,34,28,.22,OTHER
13877,13880,944,2572,981,2597,3248,37,25,3248,OTHER
13882,13882,1796,2571,1803,2599,.,7,28,.,OTHER
13884,13885,991,2574,1021,2598,87,30,24,87,OTHER
13977,13980,1757,2571,1793,2599,3248,36,28,3248,OTHER
13982,13982,993,2629,1000,2655,.,7,26,.,OTHER
13984,13985,1805,2571,1832,2599,87,27,28,87,OTHER
13988,13989,100,2616,126,2645,19,26,29,19,OTHER
13991,13995,141,2619,179,2648,local,38,29,local,OTHER
13997,14002,183,2621,238,2648,income,55,27,income,OTHER
14004,14006,242,2620,263,2647,tax,21,27,tax,OTHER
14032,14033,409,2615,431,2642,20,22,27,20,OTHER
14035,14042,443,2616,501,2643,locality,58,27,locality,OTHER
14044,14047,504,2617,557,2646,name,53,29,name,OTHER
14079,14083,945,2626,991,2655,13261,46,29,13261,OTHER
14085,14085,1393,2775,1398,2804,.,5,29,.,OTHER
14087,14088,1002,2629,1024,2655,99,22,26,99,OTHER
14116,14117,1178,2613,1206,2641,20,28,28,20,OTHER
14119,14126,1216,2614,1276,2644,locality,60,30,locality,OTHER
14128,14133,2146,2625,2210,2657,butler,64,32,butler,OTHER
14277,14280,1279,2616,1332,2646,name,53,30,name,OTHER
14282,14291,628,2635,726,2665,throughway,98,30,throughway,OTHER
14320,14321,1681,2615,1707,2644,19,26,29,19,OTHER
14323,14327,1721,2618,1762,2648,local,41,30,local,OTHER
14329,14335,1765,2622,1844,2653,"income,",79,31,"income,",OTHER
14365,14372,2029,2614,2088,2646,locality,59,32,locality,OTHER
14374,14377,2090,2620,2143,2651,name,53,31,name,OTHER
14379,14384,559,2634,626,2658,butler,67,24,butler,OTHER
14386,14395,1400,2635,1505,2666,throughway,105,31,throughway,OTHER
14461,14466,1333,2630,1399,2659,butler,66,29,butler,OTHER
14468,14477,2213,2631,2305,2666,throughway,92,35,throughway,OTHER
14498,14504,229,2677,315,2705,federal,86,28,federal,OTHER
14524,14529,417,2681,468,2705,filing,51,24,filing,OTHER
14548,14551,592,2678,642,2702,copy,50,24,copy,OTHER
14579,14586,1016,2672,1111,2709,ut.state,95,37,ut.state,OTHER
14605,14610,1190,2684,1238,2705,filing,48,21,filing,OTHER
14633,14636,1366,2676,1413,2702,copy,47,26,copy,OTHER
14683,14686,1813,2675,1851,2707,city,38,32,city,OTHER
14688,14689,1855,2675,1875,2706,or,20,31,or,OTHER
14691,14695,1879,2676,1947,2712,local,68,36,local,OTHER
14701,14706,2002,2681,2055,2708,filing,53,27,filing,OTHER
14722,14725,2179,2676,2229,2700,copy,50,24,copy,OTHER
14759,14762,325,2706,388,2734,wage,63,28,wage,OTHER
14764,14766,426,2702,468,2725,and,42,23,and,OTHER
14768,14770,505,2706,539,2728,tax,34,22,tax,OTHER
14851,14853,1197,2699,1239,2728,and,42,29,and,OTHER
14855,14857,1278,2703,1311,2727,tax,33,24,tax,OTHER
14941,14944,1921,2705,1984,2734,wage,63,29,wage,OTHER
14946,14948,2010,2702,2052,2732,and,42,30,and,OTHER
14950,14952,2090,2702,2128,2726,tax,38,24,tax,OTHER
14986,14994,319,2731,417,2756,statement,98,25,statement,OTHER
15020,15023,583,2741,668,2774,2018,85,33,2018,OTHER
15038,15040,1093,999,1121,1026,w-2,28,27,w-2,OTHER
15072,15080,1103,2731,1203,2758,statement,100,27,statement,OTHER
15106,15109,1359,2740,1444,2772,2018,85,32,2018,OTHER
15140,15142,105,2742,174,2771,w-2,69,29,w-2,OTHER
15167,15175,1911,2729,2011,2753,statement,100,24,statement,OTHER
15195,15198,2166,2742,2254,2774,2018,88,32,2018,OTHER
15202,15204,1687,2742,1753,2773,w-2,66,31,w-2,OTHER
15207,15210,99,2779,132,2806,copy,33,27,copy,OTHER
15212,15212,137,2780,146,2807,b,9,27,b,OTHER
15214,15215,151,2780,164,2807,to,13,27,to,OTHER
15217,15218,169,2780,185,2807,be,16,27,be,OTHER
15220,15224,190,2780,217,2807,filed,27,27,filed,OTHER
15226,15229,222,2781,251,2807,with,29,26,with,OTHER
15231,15240,256,2781,330,2807,employee's,74,26,employee's,OTHER
15242,15248,336,2781,386,2806,federal,50,25,federal,OTHER
15250,15255,391,2781,441,2806,income,50,25,income,OTHER
15257,15259,446,2780,469,2804,tax,23,24,tax,OTHER
15261,15266,474,2779,521,2804,return,47,25,return,OTHER
15268,15270,561,2778,596,2809,omb,35,31,omb,OTHER
15272,15274,600,2776,626,2806,no.,26,30,no.,OTHER
15276,15284,630,2777,702,2809,1545-0008,72,32,1545-0008,OTHER
15290,15293,867,2779,902,2807,copy,35,28,copy,OTHER
15297,15298,918,2778,931,2806,to,13,28,to,OTHER
15300,15301,936,2778,951,2806,be,15,28,be,OTHER
15303,15307,956,2779,984,2807,filed,28,28,filed,OTHER
15309,15309,989,2780,998,2808,w,9,28,w,OTHER
15319,15323,1062,2780,1097,2807,yee's,35,27,yee's,OTHER
15325,15329,1100,2780,1137,2806,state,37,26,state,OTHER
15331,15336,1141,2779,1193,2806,income,52,27,income,OTHER
15338,15340,1197,2779,1221,2805,tax,24,26,tax,OTHER
15342,15347,1225,2779,1269,2804,return,44,25,return,OTHER
15355,15357,1334,2777,1368,2808,omb,34,31,omb,OTHER
15359,15360,1373,2776,1389,2805,no,16,29,no,OTHER
15364,15372,1402,2775,1474,2807,1545-0008,72,32,1545-0008,OTHER
15390,15393,1679,2779,1715,2805,copy,36,26,copy,OTHER
15397,15398,1732,2780,1743,2806,to,11,26,to,OTHER
15400,15401,1748,2780,1764,2807,be,16,27,be,OTHER
15403,15407,1769,2780,1797,2807,filed,28,27,filed,OTHER
15409,15412,1802,2781,1831,2807,with,29,26,with,OTHER
15426,15427,1987,2782,2000,2804,al,13,22,al,OTHER
15429,15434,2002,2781,2056,2806,income,54,25,income,OTHER
15436,15438,2058,2781,2084,2807,tax,26,26,tax,OTHER
15440,15445,2087,2780,2139,2807,return,52,27,return,OTHER
15447,15449,2148,2779,2184,2807,omb,36,28,omb,OTHER
15451,15453,2186,2779,2214,2807,no.,28,28,no.,OTHER
15455,15463,2216,2777,2297,2807,1545-0008,81,30,1545-0008,OTHER
