start_index,end_index,x_top_left,y_top_left,x_bottom_right,y_bottom_right,transcript,box_width,box_height,combined_text,predicted_field
0,0,875,2744,942,2771,w-2,67,27,w-2,OTHER
107,110,1035,253,1156,305,2018,121,52,2018,OTHER
130,132,1171,254,1275,306,w-2,104,52,w-2,OTHER
146,148,1287,255,1389,307,and,102,52,and,OTHER
165,172,1401,255,1690,307,earnings,289,52,earnings,OTHER
194,200,1709,253,1995,306,summary,286,53,summary,OTHER
257,259,2225,245,2311,291,adp,86,46,adp,OTHER
279,286,222,317,320,344,employee,98,27,employee,OTHER
299,307,393,313,497,346,reference,104,33,reference,OTHER
313,316,592,316,643,342,copy,51,26,copy,OTHER
360,362,964,314,1006,344,his,42,30,his,OTHER
364,367,1010,314,1072,343,blue,62,29,blue,OTHER
369,376,1076,314,1196,343,earnings,120,29,earnings,OTHER
378,384,1200,314,1329,342,summary,129,28,summary,OTHER
386,392,1334,314,1430,342,section,96,28,section,OTHER
394,395,1435,314,1459,342,is,24,28,is,OTHER
397,404,1464,314,1577,342,included,113,28,included,OTHER
406,409,1582,314,1639,342,with,57,28,with,OTHER
411,414,1644,314,1705,342,your,61,28,your,OTHER
416,418,1710,314,1767,342,w-2,57,28,w-2,OTHER
420,421,1772,314,1800,343,to,28,29,to,OTHER
423,426,1805,313,1863,343,help,58,30,help,OTHER
428,435,1875,313,1984,344,describe,109,31,describe,OTHER
437,444,1989,313,2096,344,portions,107,31,portions,OTHER
446,447,2102,313,2129,345,in,27,32,in,OTHER
449,452,2135,312,2206,346,more,71,34,more,OTHER
454,460,2214,312,2288,346,detail.,74,34,detail.,OTHER
492,495,329,351,384,376,wage,55,25,wage,OTHER
497,499,428,346,465,370,and,37,24,and,OTHER
501,503,507,345,545,372,tax,38,27,tax,OTHER
560,561,965,343,1000,370,he,35,27,he,OTHER
563,569,1006,343,1107,370,reverse,101,27,reverse,OTHER
571,574,1114,343,1170,370,side,56,27,side,OTHER
576,583,1175,343,1288,370,includes,113,27,includes,OTHER
585,591,1293,343,1394,370,general,101,27,general,OTHER
593,603,1399,343,1548,370,information,149,27,information,OTHER
605,608,1554,343,1607,370,that,53,27,that,OTHER
610,612,1611,343,1661,370,you,50,27,you,OTHER
614,616,1667,343,1727,370,may,60,27,may,OTHER
618,621,1731,343,1786,370,also,55,27,also,OTHER
623,626,1794,343,1843,370,find,49,27,find,OTHER
628,635,1848,343,1946,370,helpful.,98,27,helpful.,OTHER
640,642,112,381,169,417,n-2,57,36,n-2,OTHER
667,675,324,371,404,396,statement,80,25,statement,OTHER
685,688,583,386,667,418,2018,84,32,2018,taxYear
691,694,98,432,134,458,copy,36,26,copy,OTHER
696,696,137,432,148,456,c,11,24,c,OTHER
698,700,151,431,172,455,for,21,24,for,OTHER
702,711,175,431,251,455,employee's,76,24,employee's,OTHER
713,720,253,432,322,461,records.,69,29,records.,OTHER
737,739,563,422,596,448,omb,33,26,omb,OTHER
741,743,599,422,625,448,no.,26,26,no.,OTHER
745,753,630,421,709,448,1545-0008,79,27,1545-0008,OTHER
796,797,1025,425,1048,455,1.,23,30,1.,OTHER
799,801,1052,425,1097,455,the,45,30,the,OTHER
803,811,1101,425,1211,455,following,110,30,following,OTHER
813,823,1215,424,1353,454,information,138,30,information,OTHER
825,832,1357,424,1448,454,reflects,91,30,reflects,OTHER
834,837,1452,424,1506,454,your,54,30,your,OTHER
839,843,1511,424,1565,454,final,54,30,final,OTHER
845,848,1569,424,1625,454,2018,56,30,2018,OTHER
850,852,1629,424,1675,455,pay,46,31,pay,OTHER
854,857,1679,424,1733,455,stub,54,31,stub,OTHER
859,862,1738,424,1792,455,plus,54,31,plus,OTHER
864,866,1796,424,1840,455,any,44,31,any,OTHER
868,878,1844,424,1990,456,adjustments,146,32,adjustments,OTHER
880,888,1994,424,2112,456,submitted,118,32,submitted,OTHER
890,891,2116,425,2149,456,by,33,31,by,OTHER
893,896,2153,425,2209,457,your,56,32,your,OTHER
898,906,2213,425,2337,458,employer.,124,33,employer.,OTHER
909,909,100,448,119,475,d,19,27,d,OTHER
911,917,130,449,184,475,control,54,26,control,OTHER
919,924,186,445,255,475,number,69,30,number,OTHER
926,932,307,448,380,490,dept.50,73,42,dept.50,OTHER
933,937,407,451,467,493,corp.,60,42,corp.,OTHER
960,967,615,450,680,480,emplover,65,30,emplover,OTHER
969,971,684,450,709,479,use,25,29,use,OTHER
973,976,714,452,753,484,only,39,32,only,OTHER
978,979,758,458,781,489,36,23,31,36,OTHER
981,987,97,473,173,498,8051131,76,25,8051131,OTHER
1028,1028,562,466,583,495,a,21,29,a,OTHER
1094,1098,1102,472,1144,499,gross,42,27,gross,OTHER
1100,1102,1148,468,1181,497,pay,33,29,pay,OTHER
1109,1116,1262,469,1326,497,97114.19,64,28,97114.19,OTHER
1139,1143,1637,466,1683,491,64907,46,25,64907,OTHER
1155,1157,1836,473,1858,498,ne.,22,25,ne.,OTHER
1159,1163,1862,474,1899,499,state,37,25,state,OTHER
1165,1170,1903,473,1959,499,income,56,26,income,OTHER
1172,1174,1963,472,1985,497,tax,22,25,tax,OTHER
1176,1181,2070,465,2120,494,2925.9,50,29,2925.9,OTHER
1326,1328,1458,488,1481,516,tax,23,28,tax,OTHER
1330,1337,1485,484,1561,516,withheld,76,32,withheld,OTHER
1359,1361,1838,496,1865,518,box,27,22,box,OTHER
1363,1364,1867,498,1886,519,17,19,21,17,OTHER
1365,1370,1879,512,1935,536,income,56,24,income,OTHER
1557,1558,1889,499,1905,519,of,16,20,of,OTHER
1560,1562,1907,499,1943,521,w-2,36,22,w-2,OTHER
1568,1577,133,510,214,542,employer's,81,32,employer's,OTHER
1579,1583,218,514,265,543,"name,",47,29,"name,",OTHER
1585,1592,269,514,334,543,"address,",65,29,"address,",OTHER
1594,1596,337,513,366,542,and,29,29,and,OTHER
1598,1600,369,511,394,541,zip,25,30,zip,OTHER
1602,1605,397,509,440,540,code,43,31,code,OTHER
1707,1709,1458,510,1483,537,box,25,27,box,OTHER
1711,1711,1486,509,1497,536,4,11,27,4,OTHER
1713,1714,1500,509,1514,535,of,14,26,of,OTHER
1716,1718,1517,509,1556,536,w-2,39,27,w-2,OTHER
1739,1743,1834,511,1876,535,local,42,24,local,OTHER
1754,1755,1937,513,1953,537,ta,16,24,ta,OTHER
1760,1767,2073,509,2137,538,13303.26,64,29,13303.26,OTHER
1777,1781,154,537,226,566,terry,72,29,terry,employerName
1783,1787,231,537,303,565,group,72,28,group,employerName
1789,1791,310,538,355,564,inc,45,26,inc,employerName
1944,1946,1836,532,1864,561,box,28,29,box,OTHER
1948,1949,1868,531,1887,560,19,19,29,19,OTHER
1951,1952,1890,531,1903,559,of,13,28,of,OTHER
1954,1955,1906,533,1926,560,w-,20,27,w-,OTHER
1957,1957,1929,534,1940,561,2,11,27,2,OTHER
1967,1969,155,567,199,596,207,44,29,207,employerAddressStreet_name
1971,1974,204,566,264,595,lisa,60,29,lisa,employerAddressStreet_name
1976,1984,268,566,397,597,underpass,129,31,underpass,employerAddressStreet_name
1986,1990,399,568,475,599,suite,76,31,suite,employerAddressStreet_name
1992,1994,478,571,528,602,644,50,31,644,employerAddressStreet_name
2073,2076,1102,568,1132,595,fed.,30,27,fed.,OTHER
2078,2083,1136,568,1199,594,income,63,26,income,OTHER
2088,2093,1266,566,1314,588,1942.3,48,22,1942.3,OTHER
2101,2108,1453,567,1520,595,medicare,67,28,medicare,OTHER
2110,2112,1524,565,1550,593,tax,26,28,tax,OTHER
2120,2126,1668,564,1725,592,1946.87,57,28,1946.87,OTHER
2136,2139,154,592,211,624,port,57,32,port,employerAddressCity
2141,2146,216,591,305,624,kendra,89,33,kendra,employerAddressCity
2148,2149,349,592,378,615,co,29,23,co,OTHER
2151,2160,439,590,577,619,64443-3719,138,29,64443-3719,employerAddressZip
2241,2243,1100,592,1129,619,tax,29,27,tax,OTHER
2245,2252,1131,591,1198,618,withheld,67,27,withheld,OTHER
2271,2278,1454,592,1530,618,withheld,76,26,withheld,OTHER
2395,2397,1107,615,1129,642,box,22,27,box,OTHER
2399,2399,1134,617,1142,643,2,8,26,2,OTHER
2401,2402,1146,617,1161,644,of,15,27,of,OTHER
2404,2406,1166,618,1195,644,w-2,29,26,w-2,OTHER
2422,2424,1453,612,1483,642,box,30,30,box,OTHER
2426,2426,1485,616,1495,642,6,10,26,6,OTHER
2428,2429,1498,616,1515,643,of,17,27,of,OTHER
2431,2431,1518,616,1529,643,w,11,27,w,OTHER
2433,2433,1532,615,1534,643,-,2,28,-,OTHER
2435,2435,1537,614,1557,642,2,20,28,2,OTHER
2457,2459,1843,614,1864,640,box,21,26,box,OTHER
2461,2462,1868,613,1885,640,14,17,27,14,OTHER
2464,2465,1889,614,1904,642,of,15,28,of,OTHER
2467,2468,1907,616,1929,645,w-,22,29,w-,OTHER
2507,2511,407,683,475,712,batch,68,29,batch,OTHER
2537,2542,589,677,675,711,#02021,86,34,#02021,OTHER
2544,2546,98,729,127,755,eff,29,26,eff,OTHER
2548,2556,132,729,216,756,employees,84,27,employees,OTHER
2558,2562,219,728,265,756,name.,46,28,name.,OTHER
2564,2570,268,728,330,756,address,62,28,address,OTHER
2572,2574,333,727,361,755,and,28,28,and,OTHER
2576,2578,364,726,391,755,zip,27,29,zip,OTHER
2580,2583,393,725,438,754,code,45,29,code,OTHER
2691,2692,1023,753,1047,781,2.,24,28,2.,OTHER
2694,2697,1052,753,1111,782,your,59,29,your,OTHER
2699,2703,1117,753,1187,782,gross,70,29,gross,OTHER
2705,2707,1192,754,1236,783,pay,44,29,pay,OTHER
2709,2711,1241,754,1291,783,was,50,29,was,OTHER
2713,2720,1296,754,1398,783,adjusted,102,29,adjusted,OTHER
2722,2723,1402,754,1431,783,as,29,29,as,OTHER
2725,2731,1435,753,1523,783,follows,88,30,follows,OTHER
2733,2734,1527,753,1554,783,to,27,30,to,OTHER
2736,2742,1558,753,1658,783,produce,100,30,produce,OTHER
2744,2747,1662,752,1717,783,your,55,31,your,OTHER
2749,2751,1721,752,1770,783,w-2,49,31,w-2,OTHER
2753,2762,1774,751,1901,782,statement.,127,31,statement.,OTHER
2770,2777,152,784,265,814,kimberly,113,30,kimberly,employeeName
2779,2783,320,783,381,812,meyer,61,29,meyer,OTHER
2791,2793,155,811,199,841,380,44,30,380,OTHER
2795,2798,207,812,263,841,john,56,29,john,OTHER
2800,2805,270,812,356,840,bypass,86,28,bypass,OTHER
2930,2935,1334,817,1389,844,"wages,",55,27,"wages,",OTHER
2937,2941,1394,816,1430,844,"tips,",36,28,"tips,",OTHER
2943,2946,1435,813,1465,842,othe,30,29,othe,OTHER
2954,2959,1582,814,1625,845,social,43,31,social,OTHER
2961,2965,1630,813,1674,843,secur,44,30,secur,OTHER
2968,2973,1679,813,1730,841,medica,51,28,medica,OTHER
2991,2993,1839,813,1856,844,ne.,17,31,ne.,OTHER
2995,2999,1862,812,1899,843,state,37,31,state,OTHER
3001,3006,1904,808,1961,841,"wages,",57,33,"wages,",OTHER
3008,3013,1991,814,2041,845,dennis,50,31,dennis,OTHER
3015,3018,2046,812,2089,842,keys,43,30,keys,OTHER
3027,3031,160,841,225,871,south,65,30,south,OTHER
3033,3039,229,842,331,871,natasha,102,29,natasha,OTHER
3041,3042,373,842,406,869,ny,33,27,ny,OTHER
3044,3053,426,841,563,869,21480-3423,137,28,21480-3423,OTHER
3165,3176,1335,841,1432,869,compensation,97,28,compensation,OTHER
3324,3326,1335,857,1362,887,box,27,30,box,OTHER
3328,3328,1367,859,1375,888,1,8,29,1,OTHER
3330,3331,1381,859,1394,888,of,13,29,of,OTHER
3333,3333,1400,859,1408,887,w,8,28,w,OTHER
3335,3335,1413,860,1415,887,-,2,27,-,OTHER
3337,3337,1421,860,1436,887,2,15,27,2,OTHER
3348,3352,1582,840,1644,871,wages,62,31,wages,OTHER
3353,3357,1679,829,1742,860,waves,63,31,waves,OTHER
3385,3389,1838,841,1873,867,"tips,",35,26,"tips,",OTHER
3390,3391,1868,857,1887,886,16,19,29,16,OTHER
3392,3394,1878,842,1898,867,etc,20,25,etc,OTHER
3395,3396,1625,860,1639,892,of,14,32,of,OTHER
3398,3398,1643,860,1654,892,w,11,32,w,OTHER
3399,3399,1658,860,1660,891,-,2,31,-,OTHER
3607,3609,1836,857,1866,885,box,30,28,box,OTHER
3625,3629,1994,840,2031,869,local,37,29,local,OTHER
3631,3635,2036,840,2081,868,wages,45,28,wages,OTHER
3637,3637,2086,840,2089,864,",",3,24,",",OTHER
3807,3809,1578,860,1609,893,box,31,33,box,OTHER
3811,3811,1612,860,1622,892,3,10,32,3,OTHER
3813,3814,1724,860,1740,890,of,16,30,of,OTHER
3816,3816,1743,860,1755,890,w,12,30,w,OTHER
3818,3818,1758,860,1761,890,-,3,30,-,OTHER
3820,3820,1664,860,1675,891,2,11,31,2,OTHER
3822,3824,1679,860,1707,891,box,28,31,box,OTHER
3826,3826,1711,860,1720,891,5,9,31,5,OTHER
3828,3829,1890,859,1905,888,of,15,29,of,OTHER
3833,3833,505,1933,515,1960,-,10,27,-,OTHER
3835,3835,1765,860,1780,890,2,15,30,2,OTHER
3863,3865,1994,873,2021,903,box,27,30,box,OTHER
3867,3868,2025,875,2043,905,is,18,30,is,OTHER
3870,3871,2047,876,2059,905,of,12,29,of,OTHER
3873,3874,2064,875,2087,904,w2,23,29,w2,OTHER
3879,3888,134,906,216,932,emplover's,82,26,emplover's,OTHER
3890,3892,220,906,251,932,fed,31,26,fed,OTHER
3894,3895,255,905,271,931,id,16,26,id,OTHER
3897,3902,275,903,334,931,number,59,28,number,OTHER
3916,3916,405,905,423,933,a,18,28,a,OTHER
3918,3927,436,904,522,931,employee's,86,27,employee's,OTHER
3929,3931,525,904,557,933,ssa,32,29,ssa,OTHER
3933,3939,560,906,639,942,number_,79,36,number_,OTHER
3947,3956,150,922,259,951,57-4496004,109,29,57-4496004,einEmployerIdentificationNumber
4053,4058,1071,926,1140,961,tgross,69,35,tgross,OTHER
4060,4062,1145,926,1173,952,pay,28,26,pay,OTHER
4090,4097,1996,919,2062,947,97114.19,66,28,97114.19,OTHER
4109,4112,1587,928,1626,954,9611,39,26,9611,OTHER
4114,4121,1381,923,1451,952,97114.19,70,29,97114.19,OTHER
4145,4152,1685,924,1754,956,97114.19,69,32,97114.19,OTHER
4166,4173,1841,923,1909,950,97114.19,68,27,97114.19,OTHER
4219,4225,433,957,489,991,federal,56,34,federal,OTHER
4227,4232,492,959,548,991,income,56,32,income,OTHER
4234,4236,551,961,576,990,tax,25,29,tax,OTHER
4238,4241,579,961,607,987,with,28,26,with,OTHER
4243,4245,611,961,635,984,hel,24,23,hel,OTHER
4321,4324,1335,941,1377,972,4069,42,31,4069,OTHER
4343,4345,1579,959,1620,993,nia,41,34,nia,OTHER
4347,4349,1679,959,1718,991,nia,39,32,nia,OTHER
4378,4381,1837,944,1877,968,4069,40,24,4069,OTHER
4400,4403,1993,949,2031,969,4069,38,20,4069,OTHER
4629,4631,1990,961,2024,987,,34,26,,OTHER
4638,4642,135,964,178,992,wages,43,28,wages,OTHER
4644,4644,181,964,187,991,",",6,27,",",OTHER
4646,4650,190,963,224,991,"tips,",34,28,"tips,",OTHER
4652,4656,227,962,268,990,other,41,28,other,OTHER
4658,4661,270,960,310,989,comp,40,29,comp,OTHER
4663,4663,311,959,318,988,.,7,29,.,OTHER
4692,4696,561,977,608,1005,11942,47,28,11942,box2FederalIncomeTaxWithheld
4698,4698,610,978,616,1005,.,6,27,.,box2FederalIncomeTaxWithheld
4700,4700,618,975,640,1004,3,22,29,3,box2FederalIncomeTaxWithheld
4738,4741,1022,966,1057,993,less,35,27,less,OTHER
4743,4745,1061,965,1082,991,401,21,26,401,OTHER
4747,4749,1086,964,1105,990,(k),19,26,(k),OTHER
4751,4756,1110,962,1159,989,(d-box,49,27,(d-box,OTHER
4758,4759,1164,961,1183,987,2),19,26,2),OTHER
4857,4863,1992,975,2055,1002,11942.3,63,27,11942.3,OTHER
4971,4978,1022,1000,1089,1026,reported,67,26,reported,OTHER
4980,4981,1908,861,1929,891,w-,21,30,w-,OTHER
4982,4982,602,1432,617,1468,2,15,36,2,box16StateWagesTips
4984,4988,1126,994,1180,1024,wages,54,30,wages,OTHER
5011,5018,1336,993,1398,1021,78681.19,62,28,78681.19,OTHER
5033,5037,1581,990,1626,1017,76981,45,27,76981,OTHER
5039,5040,1629,993,1650,1018,19,21,25,19,OTHER
5042,5049,1679,987,1750,1023,18981.19,71,36,18981.19,OTHER
5068,5073,1835,987,1881,1018,21081.,46,31,21081.,OTHER
5075,5076,1884,993,1902,1021,19,18,28,19,OTHER
5083,5088,134,1020,180,1048,social,46,28,social,OTHER
5090,5097,183,1019,241,1048,security,58,29,security,OTHER
5099,5103,244,1016,298,1046,wages,54,30,wages,OTHER
5122,5127,434,1017,481,1049,social,47,32,social,OTHER
5129,5136,484,1019,541,1050,security,57,31,security,OTHER
5138,5140,545,1020,569,1050,tax,24,30,tax,OTHER
5142,5149,573,1021,635,1050,withheld,62,29,withheld,OTHER
5158,5165,139,1088,199,1117,medicare,60,29,medicare,OTHER
5167,5171,203,1088,251,1114,wages,48,26,wages,OTHER
5173,5175,255,1088,283,1112,and,28,24,and,OTHER
5177,5180,287,1087,326,1111,tips,39,24,tips,OTHER
5196,5203,433,1088,503,1115,medicare,70,27,medicare,OTHER
5205,5207,506,1088,529,1114,tax,23,26,tax,OTHER
5209,5216,532,1089,604,1116,withheld,72,27,withheld,OTHER
5258,5259,1024,1085,1046,1116,3.,22,31,3.,OTHER
5261,5268,1052,1085,1169,1116,employee,117,31,employee,OTHER
5270,5272,1174,1085,1221,1116,w-4,47,31,w-4,OTHER
5274,5281,1227,1085,1312,1116,profile.,85,31,profile.,OTHER
5283,5284,1317,1086,1348,1116,to,31,30,to,OTHER
5286,5291,1353,1086,1441,1116,change,88,30,change,OTHER
5293,5296,1446,1086,1501,1116,your,55,30,your,OTHER
5298,5305,1506,1086,1624,1116,employee,118,30,employee,OTHER
5307,5309,1629,1086,1677,1116,w-4,48,30,w-4,OTHER
5311,5317,1681,1086,1757,1116,profile,76,30,profile,OTHER
5319,5330,1761,1086,1907,1117,"information,",146,31,"information,",OTHER
5332,5335,1910,1086,1951,1117,file,41,31,file,OTHER
5337,5337,1954,1086,1971,1117,a,17,31,a,OTHER
5339,5341,1974,1086,2024,1117,new,50,31,new,OTHER
5343,5345,2029,1086,2076,1117,w-4,47,31,w-4,OTHER
5347,5350,2079,1086,2135,1117,with,56,31,with,OTHER
5352,5355,2137,1086,2193,1118,your,56,32,your,OTHER
5357,5363,2195,1086,2286,1118,payroll,91,32,payroll,OTHER
5365,5369,2288,1086,2360,1118,dept.,72,32,dept.,OTHER
5377,5381,151,1107,198,1134,67133,47,27,67133,OTHER
5383,5383,200,1107,208,1133,.,8,26,.,OTHER
5385,5386,210,1107,239,1133,49,29,26,49,OTHER
5430,5433,562,1104,598,1132,1946,36,28,1946,OTHER
5435,5435,602,1106,606,1132,.,4,26,.,OTHER
5437,5437,610,1106,620,1133,8,10,27,8,OTHER
5480,5480,405,1146,424,1175,8,19,29,8,OTHER
5482,5490,436,1145,503,1176,allocated,67,31,allocated,OTHER
5492,5495,506,1146,549,1182,tips,43,36,tips,OTHER
5642,5647,1837,1150,1878,1180,social,41,30,social,OTHER
5649,5656,1882,1150,1936,1179,security,54,29,security,OTHER
5658,5663,1940,1151,1994,1179,number,54,28,number,OTHER
5679,5686,2091,1147,2142,1175,3-59-150,51,28,3-59-150,OTHER
5694,5699,150,1163,207,1193,84845.,57,30,84845.,OTHER
5701,5702,209,1161,239,1193,71,30,32,71,OTHER
5747,5751,563,1165,606,1192,67133,43,27,67133,OTHER
5753,5753,609,1165,616,1191,.,7,26,.,OTHER
5755,5756,620,1164,643,1191,49,23,27,49,OTHER
5804,5811,1109,1171,1225,1201,kimberly,116,30,kimberly,OTHER
5813,5817,1289,1174,1364,1201,meyer,75,27,meyer,OTHER
5821,5832,133,1207,218,1235,verification,85,28,verification,OTHER
5834,5837,222,1206,267,1233,code,45,27,code,OTHER
5861,5861,413,1206,432,1234,0,19,28,0,OTHER
5863,5871,439,1206,520,1234,dependent,81,28,dependent,OTHER
5873,5876,523,1207,557,1234,care,34,27,care,OTHER
5878,5885,560,1207,618,1234,benefits,58,27,benefits,OTHER
5934,5936,1103,1208,1153,1239,380,50,31,380,OTHER
5938,5941,1164,1209,1224,1239,john,60,30,john,OTHER
5943,5948,1234,1209,1327,1239,bypass,93,30,bypass,OTHER
6021,6027,1834,1201,1905,1229,federal,71,28,federal,OTHER
6029,6029,1907,1199,1926,1228,:,19,29,:,OTHER
6146,6149,1103,1250,1168,1278,port,65,28,port,OTHER
6151,6156,1176,1248,1269,1277,kendra,93,29,kendra,OTHER
6158,6159,1321,1247,1349,1270,co,28,23,co,OTHER
6189,6190,1423,1244,1453,1276,64,30,32,64,OTHER
6234,6238,1834,1233,1896,1267,local,62,34,local,OTHER
6242,6253,136,1265,231,1288,nonqualified,95,23,nonqualified,OTHER
6255,6259,234,1265,274,1287,plans,40,22,plans,OTHER
6282,6283,413,1261,437,1288,2a,24,27,2a,OTHER
6285,6287,440,1262,467,1289,see,27,27,see,OTHER
6289,6300,470,1263,560,1290,instructions,90,27,instructions,OTHER
6302,6304,563,1263,585,1290,for,22,27,for,OTHER
6306,6308,588,1262,617,1289,box,29,27,box,OTHER
6310,6311,620,1261,637,1288,12,17,27,12,OTHER
6318,6320,153,1279,189,1305,158,36,26,158,OTHER
6323,6323,108,1326,122,1349,4,14,23,4,OTHER
6325,6329,142,1325,188,1349,other,46,24,other,OTHER
6381,6383,562,1335,596,1365,631,34,30,631,OTHER
6421,6422,412,1349,440,1378,20,28,29,20,OTHER
6442,6442,545,1353,558,1385,1,13,32,1,OTHER
6444,6446,563,1354,604,1387,849,41,33,849,OTHER
6484,6487,422,1386,443,1417,stat,21,31,stat,OTHER
6489,6491,447,1385,468,1417,emp,21,32,emp,OTHER
6493,6493,471,1385,477,1417,.,6,32,.,OTHER
6495,6497,481,1384,498,1417,ret,17,33,ret,OTHER
6499,6499,502,1384,504,1417,.,2,33,.,OTHER
6501,6504,507,1383,548,1417,plan,41,34,plan,OTHER
6506,6508,561,1383,579,1416,ard,18,33,ard,OTHER
6510,6514,582,1382,610,1415,party,28,33,party,OTHER
6516,6519,612,1382,635,1414,sick,23,32,sick,OTHER
6521,6523,637,1382,664,1413,pay,27,31,pay,OTHER
6526,6527,100,1430,120,1450,15,20,20,15,OTHER
6529,6533,137,1430,180,1452,state,43,22,state,OTHER
6535,6544,229,1425,304,1460,emblovers',75,35,emblovers',OTHER
6546,6550,308,1423,341,1454,state,33,31,state,OTHER
6552,6553,345,1422,360,1452,id,15,30,id,OTHER
6555,6556,363,1422,376,1452,no,13,30,no,OTHER
6558,6558,380,1421,400,1452,.,20,31,.,OTHER
6560,6561,406,1421,433,1452,16,27,31,16,OTHER
6563,6567,444,1422,483,1454,state,39,32,state,OTHER
6569,6573,487,1423,531,1458,wanes,44,35,wanes,OTHER
6575,6575,535,1426,538,1458,.,3,32,.,OTHER
6577,6581,542,1427,570,1461,tips.,28,34,tips.,box16StateWagesTips
6583,6585,573,1429,599,1465,597,26,36,597,box16StateWagesTips
6587,6587,1179,1673,1201,1708,2,22,35,2,OTHER
6589,6590,621,1435,636,1470,49,15,35,49,box16StateWagesTips
6592,6593,100,1483,124,1509,17,24,26,17,OTHER
6595,6599,143,1484,178,1510,state,35,26,state,OTHER
6601,6606,182,1484,238,1510,income,56,26,income,OTHER
6608,6610,241,1484,270,1510,tax,29,26,tax,OTHER
6646,6651,561,1496,616,1527,86959.,55,31,86959.,OTHER
6653,6654,619,1499,631,1527,1:,12,28,1:,OTHER
6660,6666,151,1496,229,1529,2925.39,78,33,2925.39,OTHER
6671,6675,140,1545,179,1578,local,39,33,local,OTHER
6677,6682,183,1544,237,1578,income,54,34,income,OTHER
6684,6686,241,1542,260,1575,ta:,19,33,ta:,OTHER
6711,6718,444,1541,500,1574,locality,56,33,locality,OTHER
6720,6723,505,1545,557,1579,name,52,34,name,OTHER
6725,6730,561,1549,623,1584,pennis,62,35,pennis,OTHER
6732,6735,627,1556,674,1587,keys,47,31,keys,OTHER
6842,6845,1039,1557,1071,1588,2018,32,31,2018,OTHER
6847,6850,1077,1556,1111,1586,"adp,",34,30,"adp,",OTHER
6852,6854,1116,1556,1155,1586,llc,39,30,llc,OTHER
6858,6858,99,1678,120,1707,1,21,29,1,OTHER
6860,6864,132,1678,178,1707,wages,46,29,wages,OTHER
6866,6866,183,1678,186,1706,.,3,28,.,OTHER
6868,6871,191,1678,215,1706,tips,24,28,tips,OTHER
6873,6873,220,1677,224,1705,.,4,28,.,OTHER
6875,6879,229,1675,267,1705,other,38,30,other,OTHER
6881,6884,272,1673,307,1703,comp,35,30,comp,OTHER
6886,6886,312,1672,323,1701,.,11,29,.,OTHER
6896,6902,433,1673,489,1706,federal,56,33,federal,OTHER
6904,6909,494,1675,548,1706,income,54,31,income,OTHER
6911,6913,552,1676,573,1706,tax,21,30,tax,OTHER
6915,6921,577,1675,634,1706,withhel,57,31,withhel,OTHER
6943,6943,867,1676,889,1708,1,22,32,1,OTHER
6945,6949,901,1676,944,1707,wanes,43,31,wanes,OTHER
6951,6951,950,1676,952,1706,.,2,30,.,OTHER
6953,6956,958,1676,979,1705,tips,21,29,tips,OTHER
6958,6958,985,1676,990,1705,.,5,29,.,OTHER
6960,6964,996,1675,1032,1704,other,36,29,other,OTHER
6966,6969,1038,1674,1074,1703,comp,36,29,comp,OTHER
6971,6971,1080,1673,1085,1702,.,5,29,.,OTHER
6979,6979,757,1814,774,1846,2,17,32,2,OTHER
6981,6987,1207,1674,1261,1708,federal,54,34,federal,OTHER
6989,6994,1266,1676,1320,1708,income,54,32,income,OTHER
6996,6998,1326,1676,1347,1707,tax,21,31,tax,OTHER
7000,7007,1353,1674,1418,1707,withheld,65,33,withheld,OTHER
7043,7047,1713,1675,1759,1707,wages,46,32,wages,OTHER
7049,7049,1765,1678,1767,1707,.,2,29,.,OTHER
7051,7054,1773,1678,1794,1708,tips,21,30,tips,OTHER
7056,7056,1799,1678,1805,1708,.,6,30,.,OTHER
7058,7062,1811,1675,1848,1707,other,37,32,other,OTHER
7064,7067,1853,1672,1886,1705,comp,33,33,comp,OTHER
7069,7069,1891,1671,1894,1702,.,3,31,.,OTHER
7079,7085,2022,1675,2076,1706,federal,54,31,federal,OTHER
7087,7092,2081,1675,2135,1706,income,54,31,income,OTHER
7094,7096,2140,1675,2160,1706,tax,20,31,tax,OTHER
7098,7105,2166,1674,2223,1706,withheld,57,32,withheld,OTHER
7112,7117,134,1711,181,1737,social,47,26,social,OTHER
7119,7126,183,1713,243,1737,security,60,24,security,OTHER
7128,7128,245,1713,258,1737,w,13,24,w,OTHER
7144,7144,406,1714,427,1754,4,21,40,4,OTHER
7146,7151,435,1715,478,1754,social,43,39,social,OTHER
7153,7160,485,1716,539,1752,security,54,36,security,OTHER
7162,7164,546,1715,566,1749,tax,20,34,tax,OTHER
7166,7173,572,1714,638,1748,withheld,66,34,withheld,OTHER
7195,7200,902,1720,947,1749,social,45,29,social,OTHER
7202,7209,952,1719,1008,1747,security,56,28,security,OTHER
7211,7215,1013,1720,1068,1748,wages,55,28,wages,OTHER
7230,7235,1209,1715,1253,1756,social,44,41,social,OTHER
7237,7244,1259,1715,1314,1753,security,55,38,security,OTHER
7246,7248,1320,1714,1342,1748,tax,22,34,tax,OTHER
7250,7257,1347,1711,1411,1745,withheld,64,34,withheld,OTHER
7293,7298,1717,1721,1760,1750,social,43,29,social,OTHER
7300,7307,1765,1721,1822,1747,security,57,26,security,OTHER
7309,7312,1826,1721,1864,1746,wage,38,25,wage,OTHER
7328,7333,2022,1716,2066,1750,social,44,34,social,OTHER
7335,7342,2072,1717,2129,1750,security,57,33,security,OTHER
7344,7346,2134,1717,2155,1748,tax,21,31,tax,OTHER
7348,7355,2160,1715,2217,1746,withheld,57,31,withheld,OTHER
7362,7367,152,1737,206,1762,84845.,54,25,84845.,OTHER
7369,7370,208,1735,238,1762,71,30,27,71,OTHER
7412,7417,562,1742,624,1771,5490.7,62,29,5490.7,OTHER
7419,7420,612,1773,648,1811,87,36,38,87,OTHER
7428,7435,141,1766,199,1793,medicare,58,27,medicare,OTHER
7437,7441,202,1763,252,1793,wages,50,30,wages,OTHER
7443,7445,255,1761,284,1793,and,29,32,and,OTHER
7447,7450,287,1758,327,1792,tips,40,34,tips,OTHER
7461,7468,433,1758,499,1797,medicare,66,39,medicare,OTHER
7470,7472,506,1759,525,1797,tax,19,38,tax,OTHER
7474,7481,532,1762,605,1804,withheld,73,42,withheld,OTHER
7516,7521,945,1747,998,1772,84845.,53,25,84845.,OTHER
7523,7524,1002,1747,1025,1773,71,23,26,71,OTHER
7619,7624,924,1773,965,1803,alegre,41,30,alegre,OTHER
7626,7630,969,1768,1020,1801,wages,51,33,wages,OTHER
7632,7634,1024,1766,1051,1797,and,27,31,and,OTHER
7636,7639,1055,1762,1086,1794,tips,31,32,tips,OTHER
7781,7786,1336,1741,1394,1769,$490.7,58,28,$490.7,OTHER
7909,7909,1179,1757,1201,1798,6,22,41,6,OTHER
7911,7918,1208,1757,1271,1797,medicare,63,40,medicare,OTHER
7920,7922,1278,1759,1299,1796,tax,21,37,tax,OTHER
7924,7931,1305,1760,1388,1799,withheld,83,39,withheld,OTHER
7976,7981,1757,1748,1811,1774,84845.,54,26,84845.,OTHER
7983,7984,1815,1748,1842,1774,71,27,26,71,OTHER
8174,8180,1728,1773,1779,1802,ealegre,51,29,ealegre,OTHER
8182,8186,1784,1770,1834,1801,wages,50,31,wages,OTHER
8188,8190,1838,1766,1865,1798,and,27,32,and,OTHER
8192,8195,1868,1760,1906,1796,tips,38,36,tips,OTHER
8210,8217,2020,1761,2086,1798,medicare,66,37,medicare,OTHER
8219,8221,2093,1761,2113,1795,tax,20,34,tax,OTHER
8223,8228,2149,1742,2205,1767,6490.7,56,25,6490.7,OTHER
8469,8476,2120,1762,2198,1798,withheld,78,36,withheld,OTHER
8482,8488,130,1811,184,1844,control,54,33,control,OTHER
8490,8495,187,1808,255,1836,number,68,28,number,OTHER
8497,8501,307,1811,361,1846,dept.,54,35,dept.,OTHER
8503,8507,406,1805,444,1840,corp.,38,35,corp.,OTHER
8541,8548,616,1809,678,1839,employer,62,30,employer,OTHER
8550,8552,683,1809,709,1840,use,26,31,use,OTHER
8554,8557,714,1810,753,1844,only,39,34,only,OTHER
8559,8559,238,2508,247,2536,2,9,28,2,OTHER
8593,8596,1099,1815,1147,1845,dept,48,30,dept,OTHER
8597,8601,1180,1809,1223,1840,corp.,43,31,corp.,OTHER
8624,8631,1388,1808,1452,1838,employer,64,30,employer,OTHER
8633,8635,1457,1808,1483,1838,use,26,30,use,OTHER
8637,8640,1487,1807,1529,1837,only,42,30,only,OTHER
8662,8668,898,1812,952,1843,control,54,31,control,OTHER
8670,8675,954,1808,1017,1837,number,63,29,number,OTHER
8691,8695,1912,1815,1962,1842,dept.,50,27,dept.,OTHER
8724,8731,2202,1809,2265,1838,employer,63,29,employer,OTHER
8733,8735,2269,1811,2295,1841,use,26,30,use,OTHER
8737,8740,2299,1813,2337,1846,only,38,33,only,OTHER
8742,8743,2342,1818,2370,1851,36,28,33,36,OTHER
8746,8756,102,1838,215,1876,"""employer's",113,38,"""employer's",OTHER
8758,8761,218,1847,257,1878,name,39,31,name,OTHER
8763,8763,260,1849,265,1879,",",5,30,",",OTHER
8765,8771,268,1849,325,1879,address,57,30,address,OTHER
8773,8773,327,1848,335,1879,",",8,31,",",OTHER
8775,8777,338,1847,366,1879,and,28,32,and,OTHER
8779,8781,369,1846,396,1878,zip,27,32,zip,OTHER
8783,8786,398,1842,439,1876,code,41,34,code,OTHER
8831,8837,1713,1810,1764,1843,control,51,33,control,OTHER
8839,8844,1769,1806,1824,1836,number,55,30,number,OTHER
8931,8940,902,1843,982,1877,employer's,80,34,employer's,OTHER
8942,8945,987,1848,1024,1878,name,37,30,name,OTHER
8947,8947,1028,1849,1033,1879,",",5,30,",",OTHER
8949,8955,1037,1848,1093,1879,address,56,31,address,OTHER
8957,8957,1097,1848,1103,1878,",",6,30,",",OTHER
8959,8961,1106,1847,1135,1878,and,29,31,and,OTHER
8963,8965,1138,1846,1164,1877,zip,26,31,zip,OTHER
8967,8970,1167,1842,1215,1875,code,48,33,code,OTHER
9028,9038,1680,1841,1798,1877,"""employer's",118,36,"""employer's",OTHER
9040,9043,1800,1848,1839,1878,name,39,30,name,OTHER
9045,9045,1841,1849,1849,1878,",",8,29,",",OTHER
9047,9053,1851,1849,1908,1878,address,57,29,address,OTHER
9055,9055,1909,1850,1916,1878,",",7,28,",",OTHER
9057,9059,1918,1849,1948,1878,and,30,29,and,OTHER
9061,9063,1950,1848,1977,1877,zip,27,29,zip,OTHER
9065,9068,1978,1847,2009,1875,code,31,28,code,OTHER
9077,9081,155,1875,224,1904,terry,69,29,terry,OTHER
9083,9087,231,1875,301,1904,group,70,29,group,OTHER
9089,9091,311,1872,355,1903,inc,44,31,inc,OTHER
9166,9170,948,1877,1017,1905,terry,69,28,terry,OTHER
9172,9176,1024,1877,1095,1906,group,71,29,group,OTHER
9178,9180,1103,1878,1148,1907,inc,45,29,inc,OTHER
9262,9266,1759,1877,1831,1906,terry,72,29,terry,OTHER
9268,9272,1836,1876,1909,1906,group,73,30,group,OTHER
9274,9276,1915,1872,1963,1903,inc,48,31,inc,OTHER
9286,9288,157,1906,200,1939,207,43,33,207,OTHER
9290,9293,205,1905,264,1939,lisa,59,34,lisa,OTHER
9295,9303,269,1906,396,1938,underpass,127,32,underpass,OTHER
9305,9309,402,1907,475,1936,suite,73,29,suite,OTHER
9311,9313,481,1909,528,1936,644,47,27,644,OTHER
9375,9377,949,1907,992,1936,207,43,29,207,OTHER
9379,9382,998,1906,1055,1938,lisa,57,32,lisa,OTHER
9384,9392,1063,1906,1187,1938,underpass,124,32,underpass,OTHER
9394,9398,1195,1907,1264,1938,suite,69,31,suite,OTHER
9400,9402,1273,1908,1318,1935,644,45,27,644,OTHER
9471,9473,1760,1906,1806,1936,207,46,30,207,OTHER
9475,9478,1811,1906,1870,1936,lisa,59,30,lisa,OTHER
9480,9488,1875,1906,2002,1936,underpass,127,30,underpass,OTHER
9490,9494,2007,1907,2079,1937,suite,72,30,suite,OTHER
9496,9498,2086,1910,2132,1937,644,46,27,644,OTHER
9508,9511,153,1931,212,1964,port,59,33,port,OTHER
9513,9518,217,1931,303,1964,kendra,86,33,kendra,OTHER
9520,9521,350,1932,378,1956,co,28,24,co,OTHER
9523,9527,440,1930,501,1960,64443,61,30,64443,OTHER
9531,9534,518,1930,574,1960,3719,56,30,3719,OTHER
9596,9599,947,1933,1006,1962,port,59,29,port,OTHER
9601,9606,1010,1931,1097,1962,kendra,87,31,kendra,OTHER
9608,9609,1142,1933,1172,1960,co,30,27,co,OTHER
9611,9620,1233,1930,1367,1959,64443-3719,134,29,64443-3719,OTHER
9698,9698,1799,1930,1819,1962,t,20,32,t,OTHER
9700,9705,1823,1930,1912,1963,kendra,89,33,kendra,OTHER
9707,9708,1955,1934,1985,1959,co,30,25,co,OTHER
9710,9719,2046,1930,2182,1960,64443-3719,136,30,64443-3719,OTHER
9727,9736,135,1997,215,2027,employer's,80,30,employer's,OTHER
9738,9740,220,1999,251,2028,fed,31,29,fed,OTHER
9742,9743,256,1999,272,2028,id,16,29,id,OTHER
9745,9750,276,1998,331,2029,number,55,31,number,OTHER
9761,9761,405,2000,428,2032,a,23,32,a,OTHER
9763,9772,435,1999,521,2031,employee's,86,32,employee's,OTHER
9774,9776,526,1999,557,2030,ssa,31,31,ssa,OTHER
9778,9783,562,1999,615,2031,number,53,32,number,OTHER
9811,9820,902,2000,983,2029,employer's,81,29,employer's,OTHER
9822,9824,988,2000,1019,2028,fed,31,28,fed,OTHER
9826,9827,1023,2000,1038,2028,id,15,28,id,OTHER
9829,9834,1042,2000,1106,2029,number,64,29,number,OTHER
9846,9846,1179,1998,1203,2032,a,24,34,a,OTHER
9848,9857,1209,1998,1294,2031,employee's,85,33,employee's,OTHER
9859,9861,1299,1998,1328,2029,ssa,29,31,ssa,OTHER
9863,9868,1333,1998,1392,2029,number,59,31,number,OTHER
9907,9916,1716,1998,1796,2028,employer's,80,30,employer's,OTHER
9918,9920,1801,1999,1833,2028,fed,32,29,fed,OTHER
9922,9923,1837,1999,1854,2028,id,17,29,id,OTHER
9925,9930,1857,1999,1924,2028,number,67,29,number,OTHER
9946,9955,2022,1999,2109,2031,employee's,87,32,employee's,OTHER
9957,9959,2113,1998,2143,2030,ssa,30,32,ssa,OTHER
9961,9966,2147,1996,2211,2029,number,64,33,number,OTHER
9974,9983,151,2018,259,2050,57-4496004,108,32,57-4496004,OTHER
9991,9996,150,2071,207,2102,84845.,57,31,84845.,OTHER
9998,9999,210,2072,239,2101,71,29,29,71,OTHER
10026,10026,405,2056,427,2089,8,22,33,8,OTHER
10028,10036,437,2056,501,2088,allocated,64,32,allocated,OTHER
10038,10041,507,2058,550,2088,tips,43,30,tips,OTHER
10074,10079,902,2061,946,2090,social,44,29,social,OTHER
10081,10088,950,2062,1008,2092,security,58,30,security,OTHER
10090,10093,1011,2064,1036,2092,tips,25,28,tips,OTHER
10111,10111,1179,2053,1203,2088,8,24,35,8,OTHER
10113,10121,1209,2055,1276,2088,allocated,67,33,allocated,OTHER
10123,10126,1282,2059,1323,2089,tips,41,30,tips,OTHER
10171,10176,1715,2060,1760,2090,social,45,30,social,OTHER
10178,10185,1764,2063,1822,2092,security,58,29,security,OTHER
10187,10190,1824,2065,1850,2093,tip:,26,28,tip:,OTHER
10210,10218,2023,2057,2090,2088,allocated,67,31,allocated,OTHER
10220,10223,2095,2057,2135,2087,tips,40,30,tips,OTHER
10283,10287,563,2074,608,2104,67133,45,30,67133,OTHER
10289,10289,611,2074,616,2103,.,5,29,.,OTHER
10291,10292,620,2073,646,2102,49,26,29,49,OTHER
10370,10374,1335,2073,1382,2104,67133,47,31,67133,OTHER
10376,10376,1384,2073,1391,2101,.,7,28,.,OTHER
10378,10379,1393,2073,1412,2100,49,19,27,49,OTHER
10467,10471,2147,2077,2193,2104,67133,46,27,67133,OTHER
10473,10473,2196,2076,2203,2103,.,7,27,.,OTHER
10475,10476,2205,2073,2225,2101,49,20,28,49,OTHER
10482,10493,133,2116,217,2147,verification,84,31,verification,OTHER
10495,10498,222,2114,264,2145,code,42,31,code,OTHER
10519,10520,408,2117,432,2149,10,24,32,10,OTHER
10522,10530,438,2118,518,2149,dependent,80,31,dependent,OTHER
10532,10535,523,2117,554,2146,care,31,29,care,OTHER
10537,10544,559,2115,619,2144,benefits,60,29,benefits,OTHER
10567,10578,900,2117,986,2148,verification,86,31,verification,OTHER
10580,10583,990,2117,1027,2147,code,37,30,code,OTHER
10603,10604,1179,2114,1208,2147,10,29,33,10,OTHER
10606,10614,1212,2116,1294,2148,dependent,82,32,dependent,OTHER
10616,10619,1298,2118,1329,2148,care,31,30,care,OTHER
10621,10628,1333,2118,1387,2147,benefits,54,29,benefits,OTHER
10664,10675,1715,2118,1797,2148,verification,82,30,verification,OTHER
10677,10680,1802,2118,1837,2147,code,35,29,code,OTHER
10702,10703,1992,2115,2020,2146,10,28,31,10,OTHER
10705,10713,2025,2116,2105,2148,dependent,80,32,dependent,OTHER
10715,10718,2110,2117,2142,2148,care,32,31,care,OTHER
10720,10726,2146,2116,2196,2147,benefit,50,31,benefit,OTHER
10871,10873,1337,2133,1375,2164,208,38,31,208,OTHER
10876,10876,107,2176,124,2203,1,17,27,1,OTHER
10878,10889,137,2178,230,2205,nonqualified,93,27,nonqualified,OTHER
10891,10895,234,2177,281,2205,plans,47,28,plans,OTHER
10917,10918,414,2176,435,2206,za,21,30,za,OTHER
10920,10922,440,2176,465,2206,see,25,30,see,OTHER
10924,10935,470,2176,557,2206,instructions,87,30,instructions,OTHER
10937,10939,562,2176,581,2205,for,19,29,for,OTHER
10941,10943,586,2175,615,2205,box,29,30,box,OTHER
10945,10946,620,2175,637,2204,12,17,29,12,OTHER
10965,10976,905,2175,996,2206,nonqualified,91,31,nonqualified,OTHER
10978,10982,1001,2175,1049,2206,plans,48,31,plans,OTHER
11001,11003,1180,2176,1208,2207,12a,28,31,12a,OTHER
11005,11007,1213,2176,1238,2207,see,25,31,see,OTHER
11009,11020,1243,2176,1332,2207,instructions,89,31,instructions,OTHER
11022,11024,1335,2176,1355,2205,for,20,29,for,OTHER
11026,11028,1359,2175,1389,2205,box,30,30,box,OTHER
11030,11031,1393,2174,1413,2204,12,20,30,12,OTHER
11060,11071,1716,2176,1810,2207,nonqualified,94,31,nonqualified,OTHER
11073,11077,1815,2176,1867,2207,plans,52,31,plans,OTHER
11103,11104,2002,2178,2021,2207,2a,19,29,2a,OTHER
11106,11108,2026,2177,2051,2207,see,25,30,see,OTHER
11110,11121,2056,2175,2145,2207,instructions,89,32,instructions,OTHER
11123,11125,2149,2175,2169,2207,for,20,32,for,OTHER
11127,11129,2173,2174,2205,2206,box,32,32,box,OTHER
11131,11132,2208,2174,2227,2206,12,19,32,12,OTHER
11219,11220,867,2233,891,2259,14,24,26,14,OTHER
11222,11225,910,2232,942,2256,othe,32,24,othe,OTHER
11278,11278,1316,2225,1330,2260,1,14,35,1,OTHER
11280,11282,1335,2223,1379,2259,448,44,36,448,OTHER
11317,11317,1689,2233,1703,2256,4,14,23,4,OTHER
11319,11323,1729,2229,1765,2261,other,36,32,other,OTHER
11385,11388,545,2244,606,2282,1631,61,38,1631,OTHER
11469,11469,1315,2249,1332,2282,1,17,33,1,OTHER
11471,11473,1336,2245,1377,2280,631,41,35,631,OTHER
11564,11564,2127,2248,2142,2288,1,15,40,1,OTHER
11566,11568,2149,2246,2190,2287,831,41,41,831,OTHER
11604,11605,403,2301,415,2335,13,12,34,13,OTHER
11607,11610,419,2301,442,2335,stat,23,34,stat,OTHER
11612,11615,446,2300,476,2335,emp.,30,35,emp.,OTHER
11617,11620,481,2299,503,2335,ret.,22,36,ret.,OTHER
11622,11625,508,2297,552,2334,plan,44,37,plan,OTHER
11627,11629,561,2295,577,2333,ard,16,38,ard,OTHER
11631,11635,584,2293,611,2332,party,27,39,party,OTHER
11637,11640,618,2291,639,2330,sick,21,39,sick,OTHER
11642,11644,645,2288,675,2329,pay,30,41,pay,OTHER
11697,11698,1209,2301,1216,2339,if,7,38,if,OTHER
11700,11702,1222,2299,1248,2338,emp,26,39,emp,OTHER
11704,11707,1254,2298,1275,2337,ret.,21,39,ret.,OTHER
11709,11712,1282,2296,1327,2336,plan,45,40,plan,OTHER
11714,11716,1334,2295,1349,2334,ard,15,39,ard,OTHER
11718,11722,1356,2294,1384,2333,party,28,39,party,OTHER
11724,11727,1391,2292,1412,2331,sick,21,39,sick,OTHER
11729,11731,1418,2291,1449,2330,pay,31,39,pay,OTHER
11789,11790,1990,2285,2000,2324,13,10,39,13,OTHER
11792,11795,2008,2286,2028,2326,stat,20,40,stat,OTHER
11797,11799,2035,2288,2060,2327,emp,25,39,emp,OTHER
11801,11803,2068,2289,2083,2328,ret,15,39,ret,OTHER
11805,11805,2088,2289,2090,2328,.,2,39,.,OTHER
11807,11810,2095,2289,2141,2328,plan,46,39,plan,OTHER
11812,11814,2147,2290,2163,2328,ard,16,38,ard,OTHER
11816,11820,2170,2290,2198,2328,party,28,38,party,OTHER
11822,11825,2205,2290,2226,2327,sick,21,37,sick,OTHER
11827,11829,2232,2290,2259,2325,pay,27,35,pay,OTHER
11831,11833,99,2334,128,2362,eff,29,28,eff,OTHER
11835,11843,133,2336,216,2366,employees,83,30,employees,OTHER
11845,11849,219,2337,265,2367,name.,46,30,name.,OTHER
11851,11857,268,2335,329,2367,address,61,32,address,OTHER
11859,11861,332,2334,361,2365,and,29,31,and,OTHER
11863,11865,364,2332,390,2363,zip,26,31,zip,OTHER
11867,11870,393,2328,439,2361,code,46,33,code,OTHER
11916,11918,866,2335,897,2364,eif,31,29,eif,OTHER
11920,11928,901,2336,983,2365,employees,82,29,employees,OTHER
11930,11933,986,2336,1024,2365,name,38,29,name,OTHER
11935,11935,1027,2336,1033,2364,.,6,28,.,OTHER
11937,11943,1036,2335,1097,2364,address,61,29,address,OTHER
11945,11947,1099,2334,1130,2363,and,31,29,and,OTHER
11949,11951,1132,2334,1157,2362,zip,25,28,zip,OTHER
11953,11956,1160,2333,1199,2361,code,39,28,code,OTHER
12012,12014,1679,2336,1711,2365,elf,32,29,elf,OTHER
12016,12024,1714,2336,1795,2366,employees,81,30,employees,OTHER
12026,12029,1798,2337,1838,2366,name,40,29,name,OTHER
12031,12031,1842,2337,1847,2366,.,5,29,.,OTHER
12033,12039,1851,2336,1909,2366,address,58,30,address,OTHER
12041,12043,1913,2335,1941,2365,and,28,30,and,OTHER
12045,12047,1944,2334,1971,2363,zip,27,29,zip,OTHER
12049,12052,1974,2333,2014,2362,code,40,29,code,OTHER
12059,12066,151,2380,265,2409,kimberly,114,29,kimberly,OTHER
12068,12072,320,2379,389,2408,meyer,69,29,meyer,OTHER
12148,12155,945,2379,1057,2408,kimberly,112,29,kimberly,OTHER
12157,12161,1113,2382,1171,2407,meyer,58,25,meyer,OTHER
12244,12251,1757,2380,1871,2408,kimberly,114,28,kimberly,OTHER
12253,12257,1926,2379,1993,2407,meyer,67,28,meyer,OTHER
12266,12268,156,2404,198,2435,380,42,31,380,OTHER
12270,12273,207,2407,262,2436,john,55,29,john,OTHER
12275,12280,269,2405,349,2436,bypass,80,31,bypass,OTHER
12356,12357,962,2408,992,2437,80,30,29,80,OTHER
12359,12362,1000,2409,1056,2437,john,56,28,john,OTHER
12364,12369,1062,2405,1152,2435,bypass,90,30,bypass,OTHER
12451,12453,1761,2406,1805,2438,380,44,32,380,OTHER
12455,12458,1812,2408,1871,2438,john,59,30,john,OTHER
12460,12465,1876,2404,1964,2437,bypass,88,33,bypass,OTHER
12474,12478,159,2435,224,2464,south,65,29,south,OTHER
12480,12486,229,2432,330,2464,natasha,101,32,natasha,OTHER
12488,12489,372,2435,404,2462,ny,32,27,ny,OTHER
12491,12500,427,2432,561,2463,21480-3423,134,31,21480-3423,OTHER
12562,12566,947,2435,1016,2463,south,69,28,south,OTHER
12568,12574,1024,2432,1123,2463,natasha,99,31,natasha,OTHER
12576,12577,1165,2434,1197,2460,ny,32,26,ny,OTHER
12579,12588,1221,2431,1356,2462,21480-3423,135,31,21480-3423,OTHER
12658,12662,1760,2434,1831,2464,south,71,30,south,OTHER
12664,12670,1836,2430,1938,2464,natasha,102,34,natasha,OTHER
12672,12673,1978,2435,2010,2461,ny,32,26,ny,OTHER
12675,12684,2032,2431,2167,2462,21480-3423,135,31,21480-3423,OTHER
12687,12688,102,2496,125,2524,15,23,28,15,OTHER
12690,12694,137,2499,185,2531,state,48,32,state,OTHER
12696,12696,229,2509,234,2537,8,5,28,8,OTHER
12698,12698,1375,2508,1388,2537,2,13,29,2,OTHER
12700,12707,250,2502,306,2535,blovers',56,33,blovers',OTHER
12709,12713,309,2500,341,2530,state,32,30,state,OTHER
12715,12716,345,2499,359,2528,id,14,29,id,OTHER
12718,12720,363,2498,400,2528,no.,37,30,no.,OTHER
12722,12723,406,2498,434,2527,16,28,29,16,OTHER
12725,12729,446,2498,482,2528,state,36,30,state,OTHER
12731,12735,487,2499,538,2531,wanes,51,32,wanes,OTHER
12737,12740,542,2503,570,2534,tips,28,31,tips,OTHER
12742,12745,574,2506,616,2539,6572,42,33,6572,OTHER
12747,12748,621,2511,637,2541,49,16,30,49,OTHER
12772,12773,868,2500,890,2525,15,22,25,15,OTHER
12775,12779,907,2502,952,2534,state,45,32,state,OTHER
12791,12799,1030,2500,1097,2535,mplovers',67,35,mplovers',OTHER
12801,12805,1101,2498,1133,2530,state,32,32,state,OTHER
12807,12808,1137,2498,1150,2528,id,13,30,id,OTHER
12810,12811,1154,2497,1174,2528,no,20,31,no,OTHER
12813,12814,1178,2497,1208,2527,16,30,30,16,OTHER
12816,12820,1218,2497,1255,2528,state,37,31,state,OTHER
12822,12826,1259,2499,1310,2530,wades,51,31,wades,OTHER
12828,12832,1314,2502,1347,2533,"tips,",33,31,"tips,",OTHER
12834,12835,1352,2505,1371,2535,87,19,30,87,OTHER
12837,12837,906,2779,914,2806,2,8,27,2,OTHER
12839,12840,1393,2510,1408,2539,49,15,29,49,OTHER
12868,12869,1679,2500,1707,2527,15,28,27,15,OTHER
12871,12875,1719,2501,1766,2535,state,47,34,state,OTHER
12889,12890,1833,2506,1859,2540,ag,26,34,ag,OTHER
12892,12898,1863,2501,1909,2537,lovers',46,36,lovers',OTHER
12900,12904,1914,2498,1945,2532,state,31,34,state,OTHER
12906,12907,1950,2498,1964,2530,10,14,32,10,OTHER
12909,12910,1968,2497,1988,2530,no,20,33,no,OTHER
12912,12913,1993,2496,2020,2529,16,27,33,16,OTHER
12915,12919,2031,2496,2067,2529,state,36,33,state,OTHER
12921,12926,2071,2497,2123,2531,wanes.,52,34,wanes.,OTHER
12928,12932,2128,2500,2162,2534,"tips,",34,34,"tips,",OTHER
12934,12937,2166,2504,2202,2537,eff2,36,33,eff2,OTHER
12939,12939,2206,2509,2218,2539,4,12,30,4,OTHER
12942,12942,108,2556,122,2579,7,14,23,7,OTHER
12944,12948,142,2559,180,2583,state,38,24,state,OTHER
12950,12955,182,2558,239,2583,income,57,25,income,OTHER
12957,12959,240,2556,268,2583,tax,28,27,tax,OTHER
12985,12986,407,2555,433,2585,18,26,30,18,OTHER
12988,12992,443,2555,483,2585,local,40,30,local,OTHER
12994,12998,487,2555,531,2586,wades,44,31,wades,OTHER
13000,13000,535,2558,541,2587,.,6,29,.,OTHER
13002,13005,544,2558,569,2588,tips,25,30,tips,OTHER
13007,13007,573,2561,577,2589,",",4,28,",",OTHER
13009,13011,580,2561,600,2591,etc,20,30,etc,OTHER
13013,13013,603,2564,613,2592,.,10,28,.,OTHER
13067,13068,1178,2553,1209,2585,18,31,32,18,OTHER
13070,13074,1215,2554,1256,2587,local,41,33,local,OTHER
13076,13080,1260,2557,1306,2590,wanes,46,33,wanes,OTHER
13082,13082,1309,2561,1312,2591,.,3,30,.,OTHER
13084,13087,1315,2562,1342,2593,tips,27,31,tips,OTHER
13089,13089,1346,2565,1353,2594,6,7,29,6,OTHER
13091,13093,1356,2567,1381,2598,969,25,31,969,OTHER
13095,13095,1385,2571,1389,2599,.,4,28,.,OTHER
13097,13098,2207,2567,2225,2600,11,18,33,11,OTHER
13124,13125,1683,2553,1706,2578,17,23,25,17,OTHER
13127,13131,1723,2556,1762,2582,state,39,26,state,OTHER
13133,13138,1763,2558,1820,2584,income,57,26,income,OTHER
13140,13141,1821,2560,1839,2585,ta,18,25,ta,OTHER
13169,13170,1993,2554,2020,2585,18,27,31,18,OTHER
13172,13176,2029,2554,2070,2587,local,41,33,local,OTHER
13178,13183,2074,2555,2127,2591,wanes.,53,36,wanes.,OTHER
13185,13188,2131,2559,2164,2594,tips,33,35,tips,OTHER
13190,13191,2168,2562,2184,2596,#6,16,34,#6,OTHER
13193,13193,2188,2565,2204,2598,",",16,33,",",OTHER
13195,13196,1393,2572,1416,2602,11,23,30,11,OTHER
13203,13209,151,2571,231,2601,2925.99,80,30,2925.99,OTHER
13290,13293,944,2572,982,2597,2925,38,25,2925,OTHER
13295,13297,983,2572,1023,2599,.99,40,27,.99,OTHER
13300,13301,100,2615,126,2643,19,26,28,19,OTHER
13303,13304,141,2614,157,2642,lo,16,28,lo,OTHER
13305,13309,152,2626,196,2656,13303,44,30,13303,OTHER
13311,13311,200,2628,207,2656,.,7,28,.,OTHER
13313,13314,210,2625,239,2655,26,29,30,26,OTHER
13343,13344,409,2615,431,2642,20,22,27,20,OTHER
13346,13353,443,2615,502,2644,locality,59,29,locality,OTHER
13355,13358,505,2617,558,2646,name,53,29,name,OTHER
13385,13386,867,2616,892,2642,19,25,26,19,OTHER
13388,13392,909,2618,949,2647,local,40,29,local,OTHER
13394,13401,951,2621,1027,2653,income26,76,32,income26,OTHER
13424,13425,1178,2613,1206,2641,20,28,28,20,OTHER
13427,13434,1216,2614,1276,2644,locality,60,30,locality,OTHER
13436,13439,1279,2616,1332,2646,name,53,30,name,OTHER
13482,13483,1681,2615,1707,2644,19,26,29,19,OTHER
13485,13489,1722,2618,1762,2648,local,40,30,local,OTHER
13491,13495,1766,2621,1814,2652,incon,48,31,incon,OTHER
13497,13498,1816,2626,1835,2653,26,19,27,26,OTHER
13528,13535,2029,2614,2088,2647,locality,59,33,locality,OTHER
13537,13540,2091,2619,2144,2652,name,53,33,name,OTHER
13542,13547,2147,2624,2210,2658,pennis,63,34,pennis,OTHER
13549,13552,625,2638,674,2663,keys,49,25,keys,OTHER
13618,13623,559,2632,624,2660,dennis,65,28,dennis,OTHER
13625,13628,1400,2633,1449,2662,keys,49,29,keys,OTHER
13693,13698,1333,2631,1398,2660,dennis,65,29,dennis,OTHER
13700,13703,2212,2632,2259,2663,keys,47,31,keys,OTHER
13723,13729,229,2677,315,2706,federal,86,29,federal,OTHER
13749,13754,417,2681,468,2705,filing,51,24,filing,OTHER
13775,13778,592,2679,642,2703,copy,50,24,copy,OTHER
13811,13818,1014,2675,1111,2710,ne.state,97,35,ne.state,OTHER
13832,13837,1190,2684,1238,2705,filing,48,21,filing,OTHER
13849,13852,1367,2676,1413,2702,copy,46,26,copy,OTHER
13907,13910,1813,2675,1851,2707,city,38,32,city,OTHER
13912,13913,1855,2675,1875,2706,or,20,31,or,OTHER
13915,13919,1879,2675,1947,2713,local,68,38,local,OTHER
13925,13930,2002,2681,2055,2708,filing,53,27,filing,OTHER
13946,13949,2179,2678,2228,2700,copy,49,22,copy,OTHER
13982,13985,325,2706,388,2734,wage,63,28,wage,OTHER
13987,13989,426,2702,468,2725,and,42,23,and,OTHER
13991,13993,504,2705,539,2727,tax,35,22,tax,OTHER
14075,14077,1197,2699,1239,2728,and,42,29,and,OTHER
14079,14081,1277,2703,1311,2727,tax,34,24,tax,OTHER
14163,14166,1921,2704,1984,2734,wage,63,30,wage,OTHER
14168,14170,2011,2702,2052,2733,and,41,31,and,OTHER
14172,14174,2091,2703,2127,2726,tax,36,23,tax,OTHER
14207,14215,319,2731,417,2756,statement,98,25,statement,OTHER
14242,14245,581,2742,667,2774,2018,86,32,2018,OTHER
14261,14263,1093,999,1121,1026,w-2,28,27,w-2,OTHER
14318,14321,1359,2740,1443,2772,2018,84,32,2018,OTHER
14360,14362,105,2742,174,2771,w-2,69,29,w-2,OTHER
14387,14395,1911,2729,2011,2753,statement,100,24,statement,OTHER
14415,14418,2167,2742,2253,2774,2018,86,32,2018,OTHER
14421,14423,1687,2742,1753,2773,w-2,66,31,w-2,OTHER
14425,14428,99,2779,132,2806,copy,33,27,copy,OTHER
14430,14430,137,2780,148,2807,b,11,27,b,OTHER
14432,14433,153,2780,164,2807,to,11,27,to,OTHER
14435,14436,169,2780,185,2807,be,16,27,be,OTHER
14438,14442,190,2780,217,2807,filed,27,27,filed,OTHER
14444,14447,222,2781,250,2807,with,28,26,with,OTHER
14449,14458,256,2781,330,2807,employee's,74,26,employee's,OTHER
14460,14466,335,2781,385,2806,federal,50,25,federal,OTHER
14468,14473,390,2781,442,2805,income,52,24,income,OTHER
14475,14477,447,2780,469,2804,tax,22,24,tax,OTHER
14479,14484,473,2779,520,2804,return,47,25,return,OTHER
14486,14488,561,2778,596,2808,ome,35,30,ome,OTHER
14490,14492,600,2777,626,2806,no.,26,29,no.,OTHER
14494,14502,630,2777,709,2806,1545-0008,79,29,1545-0008,OTHER
14510,14513,867,2779,902,2807,copy,35,28,copy,OTHER
14515,14515,1719,2780,1725,2806,2,6,26,2,OTHER
14517,14518,918,2778,931,2805,to,13,27,to,OTHER
14520,14521,936,2778,951,2806,be,15,28,be,OTHER
14523,14527,956,2779,984,2807,filed,28,28,filed,OTHER
14529,14529,989,2780,997,2808,w,8,28,w,OTHER
14534,14538,1062,2780,1097,2807,yee's,35,27,yee's,OTHER
14540,14544,1100,2780,1137,2806,state,37,26,state,OTHER
14546,14551,1141,2779,1193,2806,income,52,27,income,OTHER
14553,14555,1197,2779,1221,2805,tax,24,26,tax,OTHER
14557,14562,1225,2779,1270,2804,return,45,25,return,OTHER
14564,14566,1334,2777,1369,2808,ome,35,31,ome,OTHER
14568,14569,1373,2776,1388,2805,no,15,29,no,OTHER
14571,14571,1392,2775,1399,2804,.,7,29,.,OTHER
14573,14581,1403,2775,1473,2807,1545-0008,70,32,1545-0008,OTHER
14607,14610,1679,2779,1714,2805,copy,35,26,copy,OTHER
14614,14615,1730,2780,1743,2806,to,13,26,to,OTHER
14617,14618,1748,2780,1765,2807,be,17,27,be,OTHER
14620,14624,1770,2780,1796,2807,filed,26,27,filed,OTHER
14626,14629,1801,2780,1830,2807,with,29,27,with,OTHER
14643,14644,1987,2782,1998,2804,al,11,22,al,OTHER
14646,14651,2001,2781,2055,2806,income,54,25,income,OTHER
14653,14655,2057,2781,2083,2807,tax,26,26,tax,OTHER
14657,14662,2085,2780,2138,2807,return,53,27,return,OTHER
14664,14666,2147,2779,2183,2808,omb,36,29,omb,OTHER
14668,14670,2186,2779,2213,2808,no.,27,29,no.,OTHER
14672,14680,2215,2777,2296,2807,1545-0008,81,30,1545-0008,OTHER
