start_index,end_index,x_top_left,y_top_left,x_bottom_right,y_bottom_right,transcript,box_width,box_height,combined_text,predicted_field
0,0,1759,1769,1866,1802,185972-gand,107,33,185972-gand,OTHER
0,0,2119,1763,2198,1796,withheld,79,33,withheld,OTHER
0,0,1690,1812,1766,1847,aycontrol,76,35,aycontrol,OTHER
0,0,2136,2290,2162,2327,tard,26,37,tard,OTHER
0,0,874,2744,943,2771,w-2,69,27,w-2,OTHER
110,113,1035,253,1156,305,2018,121,52,2018,OTHER
134,136,1171,254,1276,306,w-2,105,52,w-2,OTHER
149,151,1288,255,1386,307,and,98,52,and,OTHER
165,172,1401,255,1691,307,earnings,290,52,earnings,OTHER
194,200,1709,253,1996,306,summary,287,53,summary,OTHER
259,261,2225,245,2311,291,adp,86,46,adp,OTHER
281,288,222,317,320,344,employee,98,27,employee,OTHER
302,310,393,313,497,346,reference,104,33,reference,OTHER
316,319,592,316,643,342,copy,51,26,copy,OTHER
364,366,964,314,1006,344,his,42,30,his,OTHER
368,371,1010,314,1071,343,blue,61,29,blue,OTHER
373,380,1076,314,1197,343,earnings,121,29,earnings,OTHER
382,388,1201,314,1328,342,summary,127,28,summary,OTHER
390,396,1333,314,1428,342,section,95,28,section,OTHER
398,399,1433,314,1459,342,is,26,28,is,OTHER
401,408,1464,314,1577,342,included,113,28,included,OTHER
410,413,1582,314,1639,342,with,57,28,with,OTHER
415,418,1644,314,1704,342,your,60,28,your,OTHER
420,422,1710,314,1766,342,w-2,56,28,w-2,OTHER
424,425,1771,314,1799,343,to,28,29,to,OTHER
427,430,1804,313,1865,343,help,61,30,help,OTHER
432,439,1874,313,1984,344,describe,110,31,describe,OTHER
441,448,1990,313,2096,344,portions,106,31,portions,OTHER
450,451,2102,312,2129,345,in,27,33,in,OTHER
453,456,2135,312,2206,346,more,71,34,more,OTHER
458,464,2214,312,2287,346,detail.,73,34,detail.,OTHER
497,500,329,351,386,376,wage,57,25,wage,OTHER
502,504,428,346,465,370,and,37,24,and,OTHER
506,508,506,346,543,371,tax,37,25,tax,OTHER
566,567,965,344,1000,371,he,35,27,he,OTHER
569,575,1005,343,1108,371,reverse,103,28,reverse,OTHER
577,580,1114,343,1171,370,side,57,27,side,OTHER
582,589,1176,343,1289,370,includes,113,27,includes,OTHER
591,597,1294,343,1395,370,general,101,27,general,OTHER
599,609,1400,343,1548,370,information,148,27,information,OTHER
611,614,1555,343,1608,370,that,53,27,that,OTHER
616,618,1613,343,1661,370,you,48,27,you,OTHER
620,622,1667,343,1726,370,may,59,27,may,OTHER
624,627,1732,343,1788,370,also,56,27,also,OTHER
629,632,1794,343,1844,370,find,50,27,find,OTHER
634,641,1849,343,1946,370,helpful.,97,27,helpful.,OTHER
647,649,112,379,168,417,n-2,56,38,n-2,OTHER
674,682,324,371,404,396,statement,80,25,statement,OTHER
692,695,583,386,666,418,2018,83,32,2018,taxYear
699,702,99,432,134,459,copy,35,27,copy,OTHER
704,704,137,431,147,456,c,10,25,c,OTHER
706,708,150,431,171,455,for,21,24,for,OTHER
710,719,173,431,250,455,employee's,77,24,employee's,OTHER
721,728,252,432,321,461,records.,69,29,records.,OTHER
756,762,307,448,380,490,dept.50,73,42,dept.50,OTHER
778,780,564,422,595,448,omb,31,26,omb,OTHER
782,784,599,422,626,447,no.,27,25,no.,OTHER
786,794,631,422,709,448,1545-0008,78,26,1545-0008,OTHER
839,840,1025,425,1048,455,1.,23,30,1.,OTHER
842,844,1052,425,1097,455,the,45,30,the,OTHER
846,854,1101,424,1211,455,following,110,31,following,OTHER
856,866,1215,424,1353,454,information,138,30,information,OTHER
868,875,1357,424,1448,455,reflects,91,31,reflects,OTHER
877,880,1452,424,1506,455,your,54,31,your,OTHER
882,886,1510,424,1564,455,final,54,31,final,OTHER
888,891,1569,424,1625,455,2018,56,31,2018,OTHER
893,895,1629,424,1675,455,pay,46,31,pay,OTHER
897,900,1679,424,1733,455,stub,54,31,stub,OTHER
902,905,1738,424,1792,455,plus,54,31,plus,OTHER
907,909,1796,424,1840,455,any,44,31,any,OTHER
911,921,1844,424,1989,456,adjustments,145,32,adjustments,OTHER
923,931,1994,425,2112,456,submitted,118,31,submitted,OTHER
933,934,2116,425,2149,457,by,33,32,by,OTHER
936,939,2153,425,2209,457,your,56,32,your,OTHER
941,949,2213,425,2337,458,employer.,124,33,employer.,OTHER
951,951,96,454,117,481,d,21,27,d,OTHER
952,958,99,469,174,495,8411116,75,26,8411116,OTHER
963,969,129,451,185,480,control,56,29,control,OTHER
971,976,186,444,259,477,number,73,33,number,OTHER
1013,1020,614,450,679,479,emplover,65,29,emplover,OTHER
1022,1024,683,450,708,479,use,25,29,use,OTHER
1026,1029,713,452,752,484,only,39,32,only,OTHER
1031,1032,757,458,780,488,36,23,30,36,OTHER
1082,1082,562,465,583,495,a,21,30,a,OTHER
1150,1154,1102,472,1144,499,gross,42,27,gross,OTHER
1156,1158,1148,468,1179,497,pay,31,29,pay,OTHER
1166,1173,1263,467,1334,493,240564.7,71,26,240564.7,OTHER
1195,1202,1639,466,1706,494,17915.52,67,28,17915.52,OTHER
1212,1219,1836,474,1893,497,hi.state,57,23,hi.state,OTHER
1221,1226,1897,473,1952,497,income,55,24,income,OTHER
1228,1230,1956,471,1976,496,tax,20,25,tax,OTHER
1232,1233,2069,468,2084,495,80,15,27,80,OTHER
1235,1239,2087,465,2123,493,14.25,36,28,14.25,OTHER
1387,1389,1458,488,1480,515,tax,22,27,tax,OTHER
1391,1398,1483,485,1561,515,withheld,78,30,withheld,OTHER
1420,1422,1837,497,1866,519,box,29,22,box,OTHER
1424,1425,1868,499,1887,519,1/,19,20,1/,OTHER
1426,1431,1879,513,1936,537,income,57,24,income,OTHER
1621,1622,1889,500,1905,520,of,16,20,of,OTHER
1624,1626,1907,500,1944,521,w-2,37,21,w-2,OTHER
1627,1628,1939,514,1955,537,ta,16,23,ta,OTHER
1635,1644,133,513,214,543,employer's,81,30,employer's,OTHER
1646,1650,218,515,265,543,"name,",47,28,"name,",OTHER
1652,1659,269,514,334,543,"address,",65,29,"address,",OTHER
1661,1663,337,513,366,542,and,29,29,and,OTHER
1665,1667,369,512,394,541,zip,25,29,zip,OTHER
1669,1672,397,510,438,540,code,41,30,code,OTHER
1776,1778,1458,509,1482,537,box,24,28,box,OTHER
1780,1780,1484,509,1496,536,4,12,27,4,OTHER
1782,1783,1498,509,1513,535,of,15,26,of,OTHER
1785,1787,1516,509,1555,536,w-2,39,27,w-2,OTHER
1808,1812,1835,511,1876,535,local,41,24,local,OTHER
1828,1835,2070,509,2137,539,32484.19,67,30,32484.19,OTHER
1846,1853,153,537,263,567,robinson,110,30,robinson,employerName
1855,1857,270,536,316,565,plc,46,29,plc,employerName
1859,1861,325,534,368,562,inc,43,28,inc,employerName
2015,2017,1837,532,1864,561,box,27,29,box,OTHER
2019,2020,1868,531,1886,560,19,18,29,19,OTHER
2022,2023,1889,531,1904,560,of,15,29,of,OTHER
2025,2026,1907,533,1925,560,w-,18,27,w-,OTHER
2028,2028,1928,534,1940,561,2,12,27,2,OTHER
2038,2040,156,568,200,599,463,44,31,463,employerAddressStreet_name
2042,2045,205,567,263,597,glen,58,30,glen,employerAddressStreet_name
2047,2053,268,567,354,595,meadows,86,28,meadows,employerAddressStreet_name
2147,2150,1102,568,1132,595,fed.,30,27,fed.,OTHER
2152,2157,1136,568,1201,594,income,65,26,income,OTHER
2161,2168,1258,565,1329,590,32552.07,71,25,32552.07,OTHER
2175,2182,1453,567,1520,595,medicare,67,28,medicare,OTHER
2184,2186,1524,566,1550,593,tax,26,27,tax,OTHER
2194,2199,1667,565,1717,594,5422.2,50,29,5422.2,OTHER
2211,2223,168,592,345,622,lizabethshire,177,30,lizabethshire,employerAddressCity
2225,2226,388,596,416,622,ia,28,26,ia,employerAddressState
2228,2237,440,592,567,622,34068-9928,127,30,34068-9928,employerAddressZip
2317,2319,1101,592,1128,619,tax,27,27,tax,OTHER
2321,2328,1130,591,1198,618,withheld,68,27,withheld,OTHER
2347,2354,1454,592,1530,618,withheld,76,26,withheld,OTHER
2474,2476,1106,615,1129,642,box,23,27,box,OTHER
2478,2478,1134,617,1142,644,2,8,27,2,OTHER
2480,2481,1147,618,1160,644,of,13,26,of,OTHER
2483,2485,1164,618,1194,644,w-2,30,26,w-2,OTHER
2501,2503,1453,612,1483,642,box,30,30,box,OTHER
2505,2505,1485,616,1495,642,6,10,26,6,OTHER
2507,2508,1498,616,1513,643,of,15,27,of,OTHER
2510,2510,1516,616,1527,643,w,11,27,w,OTHER
2512,2512,1530,616,1535,643,-,5,27,-,OTHER
2514,2514,1537,614,1558,642,2,21,28,2,OTHER
2536,2538,1843,614,1865,640,box,22,26,box,OTHER
2540,2541,1869,613,1887,640,14,18,27,14,OTHER
2543,2544,1891,614,1905,642,of,14,28,of,OTHER
2546,2547,1909,616,1930,645,w-,21,29,w-,OTHER
2587,2591,407,682,475,712,batch,68,30,batch,OTHER
2618,2623,589,678,673,710,#02021,84,32,#02021,OTHER
2625,2627,98,728,129,754,elf,31,26,elf,OTHER
2629,2637,133,728,216,756,employees,83,28,employees,OTHER
2639,2642,218,728,256,756,name,38,28,name,OTHER
2644,2644,258,728,266,756,.,8,28,.,OTHER
2646,2652,268,727,329,756,address,61,29,address,OTHER
2654,2656,332,727,361,756,and,29,29,and,OTHER
2658,2660,364,726,389,755,zip,25,29,zip,OTHER
2662,2665,392,725,438,754,code,46,29,code,OTHER
2776,2777,1023,753,1047,782,2.,24,29,2.,OTHER
2779,2782,1053,753,1111,782,your,58,29,your,OTHER
2784,2788,1116,753,1187,782,gross,71,29,gross,OTHER
2790,2792,1192,754,1237,783,pay,45,29,pay,OTHER
2794,2796,1243,754,1291,783,was,48,29,was,OTHER
2798,2805,1297,754,1397,783,adjusted,100,29,adjusted,OTHER
2807,2808,1403,754,1431,783,as,28,29,as,OTHER
2810,2816,1436,753,1522,783,follows,86,30,follows,OTHER
2818,2819,1527,753,1552,783,to,25,30,to,OTHER
2821,2827,1557,753,1658,783,produce,101,30,produce,OTHER
2829,2832,1663,752,1718,783,your,55,31,your,OTHER
2834,2836,1722,752,1772,783,w-2,50,31,w-2,OTHER
2838,2847,1776,751,1895,783,statement.,119,32,statement.,OTHER
2857,2864,155,783,266,812,jennifer,111,29,jennifer,employeeName
2866,2871,283,784,370,814,garcia,87,30,garcia,employeeName
2881,2885,154,812,227,844,33004,73,32,33004,OTHER
2887,2891,231,812,304,841,terri,73,29,terri,OTHER
2893,2899,309,812,407,842,passage,98,30,passage,OTHER
3021,3026,1333,817,1389,844,"wages,",56,27,"wages,",OTHER
3028,3032,1394,816,1429,844,"tips,",35,28,"tips,",OTHER
3034,3037,1434,813,1464,842,othe,30,29,othe,OTHER
3042,3047,1581,815,1625,845,social,44,30,social,OTHER
3049,3053,1630,813,1674,843,secur,44,30,secur,OTHER
3056,3061,1679,813,1730,841,medica,51,28,medica,OTHER
3076,3082,1842,811,1892,843,1.state,50,32,1.state,OTHER
3084,3088,1897,808,1941,839,wages,44,31,wages,OTHER
3090,3090,1946,807,1956,837,",",10,30,",",OTHER
3092,3097,1992,814,2046,842,brenda,54,28,brenda,OTHER
3099,3102,2051,812,2088,840,spur,37,28,spur,OTHER
3113,3115,160,840,200,872,tew,40,32,tew,OTHER
3117,3122,205,838,292,871,andrew,87,33,andrew,OTHER
3124,3125,332,838,370,868,mn,38,30,mn,OTHER
3127,3136,389,838,518,868,53865-9580,129,30,53865-9580,OTHER
3253,3264,1336,841,1432,869,compensation,96,28,compensation,OTHER
3416,3418,1337,857,1363,888,box,26,31,box,OTHER
3420,3420,1368,860,1376,888,1,8,28,1,OTHER
3422,3423,1381,860,1394,888,of,13,28,of,OTHER
3425,3427,1399,858,1439,888,w-2,40,30,w-2,OTHER
3436,3440,1582,841,1644,871,wages,62,30,wages,OTHER
3441,3445,1679,829,1742,860,wages,63,31,wages,OTHER
3469,3473,1838,841,1873,868,"tips,",35,27,"tips,",OTHER
3474,3475,1869,858,1886,886,16,17,28,16,OTHER
3476,3478,1877,842,1899,868,etc,22,26,etc,OTHER
3479,3480,1625,860,1639,892,of,14,32,of,OTHER
3482,3482,1643,860,1654,892,w,11,32,w,OTHER
3483,3483,1658,860,1660,892,-,2,32,-,OTHER
3687,3689,1578,861,1609,893,box,31,32,box,OTHER
3704,3708,1991,840,2032,869,local,41,29,local,OTHER
3710,3715,2036,838,2090,869,"wages,",54,31,"wages,",OTHER
3885,3887,1679,860,1708,891,box,29,31,box,OTHER
3889,3889,1613,860,1622,892,3,9,32,3,OTHER
3891,3892,1724,860,1740,891,of,16,31,of,OTHER
3894,3894,1744,860,1755,891,w,11,31,w,OTHER
3896,3896,1759,860,1761,891,-,2,31,-,OTHER
3898,3898,1664,860,1675,891,2,11,31,2,OTHER
3900,3902,1836,857,1866,886,box,30,29,box,OTHER
3904,3904,1711,860,1720,891,5,9,31,5,OTHER
3906,3907,1889,859,1904,888,of,15,29,of,OTHER
3913,3913,1765,860,1780,891,2,15,31,2,OTHER
3937,3939,1992,872,2022,904,box,30,32,box,OTHER
3941,3942,2025,876,2042,906,18,17,30,18,OTHER
3944,3945,2046,877,2058,906,of,12,29,of,OTHER
3947,3948,2063,875,2086,905,w2,23,30,w2,OTHER
3954,3963,135,905,217,931,employer's,82,26,employer's,OTHER
3965,3967,220,905,253,931,fed,33,26,fed,OTHER
3969,3970,256,905,272,931,id,16,26,id,OTHER
3972,3977,276,904,336,931,number,60,27,number,OTHER
3991,3991,406,905,425,934,a,19,29,a,OTHER
3993,4002,436,903,522,932,employee's,86,29,employee's,OTHER
4004,4006,526,903,557,931,ssa,31,28,ssa,OTHER
4008,4014,560,905,643,939,number_,83,34,number_,OTHER
4169,4174,1997,912,2050,938,240564,53,26,240564,OTHER
4176,4176,2054,911,2060,937,7,6,26,7,OTHER
4184,4193,151,920,258,953,65-1024007,107,33,65-1024007,einEmployerIdentificationNumber
4239,4249,560,922,667,952,050-11-4268,107,30,050-11-4268,ssnOfEmployee
4294,4294,1071,933,1088,961,t,17,28,t,OTHER
4296,4300,1102,926,1139,954,gross,37,28,gross,OTHER
4302,4304,1144,926,1172,952,pay,28,26,pay,OTHER
4328,4329,1344,927,1369,959,42,25,32,42,OTHER
4331,4339,1372,921,1451,953,240564.67,79,32,240564.67,OTHER
4346,4350,1584,925,1629,950,26+05,45,25,26+05,OTHER
4352,4359,1686,922,1746,952,240564.7,60,30,240564.7,OTHER
4382,4389,1841,924,1901,950,240564.7,60,26,240564.7,OTHER
4397,4402,137,964,187,989,"wages,",50,25,"wages,",OTHER
4404,4408,190,963,224,989,"tips,",34,26,"tips,",OTHER
4410,4414,226,962,267,989,other,41,27,other,OTHER
4416,4420,269,961,319,989,comp.,50,28,comp.,OTHER
4435,4441,435,957,490,990,federal,55,33,federal,OTHER
4443,4448,493,959,549,991,income,56,32,income,OTHER
4450,4452,552,961,575,991,tax,23,30,tax,OTHER
4454,4461,578,962,638,990,withheld,60,28,withheld,OTHER
4540,4543,1335,940,1378,970,1429,43,30,1429,OTHER
4559,4561,1579,960,1620,994,nia,41,34,nia,OTHER
4563,4565,1678,966,1713,992,nia,35,26,nia,OTHER
4594,4597,1836,949,1879,975,2429,43,26,2429,OTHER
4612,4615,1994,949,2033,970,1429,39,21,1429,OTHER
4676,4681,561,977,616,1006,32552.,55,29,32552.,box2FederalIncomeTaxWithheld
4683,4684,617,979,650,1006,07,33,27,07,box2FederalIncomeTaxWithheld
4726,4729,1022,966,1057,993,less,35,27,less,OTHER
4731,4733,1061,965,1082,991,401,21,26,401,OTHER
4735,4737,1087,964,1106,990,(k),19,26,(k),OTHER
4739,4744,1110,962,1160,989,(d-box,50,27,(d-box,OTHER
4746,4747,1164,961,1183,987,2),19,26,2),OTHER
4765,4772,1334,977,1401,1010,32552.07,67,33,32552.07,OTHER
4819,4826,1835,972,1899,1002,32552.07,64,30,32552.07,OTHER
4836,4843,1991,972,2057,1003,32552.07,66,31,32552.07,OTHER
4955,4962,1022,1000,1089,1026,reported,67,26,reported,OTHER
4964,4965,1907,861,1929,891,w-,22,30,w-,OTHER
4966,4966,609,1109,623,1135,2,14,26,2,OTHER
4968,4972,1126,994,1181,1024,wages,55,30,wages,OTHER
5013,5018,1582,994,1625,1024,190097,43,30,190097,OTHER
5020,5022,1631,994,1665,1023,.08,34,29,.08,OTHER
5024,5032,1681,994,1755,1025,190097.08,74,31,190097.08,OTHER
5066,5073,1992,990,2060,1022,190097.0,68,32,190097.0,OTHER
5080,5085,135,1020,179,1048,social,44,28,social,OTHER
5087,5094,182,1019,241,1047,security,59,28,security,OTHER
5096,5100,244,1016,298,1045,wages,54,29,wages,OTHER
5119,5124,434,1018,480,1049,social,46,31,social,OTHER
5126,5133,483,1019,543,1049,security,60,30,security,OTHER
5135,5137,547,1019,571,1048,tax,24,29,tax,OTHER
5139,5146,574,1017,640,1047,withheld,66,30,withheld,OTHER
5155,5162,140,1089,198,1117,medicare,58,28,medicare,OTHER
5164,5168,202,1088,251,1113,wages,49,25,wages,OTHER
5170,5172,256,1087,283,1111,and,27,24,and,OTHER
5174,5177,287,1087,326,1110,tips,39,23,tips,OTHER
5194,5201,433,1089,503,1114,medicare,70,25,medicare,OTHER
5203,5205,505,1089,528,1114,tax,23,25,tax,OTHER
5207,5214,531,1089,602,1115,withheld,71,26,withheld,OTHER
5258,5259,1023,1085,1046,1116,3.,23,31,3.,OTHER
5261,5268,1052,1085,1169,1116,employee,117,31,employee,OTHER
5270,5272,1175,1085,1220,1116,w-4,45,31,w-4,OTHER
5274,5281,1225,1085,1313,1116,profile.,88,31,profile.,OTHER
5283,5284,1318,1085,1349,1116,to,31,31,to,OTHER
5286,5291,1354,1085,1440,1116,change,86,31,change,OTHER
5293,5296,1445,1086,1501,1116,your,56,30,your,OTHER
5298,5305,1505,1086,1624,1116,employee,119,30,employee,OTHER
5307,5309,1628,1086,1677,1116,w-4,49,30,w-4,OTHER
5311,5317,1681,1086,1758,1116,profile,77,30,profile,OTHER
5319,5330,1761,1086,1907,1117,"information,",146,31,"information,",OTHER
5332,5335,1911,1086,1950,1117,file,39,31,file,OTHER
5337,5337,1953,1086,1970,1117,a,17,31,a,OTHER
5339,5341,1973,1086,2025,1117,new,52,31,new,OTHER
5343,5345,2030,1086,2077,1117,w-4,47,31,w-4,OTHER
5347,5350,2080,1086,2134,1117,with,54,31,with,OTHER
5352,5355,2136,1086,2194,1117,your,58,31,your,OTHER
5357,5363,2197,1086,2285,1117,payroll,88,31,payroll,OTHER
5365,5369,2288,1086,2360,1118,dept.,72,32,dept.,OTHER
5377,5382,151,1108,207,1136,185972,56,28,185972,OTHER
5384,5386,210,1107,249,1135,.63,39,28,.63,OTHER
5433,5436,564,1106,598,1133,5422,34,27,5422,OTHER
5438,5438,601,1109,606,1134,.,5,25,.,OTHER
5440,5440,1180,1674,1202,1708,2,22,34,2,OTHER
5484,5484,405,1146,424,1175,8,19,29,8,OTHER
5486,5494,436,1145,504,1176,allocated,68,31,allocated,OTHER
5496,5499,506,1146,548,1182,tips,42,36,tips,OTHER
5644,5649,1838,1151,1877,1181,social,39,30,social,OTHER
5651,5658,1882,1151,1936,1179,security,54,28,security,OTHER
5660,5664,1940,1152,1991,1177,numbe,51,25,numbe,OTHER
5678,5687,2071,1151,2150,1184,350-11-426,79,33,350-11-426,OTHER
5695,5702,151,1161,239,1192,234189.8,88,31,234189.8,OTHER
5747,5755,561,1165,655,1191,186972.63,94,26,186972.63,OTHER
5809,5816,1108,1170,1225,1203,jennifer,117,33,jennifer,OTHER
5818,5823,1248,1170,1336,1199,garcia,88,29,garcia,OTHER
5829,5840,132,1208,218,1236,verification,86,28,verification,OTHER
5842,5845,222,1207,260,1233,code,38,26,code,OTHER
5868,5868,413,1206,432,1233,0,19,27,0,OTHER
5870,5878,439,1206,520,1234,dependent,81,28,dependent,OTHER
5880,5883,523,1207,557,1234,care,34,27,care,OTHER
5885,5892,560,1207,618,1234,benefits,58,27,benefits,OTHER
5944,5948,1103,1208,1182,1239,33004,79,31,33004,OTHER
5950,5954,1191,1208,1270,1238,terri,79,30,terri,OTHER
5956,5962,1277,1209,1385,1239,passage,108,30,passage,OTHER
6026,6032,1835,1201,1905,1229,federal,70,28,federal,OTHER
6034,6034,1907,1199,1926,1228,:,19,29,:,OTHER
6156,6168,1118,1249,1311,1278,lizabethshire,193,29,lizabethshire,OTHER
6170,6171,1366,1252,1393,1276,ia,27,24,ia,OTHER
6173,6173,1424,1255,1434,1277,3,10,22,3,OTHER
6237,6241,1834,1232,1899,1268,local,65,36,local,OTHER
6245,6245,107,1264,124,1288,1,17,24,1,OTHER
6247,6258,137,1265,230,1289,nonqualified,93,24,nonqualified,OTHER
6260,6264,233,1264,274,1288,plans,41,24,plans,OTHER
6286,6287,413,1261,437,1288,2a,24,27,2a,OTHER
6289,6291,440,1262,467,1289,see,27,27,see,OTHER
6293,6304,470,1263,558,1290,instructions,88,27,instructions,OTHER
6306,6308,562,1263,583,1290,for,21,27,for,OTHER
6310,6312,587,1262,616,1289,box,29,27,box,OTHER
6314,6315,620,1261,636,1288,12,16,27,12,OTHER
6319,6319,107,1326,121,1348,4,14,22,4,OTHER
6321,6325,143,1325,188,1348,other,45,23,other,OTHER
6380,6383,564,1312,599,1333,1429,35,21,1429,OTHER
6425,6426,412,1350,440,1378,20,28,28,20,OTHER
6446,6448,563,1345,597,1369,522,34,24,522,OTHER
6490,6493,421,1386,443,1418,stat,22,32,stat,OTHER
6495,6498,447,1386,478,1419,amp.,31,33,amp.,OTHER
6500,6502,482,1386,498,1419,ret,16,33,ret,OTHER
6504,6504,502,1386,504,1419,.,2,33,.,OTHER
6506,6509,508,1386,550,1419,plan,42,33,plan,OTHER
6511,6513,559,1385,579,1418,ard,20,33,ard,OTHER
6515,6519,581,1384,610,1417,party,29,33,party,OTHER
6521,6524,612,1384,634,1415,sick,22,31,sick,OTHER
6526,6528,636,1383,663,1413,pay,27,30,pay,OTHER
6533,6537,138,1431,182,1454,state,44,23,state,OTHER
6547,6548,230,1434,246,1465,51,16,31,51,OTHER
6550,6557,251,1428,305,1463,plovers',54,35,plovers',OTHER
6559,6563,309,1425,340,1458,state,31,33,state,OTHER
6565,6566,344,1424,359,1456,id,15,32,id,OTHER
6568,6570,363,1422,400,1455,no.,37,33,no.,OTHER
6572,6573,406,1421,434,1453,16,28,32,16,OTHER
6575,6579,446,1421,481,1452,state,35,31,state,OTHER
6581,6585,485,1421,538,1453,wades,53,32,wades,OTHER
6587,6591,541,1422,575,1455,"tips,",34,33,"tips,",OTHER
6593,6596,579,1424,622,1458,etc.,43,34,etc.,OTHER
6599,6600,100,1484,123,1508,17,23,24,17,OTHER
6602,6606,142,1484,178,1510,state,36,26,state,OTHER
6608,6613,182,1484,238,1510,income,56,26,income,OTHER
6615,6617,241,1483,272,1510,tax,31,27,tax,OTHER
6641,6641,412,1481,435,1512,8,23,31,8,OTHER
6643,6647,442,1482,483,1514,local,41,32,local,OTHER
6649,6653,488,1484,529,1515,wanes,41,31,wanes,OTHER
6655,6655,534,1485,539,1515,",",5,30,",",OTHER
6657,6660,544,1486,566,1515,tips,22,29,tips,OTHER
6662,6662,570,1487,576,1515,",",6,28,",",OTHER
6664,6666,580,1487,598,1515,etc,18,28,etc,OTHER
6668,6668,603,1488,624,1515,.,21,27,.,OTHER
6675,6679,138,1540,180,1573,local,42,33,local,OTHER
6681,6686,184,1540,240,1573,income,56,33,income,OTHER
6688,6689,243,1539,260,1570,ta,17,31,ta,OTHER
6714,6721,444,1541,501,1573,locality,57,32,locality,OTHER
6723,6726,505,1544,557,1577,name,52,33,name,OTHER
6728,6733,561,1548,625,1584,brenda,64,36,brenda,OTHER
6735,6738,629,1555,663,1588,spur,34,33,spur,OTHER
6849,6852,1039,1557,1072,1588,2018,33,31,2018,OTHER
6854,6857,1077,1556,1112,1586,"adp,",35,30,"adp,",OTHER
6859,6861,1117,1556,1155,1586,llc,38,30,llc,OTHER
6869,6873,131,1678,179,1706,wades,48,28,wades,OTHER
6875,6875,182,1680,187,1706,.,5,26,.,OTHER
6877,6881,191,1680,224,1706,"tips,",33,26,"tips,",OTHER
6883,6887,227,1677,267,1706,other,40,29,other,OTHER
6889,6892,271,1673,308,1704,comp,37,31,comp,OTHER
6894,6894,313,1672,322,1701,.,9,29,.,OTHER
6905,6911,433,1673,488,1706,federal,55,33,federal,OTHER
6913,6918,493,1675,548,1706,income,55,31,income,OTHER
6920,6922,552,1675,575,1706,tax,23,31,tax,OTHER
6924,6931,579,1675,637,1706,withheld,58,31,withheld,OTHER
6951,6951,867,1676,890,1708,1,23,32,1,OTHER
6953,6957,901,1676,945,1706,wages,44,30,wages,OTHER
6959,6959,950,1676,953,1705,",",3,29,",",OTHER
6961,6964,959,1676,980,1704,tips,21,28,tips,OTHER
6966,6966,987,1676,991,1704,.,4,28,.,OTHER
6968,6972,997,1676,1034,1704,other,37,28,other,OTHER
6974,6977,1040,1676,1074,1704,comp,34,28,comp,OTHER
6979,6979,1080,1676,1087,1704,.,7,28,.,OTHER
6995,6995,2164,2223,2190,2262,2,26,39,2,OTHER
6997,7003,1207,1674,1261,1708,federal,54,34,federal,OTHER
7005,7010,1267,1676,1320,1708,income,53,32,income,OTHER
7012,7014,1326,1676,1347,1707,tax,21,31,tax,OTHER
7016,7023,1353,1677,1411,1707,withheld,58,30,withheld,OTHER
7049,7053,1714,1677,1759,1706,wages,45,29,wages,OTHER
7055,7055,1764,1678,1768,1706,.,4,28,.,OTHER
7057,7060,1773,1678,1796,1706,tips,23,28,tips,OTHER
7062,7062,1801,1677,1805,1706,.,4,29,.,OTHER
7064,7068,1810,1676,1847,1706,other,37,30,other,OTHER
7070,7073,1852,1673,1888,1705,comp,36,32,comp,OTHER
7075,7075,1893,1672,1898,1702,.,5,30,.,OTHER
7082,7088,2022,1675,2076,1706,federal,54,31,federal,OTHER
7090,7095,2081,1675,2135,1706,income,54,31,income,OTHER
7097,7099,2140,1675,2160,1707,tax,20,32,tax,OTHER
7101,7108,2166,1675,2226,1707,withheld,60,32,withheld,OTHER
7115,7120,134,1722,179,1747,social,45,25,social,OTHER
7122,7129,182,1721,241,1746,security,59,25,security,OTHER
7131,7135,244,1720,293,1746,wages,49,26,wages,OTHER
7148,7148,404,1715,428,1755,4,24,40,4,OTHER
7150,7155,436,1715,478,1754,social,42,39,social,OTHER
7157,7164,485,1715,541,1752,security,56,37,security,OTHER
7166,7168,548,1715,568,1748,tax,20,33,tax,OTHER
7170,7177,574,1713,641,1746,withheld,67,33,withheld,OTHER
7203,7206,920,1720,946,1749,cial,26,29,cial,OTHER
7208,7215,950,1718,1009,1746,security,59,28,security,OTHER
7217,7220,1013,1718,1049,1743,wage,36,25,wage,OTHER
7242,7247,1209,1715,1251,1756,social,42,41,social,OTHER
7249,7256,1256,1715,1315,1754,security,59,39,security,OTHER
7258,7260,1320,1714,1342,1750,tax,22,36,tax,OTHER
7262,7269,1348,1710,1411,1747,withheld,63,37,withheld,OTHER
7297,7302,1716,1720,1760,1749,social,44,29,social,OTHER
7304,7311,1765,1720,1822,1746,security,57,26,security,OTHER
7313,7315,1826,1721,1857,1744,wag,31,23,wag,OTHER
7327,7332,2022,1716,2067,1751,social,45,35,social,OTHER
7334,7341,2072,1717,2130,1751,security,58,34,security,OTHER
7343,7345,2135,1717,2156,1749,tax,21,32,tax,OTHER
7347,7354,2161,1714,2227,1747,withheld,66,33,withheld,OTHER
7362,7369,152,1737,237,1766,234189.8,85,29,234189.8,OTHER
7545,7552,1757,1736,1844,1765,234189.8,87,29,234189.8,OTHER
7594,7601,434,1758,499,1797,medicare,65,39,medicare,OTHER
7603,7605,506,1760,525,1796,tax,19,36,tax,OTHER
7607,7612,562,1737,618,1770,17915.,56,33,17915.,OTHER
7670,7670,989,2780,997,2808,w,8,28,w,OTHER
7672,7672,1868,1768,1877,1797,t,9,29,t,OTHER
7674,7675,139,1774,150,1802,he,11,28,he,OTHER
7679,7680,1392,1733,1412,1768,52,20,35,52,OTHER
7708,7715,945,1747,1026,1772,234189-8,81,25,234189-8,OTHER
7815,7816,951,1762,968,1788,re,17,26,re,OTHER
7818,7822,202,1766,253,1799,wages,51,33,wages,OTHER
7824,7826,256,1763,283,1796,and,27,33,and,OTHER
7828,7831,287,1759,328,1794,tips,41,35,tips,OTHER
7847,7847,1179,1757,1199,1799,6,20,42,6,OTHER
7849,7856,1206,1757,1270,1798,medicare,64,41,medicare,OTHER
7858,7863,1334,1736,1388,1774,17915.,54,38,17915.,OTHER
8010,8012,1277,1759,1300,1796,tax,23,37,tax,OTHER
8014,8021,532,1762,613,1798,withheld,81,36,withheld,OTHER
8022,8023,619,1737,635,1767,52,16,30,52,OTHER
8212,8212,1316,2226,1331,2256,1,15,30,1,OTHER
8213,8213,407,2057,428,2089,8,21,32,8,OTHER
8214,8214,105,2501,122,2524,5,17,23,5,OTHER
8216,8217,620,2510,644,2542,72,24,32,72,OTHER
8220,8222,1024,1763,1052,1791,and,28,28,and,OTHER
8459,8463,2148,1736,2192,1771,17915,44,35,17915,OTHER
8465,8465,2195,1736,2202,1768,.,7,32,.,OTHER
8467,8468,2205,1736,2218,1766,52,13,30,52,OTHER
8689,8696,2020,1762,2085,1798,medicare,65,36,medicare,OTHER
8698,8700,2092,1762,2113,1795,tax,21,33,tax,OTHER
8702,8709,1307,1760,1387,1799,withheld,80,39,withheld,OTHER
8720,8724,153,1771,199,1802,faces,46,31,faces,OTHER
8726,8730,971,1763,1022,1790,wages,51,27,wages,OTHER
8732,8732,758,1814,773,1845,a,15,31,a,OTHER
8736,8739,1055,1763,1088,1792,tips,33,29,tips,OTHER
8744,8750,130,1813,184,1844,control,54,31,control,OTHER
8752,8757,187,1811,245,1838,number,58,27,number,OTHER
8759,8763,307,1811,359,1845,dept.,52,34,dept.,OTHER
8765,8769,406,1807,446,1839,corp.,40,32,corp.,OTHER
8805,8812,614,1809,678,1839,employer,64,30,employer,OTHER
8814,8816,684,1809,707,1840,use,23,31,use,OTHER
8818,8821,712,1810,753,1843,only,41,33,only,OTHER
8823,8823,1990,1997,2016,2031,a,26,34,a,OTHER
8853,8857,1100,1813,1152,1846,dept.,52,33,dept.,OTHER
8858,8861,1180,1811,1206,1841,corp,26,30,corp,OTHER
8863,8863,1212,1810,1226,1841,.,14,31,.,OTHER
8868,8875,1388,1807,1451,1838,employer,63,31,employer,OTHER
8877,8879,1456,1808,1481,1838,use,25,30,use,OTHER
8881,8884,1485,1807,1528,1837,only,43,30,only,OTHER
8926,8932,897,1812,952,1843,control,55,31,control,OTHER
8934,8939,955,1807,1026,1836,number,71,29,number,OTHER
8948,8952,1913,1812,1965,1842,dept.,52,30,dept.,OTHER
8982,8989,2201,1809,2266,1839,employer,65,30,employer,OTHER
8991,8993,2270,1811,2295,1841,use,25,30,use,OTHER
8995,8998,2299,1813,2337,1846,only,38,33,only,OTHER
9000,9001,2344,1818,2369,1850,36,25,32,36,OTHER
9004,9005,106,1835,123,1866,41,17,31,41,OTHER
9007,9017,127,1837,215,1874,1employer's,88,37,1employer's,OTHER
9019,9023,218,1845,266,1876,"name,",48,31,"name,",OTHER
9025,9032,269,1847,334,1878,"address,",65,31,"address,",OTHER
9034,9036,336,1849,366,1878,and,30,29,and,OTHER
9038,9040,368,1849,396,1878,zip,28,29,zip,OTHER
9042,9045,398,1848,439,1877,code,41,29,code,OTHER
9090,9090,212,2456,232,2485,o,20,29,o,OTHER
9094,9094,1005,2456,1024,2484,o,19,28,o,OTHER
9097,9102,1770,1806,1835,1837,number,65,31,number,OTHER
9190,9199,902,1842,983,1877,employer's,81,35,employer's,OTHER
9201,9204,987,1847,1025,1878,name,38,31,name,OTHER
9206,9206,1028,1848,1034,1878,",",6,30,",",OTHER
9208,9214,1038,1848,1094,1879,address,56,31,address,OTHER
9216,9216,1097,1848,1103,1878,",",6,30,",",OTHER
9218,9220,1106,1847,1134,1878,and,28,31,and,OTHER
9222,9224,1137,1846,1164,1877,zip,27,31,zip,OTHER
9226,9229,1166,1844,1211,1876,code,45,32,code,OTHER
9286,9296,1680,1840,1797,1875,"""employer's",117,35,"""employer's",OTHER
9298,9302,1800,1847,1847,1877,"name,",47,30,"name,",OTHER
9304,9311,1849,1848,1915,1878,"address,",66,30,"address,",OTHER
9313,9315,1917,1848,1948,1878,and,31,30,and,OTHER
9317,9319,1950,1847,1977,1877,zip,27,30,zip,OTHER
9321,9324,1979,1845,2026,1876,code,47,31,code,OTHER
9334,9341,153,1871,263,1904,robinson,110,33,robinson,OTHER
9343,9345,271,1877,318,1904,plc,47,27,plc,OTHER
9347,9349,324,1875,365,1902,inc,41,27,inc,OTHER
9421,9428,944,1873,1056,1905,robinson,112,32,robinson,OTHER
9430,9432,1062,1875,1109,1905,plc,47,30,plc,OTHER
9434,9436,1115,1874,1149,1904,inc,34,30,inc,OTHER
9515,9522,1757,1873,1869,1905,robinson,112,32,robinson,OTHER
9524,9526,1875,1876,1923,1905,plc,48,29,plc,OTHER
9528,9530,1929,1875,1975,1903,inc,46,28,inc,OTHER
9541,9543,160,1903,198,1938,163,38,35,163,OTHER
9545,9548,204,1901,262,1936,glen,58,35,glen,OTHER
9550,9556,267,1901,359,1934,meadows,92,33,meadows,OTHER
9628,9630,948,1901,991,1932,463,43,31,463,OTHER
9632,9635,998,1901,1056,1933,glen,58,32,glen,OTHER
9637,9643,1060,1901,1148,1938,meadows,88,37,meadows,OTHER
9722,9724,1761,1906,1804,1936,463,43,30,463,OTHER
9726,9729,1812,1904,1868,1935,glen,56,31,glen,OTHER
9731,9737,1874,1904,1968,1937,meadows,94,33,meadows,OTHER
9748,9760,166,1933,336,1967,lizabethshire,170,34,lizabethshire,OTHER
9762,9763,389,1936,418,1964,ia,29,28,ia,OTHER
9765,9774,441,1932,575,1962,34068-9928,134,30,34068-9928,OTHER
9835,9848,950,1935,1137,1966,elizabethshire,187,31,elizabethshire,OTHER
9850,9851,1182,1935,1212,1964,ia,30,29,ia,OTHER
9853,9862,1234,1930,1370,1962,34068-9928,136,32,34068-9928,OTHER
9930,9943,1760,1932,1952,1964,elizabethshire,192,32,elizabethshire,OTHER
9945,9946,1997,1937,2024,1964,la,27,27,la,OTHER
9948,9957,2047,1930,2181,1963,34068-9928,134,33,34068-9928,OTHER
9965,9974,137,1997,215,2027,employer's,78,30,employer's,OTHER
9976,9978,220,1999,251,2028,fed,31,29,fed,OTHER
9980,9981,255,2000,270,2028,id,15,28,id,OTHER
9983,9988,275,2000,331,2029,number,56,29,number,OTHER
10002,10011,435,1998,521,2031,employee's,86,33,employee's,OTHER
10013,10015,526,1998,555,2031,ssa,29,33,ssa,OTHER
10017,10022,560,1998,614,2031,number,54,33,number,OTHER
10093,10102,1208,1997,1293,2031,employee's,85,34,employee's,OTHER
10104,10106,1299,1998,1329,2031,ssa,30,33,ssa,OTHER
10108,10113,1334,1998,1391,2031,number,57,33,number,OTHER
10146,10155,1715,1997,1797,2027,employer's,82,30,employer's,OTHER
10157,10159,1801,1999,1833,2028,fed,32,29,fed,OTHER
10161,10162,1837,2000,1854,2029,id,17,29,id,OTHER
10164,10169,1857,2000,1918,2030,number,61,30,number,OTHER
10182,10191,2020,1998,2106,2031,employee's,86,33,employee's,OTHER
10193,10195,2111,1997,2141,2031,ssa,30,34,ssa,OTHER
10197,10202,2145,1996,2210,2030,number,65,34,number,OTHER
10210,10219,945,2012,1052,2044,65-1024007,107,32,65-1024007,OTHER
10297,10306,151,2017,257,2049,65-1024007,106,32,65-1024007,OTHER
10392,10401,1757,2016,1864,2044,65-1024007,107,28,65-1024007,OTHER
10408,10413,133,2065,179,2095,social,46,30,social,OTHER
10415,10422,182,2064,240,2094,security,58,30,security,OTHER
10424,10427,242,2061,272,2091,tips,30,30,tips,OTHER
10445,10445,1179,2053,1203,2088,8,24,35,8,OTHER
10447,10455,436,2057,502,2088,allocated,66,31,allocated,OTHER
10457,10460,508,2058,548,2088,tips,40,30,tips,OTHER
10493,10498,902,2061,946,2092,social,44,31,social,OTHER
10500,10507,950,2063,1011,2094,security,61,31,security,OTHER
10509,10512,1013,2065,1037,2094,tips,24,29,tips,OTHER
10533,10533,411,2554,434,2584,8,23,30,8,OTHER
10535,10543,1209,2054,1276,2088,allocated,67,34,allocated,OTHER
10545,10548,1282,2057,1324,2088,tips,42,31,tips,OTHER
10589,10594,1716,2060,1760,2092,social,44,32,social,OTHER
10596,10603,1765,2065,1823,2092,security,58,27,security,OTHER
10605,10607,1826,2065,1847,2092,tip,21,27,tip,OTHER
10629,10637,2023,2057,2090,2089,allocated,67,32,allocated,OTHER
10639,10642,2095,2057,2135,2087,tips,40,30,tips,OTHER
10701,10709,562,2075,652,2102,186972.63,90,27,186972.63,OTHER
10791,10799,1334,2075,1423,2105,186972.63,89,30,186972.63,OTHER
10885,10893,2148,2073,2237,2103,186972.63,89,30,186972.63,OTHER
10898,10909,132,2116,218,2146,verification,86,30,verification,OTHER
10911,10914,222,2117,263,2144,code,41,27,code,OTHER
10937,10938,408,2117,434,2149,10,26,32,10,OTHER
10940,10948,440,2118,518,2149,dependent,78,31,dependent,OTHER
10950,10953,523,2118,554,2147,care,31,29,care,OTHER
10955,10961,558,2117,612,2146,benefit,54,29,benefit,OTHER
10985,10996,900,2117,985,2148,verification,85,31,verification,OTHER
10998,11001,989,2116,1026,2147,code,37,31,code,OTHER
11024,11025,1179,2114,1208,2147,10,29,33,10,OTHER
11027,11035,1213,2116,1294,2148,dependent,81,32,dependent,OTHER
11037,11040,1298,2118,1330,2148,care,32,30,care,OTHER
11042,11049,1334,2119,1388,2147,benefits,54,28,benefits,OTHER
11081,11092,1715,2118,1799,2149,verification,84,31,verification,OTHER
11094,11097,1803,2118,1846,2146,code,43,28,code,OTHER
11118,11119,1992,2115,2021,2146,10,29,31,10,OTHER
11121,11129,2026,2116,2106,2147,dependent,80,31,dependent,OTHER
11131,11134,2110,2118,2141,2147,care,31,29,care,OTHER
11136,11142,2145,2118,2196,2146,benefit,51,28,benefit,OTHER
11290,11292,1336,2132,1375,2164,289,39,32,289,OTHER
11384,11386,2150,2132,2190,2163,289,40,31,289,OTHER
11389,11390,100,2177,124,2202,11,24,25,11,OTHER
11392,11403,136,2178,230,2204,nonqualified,94,26,nonqualified,OTHER
11405,11409,234,2178,273,2204,plans,39,26,plans,OTHER
11431,11432,413,2176,436,2207,za,23,31,za,OTHER
11434,11436,441,2176,466,2206,see,25,30,see,OTHER
11438,11449,471,2176,557,2206,instructions,86,30,instructions,OTHER
11451,11453,563,2176,583,2205,for,20,29,for,OTHER
11455,11457,588,2176,615,2204,box,27,28,box,OTHER
11459,11460,620,2176,639,2204,12,19,28,12,OTHER
11479,11490,905,2175,996,2206,nonqualified,91,31,nonqualified,OTHER
11492,11496,1001,2175,1049,2206,plans,48,31,plans,OTHER
11518,11520,1178,2176,1209,2207,12a,31,31,12a,OTHER
11522,11524,1213,2176,1238,2207,see,25,31,see,OTHER
11526,11537,1243,2176,1332,2207,instructions,89,31,instructions,OTHER
11539,11541,1336,2176,1355,2206,for,19,30,for,OTHER
11543,11545,1359,2175,1389,2205,box,30,30,box,OTHER
11547,11548,1393,2175,1413,2204,12,20,29,12,OTHER
11573,11584,1718,2178,1810,2208,nonqualified,92,30,nonqualified,OTHER
11586,11590,1815,2176,1869,2208,plans,54,32,plans,OTHER
11612,11613,2002,2178,2022,2207,2a,20,29,2a,OTHER
11615,11617,2026,2177,2051,2207,see,25,30,see,OTHER
11619,11630,2055,2175,2145,2207,instructions,90,32,instructions,OTHER
11632,11634,2149,2175,2169,2206,for,20,31,for,OTHER
11636,11638,2173,2175,2203,2206,box,30,31,box,OTHER
11640,11641,2206,2175,2227,2206,12,21,31,12,OTHER
11647,11649,142,2230,168,2250,oth,26,20,oth,OTHER
11729,11730,868,2233,891,2259,14,23,26,14,OTHER
11732,11735,911,2233,943,2256,othe,32,23,othe,OTHER
11790,11790,2127,2228,2144,2267,1,17,39,1,OTHER
11792,11794,1335,2223,1378,2255,822,43,32,822,OTHER
11828,11830,1724,2233,1754,2252,oth,30,19,oth,OTHER
11887,11887,2129,2256,2143,2289,1,14,33,1,OTHER
11889,11890,2147,2226,2161,2264,82,14,38,82,OTHER
11892,11892,1403,2573,1410,2601,2,7,28,2,OTHER
12138,12138,1373,2509,1387,2538,1,14,29,1,OTHER
12140,12142,2148,2257,2190,2291,522,42,34,522,OTHER
12180,12181,405,2284,418,2315,13,13,31,13,OTHER
12183,12187,421,2285,458,2318,state,37,33,state,OTHER
12388,12390,560,2294,578,2330,ard,18,36,ard,OTHER
12392,12396,584,2292,611,2329,party,27,37,party,OTHER
12398,12401,617,2290,639,2327,sick,22,37,sick,OTHER
12403,12405,645,2289,672,2325,pay,27,36,pay,OTHER
12448,12452,439,2301,475,2337,*emp.,36,36,*emp.,OTHER
12454,12457,481,2299,503,2334,ret.,22,35,ret.,OTHER
12459,12462,509,2296,551,2333,plan,42,37,plan,OTHER
12464,12466,1333,2295,1348,2334,ard,15,39,ard,OTHER
12468,12472,1356,2294,1383,2333,party,27,39,party,OTHER
12474,12477,1390,2293,1413,2331,sick,23,38,sick,OTHER
12479,12481,1420,2291,1448,2330,pay,28,39,pay,OTHER
12532,12534,1221,2299,1247,2338,emp,26,39,emp,OTHER
12536,12539,1253,2298,1274,2337,ret.,21,39,ret.,OTHER
12541,12544,1281,2296,1326,2336,plan,45,40,plan,OTHER
12550,12554,2169,2293,2199,2328,party,30,35,party,OTHER
12556,12559,2205,2293,2226,2328,sick,21,35,sick,OTHER
12561,12563,2233,2290,2259,2325,pay,26,35,pay,OTHER
12566,12568,98,2335,127,2362,eff,29,27,eff,OTHER
12570,12578,132,2337,216,2366,employees,84,29,employees,OTHER
12580,12584,219,2338,266,2367,name.,47,29,name.,OTHER
12586,12592,269,2335,330,2367,address,61,32,address,OTHER
12594,12596,333,2333,362,2365,and,29,32,and,OTHER
12598,12600,366,2331,390,2364,zip,24,33,zip,OTHER
12602,12605,393,2326,439,2362,code,46,36,code,OTHER
12651,12653,866,2336,896,2364,elf,30,28,elf,OTHER
12655,12663,901,2337,982,2366,employees,81,29,employees,OTHER
12665,12669,986,2337,1033,2366,name.,47,29,name.,OTHER
12671,12677,1037,2335,1096,2366,address,59,31,address,OTHER
12679,12681,1099,2334,1130,2365,and,31,31,and,OTHER
12683,12685,1132,2332,1158,2363,zip,26,31,zip,OTHER
12687,12690,1160,2328,1208,2362,code,48,34,code,OTHER
12746,12748,1679,2336,1712,2365,elf,33,29,elf,OTHER
12750,12758,1715,2337,1796,2367,employees,81,30,employees,OTHER
12760,12764,1799,2337,1847,2367,name.,48,30,name.,OTHER
12766,12772,1851,2335,1911,2366,address,60,31,address,OTHER
12774,12776,1915,2334,1942,2365,and,27,31,and,OTHER
12778,12780,1946,2332,1971,2364,zip,25,32,zip,OTHER
12782,12785,1975,2329,2019,2363,code,44,34,code,OTHER
12795,12802,157,2380,262,2409,jennifer,105,29,jennifer,OTHER
12804,12809,283,2381,367,2409,garcia,84,28,garcia,OTHER
12882,12889,949,2381,1056,2409,jennifer,107,28,jennifer,OTHER
12891,12896,1077,2380,1159,2408,garcia,82,28,garcia,OTHER
12978,12985,1762,2382,1869,2409,jennifer,107,27,jennifer,OTHER
12987,12992,1889,2380,1973,2409,garcia,84,29,garcia,OTHER
13002,13006,154,2406,226,2439,33004,72,33,33004,OTHER
13008,13012,231,2406,304,2434,terri,73,28,terri,OTHER
13014,13020,309,2406,408,2437,passage,99,31,passage,OTHER
13090,13094,949,2406,1020,2440,33004,71,34,33004,OTHER
13096,13100,1024,2406,1097,2433,terri,73,27,terri,OTHER
13102,13108,1102,2406,1201,2438,passage,99,32,passage,OTHER
13185,13189,1761,2407,1834,2439,33004,73,32,33004,OTHER
13191,13195,1839,2406,1912,2435,terri,73,29,terri,OTHER
13197,13203,1917,2406,2011,2435,passage,94,29,passage,OTHER
13212,13214,152,2434,197,2464,new,45,30,new,OTHER
13216,13221,204,2430,289,2464,andrew,85,34,andrew,OTHER
13223,13224,334,2428,367,2460,mn,33,32,mn,OTHER
13226,13235,387,2432,525,2461,53865-9580,138,29,53865-9580,OTHER
13300,13302,945,2435,989,2462,new,44,27,new,OTHER
13304,13309,999,2433,1081,2462,andrew,82,29,andrew,OTHER
13311,13312,1126,2429,1161,2461,mn,35,32,mn,OTHER
13314,13323,1181,2432,1319,2462,53865-9580,138,30,53865-9580,OTHER
13395,13397,1757,2433,1804,2462,new,47,29,new,OTHER
13399,13404,1811,2432,1895,2463,andrew,84,31,andrew,OTHER
13406,13407,1938,2429,1975,2463,mn,37,34,mn,OTHER
13409,13418,1994,2431,2132,2464,53865-9580,138,33,53865-9580,OTHER
13524,13524,2178,2506,2182,2536,5,4,30,5,OTHER
13526,13530,137,2501,183,2530,state,46,29,state,OTHER
13532,13534,228,2507,255,2537,i'm,27,30,i'm,OTHER
13536,13542,259,2502,305,2534,lovers',46,32,lovers',OTHER
13544,13548,308,2500,340,2530,state,32,30,state,OTHER
13550,13551,344,2499,359,2528,id,15,29,id,OTHER
13553,13555,363,2497,398,2528,no.,35,31,no.,OTHER
13557,13558,405,2497,433,2527,16,28,30,16,OTHER
13560,13564,445,2497,482,2529,state,37,32,state,OTHER
13566,13571,485,2498,538,2532,wanes.,53,34,wanes.,OTHER
13573,13576,542,2502,578,2535,tips,36,33,tips,OTHER
13578,13579,581,2505,610,2538,89,29,33,89,OTHER
13581,13582,1392,2511,1406,2540,72,14,29,72,OTHER
13608,13609,867,2500,891,2527,15,24,27,15,OTHER
13611,13615,905,2502,952,2535,state,47,33,state,OTHER
13617,13626,1020,2498,1098,2532,emplovers',78,34,emplovers',OTHER
13628,13632,1102,2496,1134,2528,state,32,32,state,OTHER
13634,13635,1138,2496,1151,2528,id,13,32,id,OTHER
13637,13638,1155,2496,1175,2528,no,20,32,no,OTHER
13640,13641,1180,2496,1206,2528,16,26,32,16,OTHER
13643,13647,1218,2497,1255,2529,state,37,32,state,OTHER
13649,13653,1260,2498,1302,2531,wades,42,33,wades,OTHER
13655,13655,1307,2502,1310,2532,.,3,30,.,OTHER
13657,13660,1315,2502,1349,2535,tips,34,33,tips,OTHER
13662,13663,1355,2506,1368,2536,89,13,30,89,OTHER
13665,13665,2186,2507,2200,2538,1,14,31,1,OTHER
13667,13668,2205,2509,2219,2540,72,14,31,72,OTHER
13704,13705,1679,2501,1707,2528,15,28,27,15,OTHER
13707,13711,1718,2502,1767,2534,state,49,32,state,OTHER
13723,13732,1834,2498,1910,2534,emplovers',76,36,emplovers',OTHER
13734,13738,1915,2496,1945,2530,state,30,34,state,OTHER
13740,13741,1950,2496,1964,2529,10,14,33,10,OTHER
13743,13744,1969,2496,1987,2529,no,18,33,no,OTHER
13746,13747,1992,2496,2022,2529,16,30,33,16,OTHER
13749,13753,2031,2496,2066,2530,state,35,34,state,OTHER
13755,13759,2071,2498,2116,2532,wades,45,34,wades,OTHER
13761,13761,2120,2501,2124,2533,.,4,32,.,OTHER
13763,13766,2129,2501,2155,2534,tips,26,33,tips,OTHER
13768,13768,2160,2504,2174,2536,",",14,32,",",OTHER
13775,13775,906,2779,913,2806,2,7,27,2,OTHER
13779,13780,103,2557,122,2580,17,19,23,17,OTHER
13782,13786,142,2558,181,2584,state,39,26,state,OTHER
13788,13793,183,2557,240,2584,income,57,27,income,OTHER
13795,13797,241,2555,270,2583,tax,29,28,tax,OTHER
13822,13826,443,2555,483,2586,local,40,31,local,OTHER
13828,13832,486,2556,540,2587,wanes,54,31,wanes,OTHER
13834,13837,543,2558,567,2588,tips,24,30,tips,OTHER
13839,13839,571,2560,577,2588,",",6,28,",",OTHER
13841,13844,581,2560,624,2590,etc.,43,30,etc.,OTHER
13864,13865,868,2555,890,2578,17,22,23,17,OTHER
13867,13871,910,2558,948,2583,state,38,25,state,OTHER
13873,13878,950,2560,1006,2586,income,56,26,income,OTHER
13880,13881,1007,2562,1025,2587,ta,18,25,ta,OTHER
13907,13908,1178,2554,1209,2585,18,31,31,18,OTHER
13910,13914,1215,2554,1256,2585,local,41,31,local,OTHER
13916,13920,1261,2556,1306,2588,wanes,45,32,wanes,OTHER
13922,13922,1311,2560,1312,2589,.,1,29,.,OTHER
13924,13927,1317,2560,1351,2593,tips,34,33,tips,OTHER
13929,13932,1356,2565,1390,2598,5399,34,33,5399,OTHER
13934,13934,2122,2559,2127,2590,.,5,31,.,OTHER
13936,13936,1719,2778,1726,2805,2,7,27,2,OTHER
13959,13960,1681,2554,1706,2581,17,25,27,17,OTHER
13962,13966,1723,2557,1762,2583,state,39,26,state,OTHER
13968,13973,1764,2559,1821,2585,income,57,26,income,OTHER
13975,13976,1822,2561,1839,2586,ta,17,25,ta,OTHER
14003,14004,1993,2555,2020,2585,18,27,30,18,OTHER
14006,14010,2030,2554,2070,2586,local,40,32,local,OTHER
14012,14016,2074,2555,2118,2589,wanes,44,34,wanes,OTHER
14018,14018,1395,2572,1398,2599,.,3,27,.,OTHER
14020,14023,2131,2560,2154,2592,tips,23,32,tips,OTHER
14025,14025,2158,2563,2166,2593,:,8,30,:,OTHER
14027,14030,2169,2564,2204,2598,5979,35,34,5979,OTHER
14032,14032,2207,2571,2217,2599,.,10,28,.,OTHER
14037,14038,100,2615,127,2644,19,27,29,19,OTHER
14040,14045,151,2629,207,2658,32484.,56,29,32484.,OTHER
14055,14055,141,2614,156,2641,l,15,27,l,OTHER
14092,14093,409,2616,431,2642,20,22,26,20,OTHER
14095,14102,443,2615,502,2643,locality,59,28,locality,OTHER
14104,14107,505,2616,557,2646,name,52,30,name,OTHER
14109,14114,2146,2624,2211,2658,brenda,65,34,brenda,OTHER
14116,14119,628,2635,662,2661,spur,34,26,spur,OTHER
14177,14178,1179,2613,1205,2641,20,26,28,20,OTHER
14180,14187,1217,2614,1276,2644,locality,59,30,locality,OTHER
14189,14195,1303,2626,1397,2660,"""brenda",94,34,"""brenda",OTHER
14341,14344,1279,2616,1332,2646,name,53,30,name,OTHER
14346,14349,1401,2635,1433,2660,spur,32,25,spur,OTHER
14380,14381,210,2625,239,2658,19,29,33,19,OTHER
14383,14387,1723,2618,1763,2647,local,40,29,local,OTHER
14389,14394,1766,2621,1823,2649,income,57,28,income,OTHER
14396,14398,1825,2625,1844,2650,was,19,25,was,OTHER
14424,14431,2028,2614,2089,2646,locality,61,32,locality,OTHER
14433,14436,2091,2619,2144,2651,name,53,32,name,OTHER
14438,14443,560,2630,625,2660,brenda,65,30,brenda,OTHER
14445,14447,2212,2632,2246,2661,spu,34,29,spu,OTHER
14468,14469,1004,2627,1026,2652,19,22,25,19,OTHER
14544,14548,946,2627,991,2652,32484,45,25,32484,OTHER
14550,14550,994,2627,1001,2651,.,7,24,.,OTHER
14552,14553,1681,2615,1707,2644,19,26,29,19,OTHER
14574,14580,229,2677,316,2706,federal,87,29,federal,OTHER
14600,14605,417,2681,468,2705,filing,51,24,filing,OTHER
14622,14625,592,2678,644,2702,copy,52,24,copy,OTHER
14660,14662,1021,2674,1046,2704,hi.,25,30,hi.,OTHER
14664,14668,1048,2673,1105,2706,state,57,33,state,OTHER
14687,14692,1189,2683,1238,2705,filing,49,22,filing,OTHER
14705,14708,1367,2676,1413,2701,copy,46,25,copy,OTHER
14757,14760,1811,2674,1851,2705,city,40,31,city,OTHER
14762,14763,1855,2674,1875,2705,or,20,31,or,OTHER
14765,14769,1879,2675,1945,2713,local,66,38,local,OTHER
14771,14776,2002,2679,2055,2708,filing,53,29,filing,OTHER
14795,14798,2180,2677,2229,2700,copy,49,23,copy,OTHER
14832,14835,325,2706,388,2734,wage,63,28,wage,OTHER
14837,14839,426,2702,468,2725,and,42,23,and,OTHER
14841,14843,505,2706,539,2728,tax,34,22,tax,OTHER
14929,14931,1197,2700,1239,2729,and,42,29,and,OTHER
14933,14935,1277,2702,1310,2727,tax,33,25,tax,OTHER
15011,15014,1921,2704,1984,2734,wage,63,30,wage,OTHER
15016,15018,2010,2702,2052,2732,and,42,30,and,OTHER
15020,15022,2090,2702,2127,2726,tax,37,24,tax,OTHER
15056,15064,319,2731,417,2756,statement,98,25,statement,OTHER
15088,15091,581,2741,667,2774,2018,86,33,2018,OTHER
15110,15112,1094,999,1121,1026,w-2,27,27,w-2,OTHER
15145,15152,1110,2731,1203,2757,tatement,93,26,tatement,OTHER
15172,15175,1359,2740,1442,2772,2018,83,32,2018,OTHER
15208,15210,106,2742,174,2771,w-2,68,29,w-2,OTHER
15234,15242,1911,2729,2011,2753,statement,100,24,statement,OTHER
15262,15265,2167,2742,2251,2774,2018,84,32,2018,OTHER
15269,15271,1686,2741,1754,2773,w-2,68,32,w-2,OTHER
15274,15277,99,2779,132,2806,copy,33,27,copy,OTHER
15279,15279,137,2780,148,2807,b,11,27,b,OTHER
15281,15282,152,2780,164,2807,to,12,27,to,OTHER
15284,15285,168,2780,185,2807,be,17,27,be,OTHER
15287,15291,190,2780,218,2807,filed,28,27,filed,OTHER
15293,15296,223,2781,250,2807,with,27,26,with,OTHER
15298,15307,255,2781,329,2807,employee's,74,26,employee's,OTHER
15309,15315,335,2781,386,2806,federal,51,25,federal,OTHER
15317,15322,391,2781,441,2805,income,50,24,income,OTHER
15324,15326,446,2780,469,2804,tax,23,24,tax,OTHER
15328,15333,474,2779,520,2804,return,46,25,return,OTHER
15335,15337,562,2778,596,2808,ome,34,30,ome,OTHER
15339,15341,600,2777,626,2806,no.,26,29,no.,OTHER
15343,15351,631,2777,709,2806,1545-0008,78,29,1545-0008,OTHER
15359,15362,867,2779,902,2807,copy,35,28,copy,OTHER
15366,15367,918,2778,931,2806,to,13,28,to,OTHER
15369,15370,936,2778,951,2806,be,15,28,be,OTHER
15372,15376,956,2778,983,2807,filed,27,29,filed,OTHER
15387,15391,1060,2780,1097,2807,yee's,37,27,yee's,OTHER
15393,15397,1101,2780,1137,2806,state,36,26,state,OTHER
15399,15404,1141,2779,1192,2806,income,51,27,income,OTHER
15406,15408,1196,2779,1220,2804,tax,24,25,tax,OTHER
15410,15415,1224,2779,1269,2804,return,45,25,return,OTHER
15418,15420,1335,2777,1368,2809,omb,33,32,omb,OTHER
15422,15423,1372,2776,1388,2805,no,16,29,no,OTHER
15425,15425,1393,2775,1398,2804,.,5,29,.,OTHER
15427,15435,1402,2775,1472,2807,1545-0008,70,32,1545-0008,OTHER
15455,15458,1680,2777,1714,2805,copy,34,28,copy,OTHER
15462,15463,1731,2778,1742,2806,to,11,28,to,OTHER
15465,15466,1747,2778,1763,2806,be,16,28,be,OTHER
15468,15472,1769,2779,1797,2807,filed,28,28,filed,OTHER
15474,15477,1802,2780,1831,2807,with,29,27,with,OTHER
15490,15491,1987,2782,1998,2804,al,11,22,al,OTHER
15493,15498,2001,2781,2055,2806,income,54,25,income,OTHER
15500,15502,2058,2781,2083,2807,tax,25,26,tax,OTHER
15504,15509,2086,2780,2139,2807,return,53,27,return,OTHER
15511,15513,2148,2779,2184,2808,omb,36,29,omb,OTHER
15515,15517,2186,2779,2214,2808,no.,28,29,no.,OTHER
15519,15527,2216,2777,2296,2807,1545-0008,80,30,1545-0008,OTHER
