start_index,end_index,x_top_left,y_top_left,x_bottom_right,y_bottom_right,transcript,box_width,box_height,combined_text,predicted_field
39,39,503,198,524,228,a,21,30,a,OTHER
41,50,537,196,673,231,employee's,136,35,employee's,OTHER
52,57,678,196,747,232,social,69,36,social,OTHER
59,66,751,196,845,232,security,94,36,security,OTHER
68,73,850,196,934,231,number,84,35,number,OTHER
133,137,1586,193,1653,228,"safe,",67,35,"safe,",OTHER
139,147,1659,196,1795,232,accurate.,136,36,accurate.,OTHER
177,181,2091,194,2148,228,visit,57,34,visit,OTHER
183,185,2153,195,2195,229,the,42,34,the,OTHER
187,189,2201,195,2252,230,irs,51,35,irs,OTHER
191,197,2257,193,2365,232,website,108,39,website,OTHER
356,358,1832,218,1947,263,rev,115,45,rev,OTHER
360,363,1955,220,2046,263,file,91,43,file,OTHER
420,430,695,237,976,278,561-41-2712,281,41,561-41-2712,ssnOfEmployee
470,472,1273,241,1325,272,omb,52,31,omb,OTHER
474,476,1330,242,1372,274,no.,42,32,no.,OTHER
478,486,1377,239,1491,274,1545-0008,114,35,1545-0008,OTHER
497,501,1581,241,1676,275,fast!,95,34,fast!,OTHER
503,504,1682,242,1722,278,us,40,36,us,OTHER
541,542,2093,239,2117,275,at,24,36,at,OTHER
544,560,2123,240,2339,279,www.irs.gov/efile,216,39,www.irs.gov/efile,OTHER
563,563,114,288,139,321,b,25,33,b,OTHER
565,572,147,289,248,321,employer,101,32,employer,OTHER
574,587,252,289,387,321,identification,135,32,identification,OTHER
589,594,393,290,476,319,number,83,29,number,OTHER
596,600,482,289,535,317,(ein),53,28,(ein),OTHER
680,685,1447,291,1531,323,"wages,",84,32,"wages,",OTHER
687,691,1536,293,1583,323,"tips,",47,30,"tips,",OTHER
693,697,1588,292,1644,322,other,56,30,other,OTHER
699,710,1649,287,1807,322,compensation,158,35,compensation,OTHER
729,729,1943,283,1971,322,2,28,39,2,OTHER
731,737,2003,289,2084,324,federal,81,35,federal,OTHER
739,744,2090,291,2169,323,income,79,32,income,OTHER
746,748,2174,290,2208,320,tax,34,30,tax,OTHER
750,757,2213,287,2302,319,withheld,89,32,withheld,OTHER
769,778,218,331,480,366,80-7005454,262,35,80-7005454,einEmployerIdentificationNumber
881,886,1480,328,1628,367,100610,148,39,100610,box1WagesTipsAndOtherCompensations
888,888,1635,328,1655,367,.,20,39,.,box1WagesTipsAndOtherCompensations
890,891,1662,327,1710,367,78,48,40,78,box1WagesTipsAndOtherCompensations
927,931,1977,329,2102,367,11844,125,38,11844,box2FederalIncomeTaxWithheld
933,933,2109,329,2126,368,.,17,39,.,box2FederalIncomeTaxWithheld
935,936,2133,329,2181,371,16,48,42,16,box2FederalIncomeTaxWithheld
939,939,119,381,142,414,c,23,33,c,OTHER
941,950,147,381,264,415,employer's,117,34,employer's,OTHER
952,956,269,382,340,415,"name,",71,33,"name,",OTHER
958,965,346,382,438,415,"address,",92,33,"address,",OTHER
967,969,444,382,486,415,and,42,33,and,OTHER
971,973,492,382,528,414,zip,36,32,zip,OTHER
975,978,534,381,595,414,code,61,33,code,OTHER
1058,1063,1450,383,1516,413,social,66,30,social,OTHER
1065,1072,1520,382,1603,413,security,83,31,security,OTHER
1074,1078,1608,380,1677,413,wages,69,33,wages,OTHER
1110,1115,2004,382,2070,413,social,66,31,social,OTHER
1117,1124,2075,383,2157,413,security,82,30,security,OTHER
1126,1128,2163,382,2195,411,tax,32,29,tax,OTHER
1130,1137,2201,379,2288,410,withheld,87,31,withheld,OTHER
1149,1162,222,426,585,466,brown-matthews,363,40,brown-matthews,employerName
1164,1166,611,428,682,465,inc,71,37,inc,employerName
1262,1267,1477,427,1628,464,124328,151,37,124328,box3SocialSecurityWages
1269,1269,1635,428,1651,465,.,16,37,.,box3SocialSecurityWages
1271,1272,1658,429,1697,467,64,39,38,64,box3SocialSecurityWages
1310,1313,1976,425,2079,463,9511,103,38,9511,box4SocialSecurityTaxWithheld
1315,1315,2085,428,2102,464,.,17,36,.,box4SocialSecurityTaxWithheld
1317,1318,2108,429,2154,468,14,46,39,14,box4SocialSecurityTaxWithheld
1330,1332,220,486,297,523,691,77,37,691,employerAddressStreet_name
1334,1338,329,486,452,523,james,123,37,james,employerAddressStreet_name
1340,1346,478,484,661,523,squares,183,39,squares,employerAddressStreet_name
1348,1351,685,482,793,523,apt.,108,41,apt.,employerAddressStreet_name
1353,1355,818,481,892,523,744,74,42,744,employerAddressStreet_name
1440,1447,1448,471,1547,503,medicare,99,32,medicare,OTHER
1449,1453,1553,473,1625,503,wages,72,30,wages,OTHER
1455,1457,1631,472,1670,503,and,39,31,and,OTHER
1459,1462,1676,471,1722,502,tips,46,31,tips,OTHER
1488,1488,1944,473,1967,505,6,23,32,6,OTHER
1490,1497,2002,472,2103,501,medicare,101,29,medicare,OTHER
1499,1501,2108,473,2143,502,tax,35,29,tax,OTHER
1503,1510,2148,473,2236,505,withheld,88,32,withheld,OTHER
1634,1638,1474,512,1603,549,97949,129,37,97949,OTHER
1640,1640,1609,512,1629,549,.,20,37,.,OTHER
1642,1643,1635,512,1679,550,11,44,38,11,OTHER
1693,1696,2098,514,2198,554,2840,100,40,2840,OTHER
1698,1698,2205,514,2224,550,.,19,36,.,OTHER
1700,1701,2228,515,2267,552,52,39,37,52,OTHER
1712,1720,215,545,453,586,grayshire,238,41,grayshire,employerAddressCity
1722,1723,473,546,535,585,mi,62,39,mi,employerAddressState
1725,1734,558,540,820,585,58301-4783,262,45,58301-4783,employerAddressZip
1823,1828,1449,558,1514,595,social,65,37,social,OTHER
1830,1837,1521,560,1602,595,security,81,35,security,OTHER
1839,1842,1609,559,1660,595,tips,51,36,tips,OTHER
1871,1871,1944,556,1964,585,8,20,29,8,OTHER
1872,1880,2005,557,2103,591,allocated,98,34,allocated,OTHER
1882,1885,2109,558,2147,591,tips,38,33,tips,OTHER
2009,2014,1476,606,1628,642,124328,152,36,124328,OTHER
2016,2016,1635,607,1655,642,.,20,35,.,OTHER
2018,2019,1659,607,1705,643,64,46,36,64,OTHER
2068,2072,2097,609,2223,641,97949,126,32,97949,OTHER
2074,2074,2232,609,2252,642,.,20,33,.,OTHER
2076,2077,2257,609,2298,643,11,41,34,11,OTHER
2080,2080,120,647,142,681,d,22,34,d,OTHER
2082,2088,149,647,225,681,control,76,34,control,OTHER
2090,2095,231,646,321,681,number,90,35,number,OTHER
2246,2247,1934,650,1957,670,10,23,20,10,OTHER
2249,2257,2003,650,2123,679,dependent,120,29,dependent,OTHER
2259,2262,2128,650,2176,679,care,48,29,care,OTHER
2264,2271,2180,650,2268,679,benefits,88,29,benefits,OTHER
2282,2283,220,694,261,729,9!,41,35,9!,OTHER
2455,2457,2098,696,2168,733,119,70,37,119,OTHER
2460,2460,116,740,138,770,e,22,30,e,OTHER
2462,2471,148,740,270,769,employee's,122,29,employee's,OTHER
2473,2477,276,740,322,767,first,46,27,first,OTHER
2506,2509,625,745,675,769,last,50,24,last,OTHER
2511,2514,678,742,742,769,name,64,27,name,OTHER
2565,2569,1300,740,1361,769,suff.,61,29,suff.,OTHER
2571,2572,1379,740,1412,768,11,33,28,11,OTHER
2574,2585,1448,742,1583,771,nonqualified,135,29,nonqualified,OTHER
2587,2591,1588,743,1649,771,plans,61,28,plans,OTHER
2626,2628,1935,745,1972,770,12a,37,25,12a,OTHER
2636,2647,2055,744,2196,770,instructions,141,26,instructions,OTHER
2649,2651,2200,743,2233,770,for,33,27,for,OTHER
2653,2655,2236,741,2283,769,box,47,28,box,OTHER
2657,2658,2289,740,2317,769,12,28,29,12,OTHER
2783,2785,1477,802,1545,832,182,68,30,182,OTHER
2844,2847,2100,797,2194,833,4843,94,36,4843,OTHER
2859,2864,217,828,397,870,robert,180,42,robert,employeeName
2866,2873,420,830,649,870,oconnell,229,40,oconnell,employeeName
3015,3017,1934,833,1971,871,126,37,38,126,OTHER
3133,3134,1379,847,1410,875,13,31,28,13,OTHER
3136,3144,1414,849,1502,875,statutory,88,26,statutory,OTHER
3146,3155,1581,849,1671,876,retirement,90,27,retirement,OTHER
3167,3174,1767,853,1834,873,ird-part,67,20,ird-part,OTHER
3292,3299,1414,879,1497,906,employee,83,27,employee,OTHER
3303,3306,1580,883,1622,908,plan,42,25,plan,OTHER
3323,3326,1749,881,1781,908,sick,32,27,sick,OTHER
3328,3330,1785,879,1827,907,pay,42,28,pay,OTHER
3342,3346,221,907,367,952,16291,146,45,16291,OTHER
3348,3358,392,909,713,953,christopher,321,44,christopher,OTHER
3360,3364,741,909,890,953,fords,149,44,fords,OTHER
3366,3369,914,907,1040,953,apt.,126,46,apt.,OTHER
3371,3373,1064,905,1150,953,639,86,48,639,OTHER
3516,3518,2099,916,2165,947,854,66,31,854,OTHER
3529,3532,214,974,340,1022,east,126,48,east,OTHER
3534,3540,361,974,574,1021,crystal,213,47,crystal,OTHER
3542,3543,595,976,655,1023,va,60,47,va,OTHER
3580,3589,773,977,1046,1020,18268-6668,273,43,18268-6668,OTHER
3633,3634,1378,964,1408,992,14,30,28,14,OTHER
3636,3640,1449,963,1510,992,other,61,29,other,OTHER
3815,3816,2002,1028,2048,1057,bb,46,29,bb,OTHER
3818,3820,2097,1025,2166,1061,915,69,36,915,OTHER
3988,3989,1936,1064,1965,1095,12,29,31,12,OTHER
4165,4165,2015,1133,2034,1162,v,19,29,v,OTHER
4167,4170,2079,1133,2166,1170,1566,87,37,1566,OTHER
4172,4172,115,1190,137,1223,1,22,33,1,OTHER
4174,4183,149,1189,273,1223,employee's,124,34,employee's,OTHER
4185,4191,278,1189,365,1220,address,87,31,address,OTHER
4193,4195,370,1189,413,1218,and,43,29,and,OTHER
4197,4199,417,1189,453,1217,zip,36,28,zip,OTHER
4201,4204,458,1189,522,1217,code,64,28,code,OTHER
4206,4207,110,1212,136,1244,15,26,32,15,OTHER
4209,4213,149,1209,213,1244,state,64,35,state,OTHER
4215,4224,260,1218,379,1249,employer's,119,31,employer's,OTHER
4226,4230,384,1217,438,1248,state,54,31,state,OTHER
4232,4233,443,1216,468,1248,id,25,32,id,OTHER
4235,4240,473,1215,562,1251,number,89,36,number,OTHER
4265,4266,757,1212,791,1249,16,34,37,16,OTHER
4268,4272,797,1213,850,1250,state,53,37,state,OTHER
4274,4279,857,1215,933,1250,"wages,",76,35,"wages,",OTHER
4281,4285,940,1215,983,1250,"tips,",43,35,"tips,",OTHER
4287,4290,990,1214,1041,1250,etc.,51,36,etc.,OTHER
4297,4298,1122,1212,1154,1249,17,32,37,17,OTHER
4300,4304,1161,1213,1214,1249,state,53,36,state,OTHER
4306,4311,1221,1214,1300,1249,income,79,35,income,OTHER
4313,4315,1306,1216,1348,1249,tax,42,33,tax,OTHER
4327,4328,1475,1209,1507,1250,18,32,41,18,OTHER
4330,4334,1515,1212,1571,1250,local,56,38,local,OTHER
4336,4341,1579,1215,1654,1250,"wages,",75,35,"wages,",OTHER
4343,4347,1662,1218,1704,1249,"tips,",42,31,"tips,",OTHER
4349,4352,1712,1217,1758,1249,etc.,46,32,etc.,OTHER
4368,4369,1864,1215,1897,1250,19,33,35,19,OTHER
4371,4375,1902,1215,1962,1249,local,60,34,local,OTHER
4377,4382,1967,1216,2044,1250,income,77,34,income,OTHER
4384,4386,2050,1220,2087,1251,tax,37,31,tax,OTHER
4397,4398,2221,1220,2252,1249,20,31,29,20,OTHER
4400,4407,2259,1220,2342,1249,locality,83,29,locality,OTHER
4409,4412,2347,1219,2412,1248,name,65,29,name,OTHER
4415,4416,129,1264,180,1303,fl,51,39,fl,OTHER
4436,4445,352,1259,612,1302,071-80-066,260,43,071-80-066,OTHER
4473,4478,756,1259,903,1299,48910.,147,40,48910.,box16StateWagesTips
4480,4481,910,1259,963,1297,64,53,38,64,OTHER
4506,4509,1123,1260,1221,1299,4529,98,39,4529,box17StateIncomeTax
4511,4511,1227,1260,1244,1299,.,17,39,.,box17StateIncomeTax
4513,4514,1250,1260,1298,1299,96,48,39,96,box17StateIncomeTax
4536,4541,1476,1260,1627,1299,80336.,151,39,80336.,OTHER
4543,4544,1633,1261,1680,1297,14,47,36,14,OTHER
4575,4579,1864,1259,1989,1301,17848,125,42,17848,OTHER
4581,4581,1997,1259,2016,1302,.,19,43,.,OTHER
4583,4584,2024,1260,2070,1304,73,46,44,73,OTHER
4606,4614,2224,1270,2367,1300,gwendolyn,143,30,gwendolyn,OTHER
4616,4616,2381,1270,2394,1300,f,13,30,f,OTHER
4621,4622,130,1346,182,1384,ct,52,38,ct,OTHER
4641,4650,350,1350,601,1389,920-40-919,251,39,920-40-919,OTHER
4675,4680,755,1349,906,1390,48224.,151,41,48224.,OTHER
4682,4683,913,1349,961,1389,47,48,40,47,OTHER
4709,4713,1120,1345,1247,1390,4825.,127,45,4825.,OTHER
4715,4716,1253,1344,1305,1390,37,52,46,37,OTHER
4741,4745,1475,1349,1602,1388,83215,127,39,83215,OTHER
4747,4747,1607,1349,1624,1388,.,17,39,.,OTHER
4749,4750,1629,1349,1683,1389,56,54,40,56,OTHER
4780,4785,1864,1345,2014,1391,15721.,150,46,15721.,OTHER
4787,4788,2021,1345,2066,1389,69,45,44,69,OTHER
4810,4816,2225,1354,2349,1393,jeffrey,124,39,jeffrey,OTHER
4818,4822,2359,1354,2454,1396,flats,95,42,flats,OTHER
4848,4851,364,1402,481,1448,wage,117,46,wage,OTHER
4853,4855,489,1406,573,1449,and,84,43,and,OTHER
4857,4859,582,1407,651,1450,tax,69,43,tax,OTHER
4916,4919,1139,1407,1408,1502,2019,269,95,2019,taxYear
4975,4984,1754,1412,1904,1450,department,150,38,department,OTHER
4986,4987,1911,1415,1935,1450,of,24,35,of,OTHER
4989,4991,1942,1416,1985,1450,the,43,34,the,OTHER
4993,5010,1992,1416,2218,1451,treasury--internal,226,35,treasury--internal,OTHER
5012,5018,2225,1417,2345,1451,revenue,120,34,revenue,OTHER
5020,5026,2351,1416,2457,1450,service,106,34,service,OTHER
5028,5031,99,1470,169,1510,form,70,40,form,OTHER
5033,5035,182,1474,231,1509,w-2,49,35,w-2,OTHER
5046,5054,358,1458,573,1508,statement,215,50,statement,OTHER
5056,5059,101,1511,180,1550,copy,79,39,copy,OTHER
5061,5065,187,1510,273,1549,b--to,86,39,b--to,OTHER
5067,5068,280,1510,319,1549,be,39,39,be,OTHER
5070,5074,326,1510,402,1548,filed,76,38,filed,OTHER
5076,5079,409,1510,474,1548,with,65,38,with,OTHER
5081,5090,481,1510,655,1547,employee's,174,37,employee's,OTHER
5092,5098,662,1511,816,1548,federal,154,37,federal,OTHER
5100,5102,822,1512,878,1549,tax,56,37,tax,OTHER
5104,5109,884,1512,992,1550,return,108,38,return,OTHER
5111,5114,104,1551,162,1586,this,58,35,this,OTHER
5116,5126,168,1551,328,1586,information,160,35,information,OTHER
5128,5129,334,1551,360,1586,is,26,35,is,OTHER
5131,5135,366,1551,448,1586,being,82,35,being,OTHER
5137,5145,454,1551,586,1587,furnished,132,36,furnished,OTHER
5147,5148,593,1551,620,1587,to,27,36,to,OTHER
5150,5152,627,1551,675,1587,the,48,36,the,OTHER
5154,5161,682,1551,789,1588,internal,107,37,internal,OTHER
5163,5169,795,1551,927,1589,revenue,132,38,revenue,OTHER
5171,5178,934,1551,1055,1589,service.,121,38,service.,OTHER
5262,5264,1005,1643,1045,1685,cut,40,42,cut,OTHER
5266,5269,1052,1643,1097,1685,here,45,42,here,OTHER
5271,5271,1104,1644,1119,1684,.,15,40,.,OTHER
5273,5276,1126,1644,1187,1684,keep,61,40,keep,OTHER
5278,5282,1195,1644,1256,1684,tower,61,40,tower,OTHER
5284,5290,1264,1644,1343,1684,portion,79,40,portion,OTHER
5292,5294,1351,1644,1384,1683,for,33,39,for,OTHER
5296,5299,1392,1644,1439,1683,your,47,39,your,OTHER
5301,5307,1447,1644,1530,1682,records,83,38,records,OTHER
5309,5309,1537,1644,1547,1682,.,10,38,.,OTHER
5351,5360,538,1739,672,1776,employee's,134,37,employee's,OTHER
5362,5367,678,1739,746,1776,social,68,37,social,OTHER
5369,5376,753,1739,843,1776,security,90,37,security,OTHER
5378,5383,850,1739,931,1775,number,81,36,number,OTHER
5436,5439,1528,1740,1569,1771,this,41,31,this,OTHER
5441,5451,1574,1740,1694,1773,information,120,33,information,OTHER
5453,5454,1699,1741,1718,1773,is,19,32,is,OTHER
5456,5460,1723,1741,1784,1773,being,61,32,being,OTHER
5462,5470,1789,1741,1888,1774,furnished,99,33,furnished,OTHER
5472,5473,1894,1742,1916,1774,to,22,32,to,OTHER
5475,5477,1922,1742,1956,1774,the,34,32,the,OTHER
5479,5486,1962,1742,2043,1774,internal,81,32,internal,OTHER
5488,5494,2048,1742,2147,1774,revenue,99,32,revenue,OTHER
5496,5503,2153,1742,2246,1774,service.,93,32,service.,OTHER
5505,5506,2251,1742,2266,1774,if,15,32,if,OTHER
5508,5510,2271,1741,2312,1773,you,41,32,you,OTHER
5512,5514,2317,1741,2352,1773,are,35,32,are,OTHER
5516,5523,2357,1741,2453,1773,required,96,32,required,OTHER
5578,5588,696,1779,981,1825,561-41-2712,285,46,561-41-2712,OTHER
5629,5631,1272,1783,1324,1819,omb,52,36,omb,OTHER
5633,5635,1331,1783,1370,1819,no.,39,36,no.,OTHER
5637,5645,1376,1783,1501,1822,1545-0008,125,39,1545-0008,OTHER
5646,5647,1525,1773,1544,1805,to,19,32,to,OTHER
5649,5652,1549,1773,1582,1805,file,33,32,file,OTHER
5654,5654,1588,1773,1601,1804,a,13,31,a,OTHER
5656,5658,1606,1773,1639,1804,tax,33,31,tax,OTHER
5660,5666,1645,1772,1717,1804,"return,",72,32,"return,",OTHER
5668,5668,1723,1772,1735,1804,a,12,32,a,OTHER
5670,5679,1741,1771,1858,1804,negligence,117,33,negligence,OTHER
5681,5687,1863,1771,1943,1804,penalty,80,33,penalty,OTHER
5689,5690,1949,1771,1972,1804,or,23,33,or,OTHER
5692,5696,1977,1771,2033,1804,other,56,33,other,OTHER
5698,5705,2038,1771,2129,1804,sanction,91,33,sanction,OTHER
5707,5709,2134,1771,2179,1804,may,45,33,may,OTHER
5711,5712,2183,1771,2213,1804,be,30,33,be,OTHER
5714,5720,2218,1771,2313,1805,imposed,95,34,imposed,OTHER
5722,5723,2317,1772,2346,1805,on,29,33,on,OTHER
5725,5727,2350,1772,2391,1805,you,41,33,you,OTHER
5729,5730,2395,1772,2418,1806,if,23,34,if,OTHER
5852,5855,1524,1803,1562,1834,this,38,31,this,OTHER
5857,5862,1567,1803,1646,1834,income,79,31,income,OTHER
5864,5865,1651,1802,1671,1834,is,20,32,is,OTHER
5867,5873,1676,1802,1757,1835,taxable,81,33,taxable,OTHER
5875,5877,1763,1802,1803,1835,and,40,33,and,OTHER
5879,5881,1809,1802,1847,1836,you,38,34,you,OTHER
5883,5886,1853,1802,1884,1836,fail,31,34,fail,OTHER
5888,5889,1889,1803,1911,1836,to,22,33,to,OTHER
5891,5896,1916,1803,1980,1837,report,64,34,report,OTHER
5898,5900,1985,1804,2011,1837,it.,26,33,it.,OTHER
5903,5903,115,1830,139,1864,b,24,34,b,OTHER
5905,5912,148,1831,247,1865,employer,99,34,employer,OTHER
5914,5927,253,1831,388,1865,identification,135,34,identification,OTHER
5929,5934,394,1831,469,1864,number,75,33,number,OTHER
6017,6022,1446,1832,1532,1864,"wages,",86,32,"wages,",OTHER
6024,6028,1537,1834,1583,1864,"tips,",46,30,"tips,",OTHER
6030,6034,1588,1834,1644,1864,other,56,30,other,OTHER
6036,6047,1650,1829,1807,1863,compensation,157,34,compensation,OTHER
6071,6077,2002,1832,2085,1866,federal,83,34,federal,OTHER
6079,6084,2091,1832,2169,1865,income,78,33,income,OTHER
6086,6088,2175,1833,2209,1863,tax,34,30,tax,OTHER
6090,6097,2215,1833,2300,1863,withheld,85,30,withheld,OTHER
6109,6118,217,1875,470,1910,80-7005454,253,35,80-7005454,OTHER
6218,6223,1479,1875,1630,1911,100610,151,36,100610,OTHER
6225,6225,1635,1876,1656,1911,.,21,35,.,OTHER
6227,6228,1660,1875,1701,1910,78,41,35,78,OTHER
6265,6270,1977,1876,2126,1913,11844.,149,37,11844.,OTHER
6272,6273,2132,1876,2181,1912,16,49,36,16,OTHER
6277,6277,118,1921,141,1955,c,23,34,c,OTHER
6279,6288,147,1921,264,1955,employer's,117,34,employer's,OTHER
6290,6294,271,1921,339,1955,"name,",68,34,"name,",OTHER
6296,6303,346,1921,439,1955,"address,",93,34,"address,",OTHER
6305,6307,445,1922,485,1955,and,40,33,and,OTHER
6309,6311,492,1922,527,1955,zip,35,33,zip,OTHER
6313,6316,534,1922,592,1955,code,58,33,code,OTHER
6389,6394,1450,1920,1513,1956,social,63,36,social,OTHER
6396,6403,1519,1920,1600,1953,security,81,33,security,OTHER
6405,6409,1607,1920,1690,1954,wages,83,34,wages,OTHER
6439,6439,1944,1920,1970,1954,4,26,34,4,OTHER
6441,6446,2005,1920,2071,1951,social,66,31,social,OTHER
6448,6455,2076,1922,2158,1953,security,82,31,security,OTHER
6457,6459,2163,1922,2196,1953,tax,33,31,tax,OTHER
6461,6468,2201,1919,2287,1953,withheld,86,34,withheld,OTHER
6481,6494,222,1966,584,2008,brown-matthews,362,42,brown-matthews,OTHER
6496,6498,611,1965,679,2004,inc,68,39,inc,OTHER
6589,6594,1477,1963,1628,2004,124328,151,41,124328,OTHER
6596,6596,1634,1964,1652,2001,.,18,37,.,OTHER
6598,6599,1658,1965,1698,2005,64,40,40,64,OTHER
6637,6640,1978,1968,2078,2001,9511,100,33,9511,OTHER
6642,6644,2084,1968,2155,2000,.14,71,32,.14,OTHER
6656,6658,219,2023,297,2063,691,78,40,691,OTHER
6660,6664,329,2026,452,2065,james,123,39,james,OTHER
6666,6672,479,2027,662,2067,squares,183,40,squares,OTHER
6674,6677,685,2023,794,2067,apt.,109,44,apt.,OTHER
6679,6681,819,2019,896,2067,744,77,48,744,OTHER
6762,6769,1446,2007,1547,2044,medicare,101,37,medicare,OTHER
6771,6775,1553,2010,1626,2045,wages,73,35,wages,OTHER
6777,6779,1632,2010,1671,2045,and,39,35,and,OTHER
6781,6784,1677,2009,1722,2044,tips,45,35,tips,OTHER
6814,6821,2001,2007,2103,2041,medicare,102,34,medicare,OTHER
6823,6825,2108,2007,2141,2042,tax,33,35,tax,OTHER
6827,6834,2147,2007,2237,2044,withheld,90,37,withheld,OTHER
6959,6964,1478,2056,1628,2094,97949.,150,38,97949.,OTHER
6966,6967,1633,2056,1678,2095,11,45,39,11,OTHER
7015,7018,2097,2058,2200,2094,2840,103,36,2840,OTHER
7020,7022,2205,2058,2279,2094,.52,74,36,.52,OTHER
7033,7041,216,2086,451,2127,grayshire,235,41,grayshire,OTHER
7043,7044,474,2085,532,2125,mi,58,40,mi,OTHER
7046,7055,556,2081,820,2125,58301-4783,264,44,58301-4783,OTHER
7144,7149,1450,2097,1515,2131,social,65,34,social,OTHER
7151,7158,1520,2097,1601,2132,security,81,35,security,OTHER
7160,7163,1606,2097,1649,2133,tips,43,36,tips,OTHER
7195,7203,2002,2094,2102,2131,allocated,100,37,allocated,OTHER
7205,7208,2108,2094,2154,2129,tips,46,35,tips,OTHER
7333,7338,1479,2143,1628,2181,124328,149,38,124328,OTHER
7340,7340,1633,2145,1652,2181,.,19,36,.,OTHER
7342,7343,1657,2144,1710,2181,64,53,37,64,OTHER
7391,7396,2103,2145,2249,2183,97949.,146,38,97949.,OTHER
7398,7399,2256,2146,2306,2185,11,50,39,11,OTHER
7402,7402,121,2190,141,2221,d,20,31,d,OTHER
7404,7410,148,2191,224,2223,control,76,32,control,OTHER
7412,7417,230,2191,312,2223,number,82,32,number,OTHER
7568,7569,1934,2191,1960,2213,10,26,22,10,OTHER
7571,7579,2004,2193,2123,2222,dependent,119,29,dependent,OTHER
7581,7584,2128,2193,2175,2221,care,47,28,care,OTHER
7586,7593,2180,2189,2269,2219,benefits,89,30,benefits,OTHER
7604,7610,219,2234,395,2270,9927419,176,36,9927419,OTHER
7776,7776,2126,2237,2147,2267,1,21,30,1,OTHER
7779,7779,117,2288,135,2315,e,18,27,e,OTHER
7781,7790,148,2286,272,2314,employee's,124,28,employee's,OTHER
7792,7796,276,2285,316,2311,first,40,26,first,OTHER
7798,7801,321,2283,385,2311,name,64,28,name,OTHER
7803,7805,390,2282,430,2310,and,40,28,and,OTHER
7807,7813,435,2280,494,2310,initial,59,30,initial,OTHER
7825,7828,626,2282,673,2313,last,47,31,last,OTHER
7830,7833,678,2281,746,2311,name,68,30,name,OTHER
7884,7888,1300,2279,1358,2310,suff.,58,31,suff.,OTHER
7890,7891,1378,2278,1408,2308,11,30,30,11,OTHER
7893,7904,1446,2283,1582,2314,nonqualified,136,31,nonqualified,OTHER
7906,7910,1587,2283,1654,2310,plans,67,27,plans,OTHER
7945,7947,1937,2282,1978,2305,12a,41,23,12a,OTHER
7949,7951,2007,2282,2049,2312,see,42,30,see,OTHER
7953,7964,2054,2283,2194,2312,instructions,140,29,instructions,OTHER
7966,7968,2199,2283,2232,2312,for,33,29,for,OTHER
7970,7972,2237,2282,2285,2311,box,48,29,box,OTHER
7974,7975,2289,2281,2317,2310,12,28,29,12,OTHER
8099,8101,1476,2338,1548,2370,182,72,32,182,OTHER
8151,8151,2018,2338,2034,2362,r,16,24,r,OTHER
8161,8164,2100,2336,2191,2370,4843,91,34,4843,OTHER
8175,8180,216,2362,397,2408,robert,181,46,robert,OTHER
8182,8189,421,2366,657,2408,oconnell,236,42,oconnell,OTHER
8304,8305,1376,2386,1409,2417,13,33,31,13,OTHER
8307,8315,1413,2386,1502,2414,statutory,89,28,statutory,OTHER
8317,8326,1579,2386,1687,2413,retirement,108,27,retirement,OTHER
8338,8348,1749,2386,1837,2414,third-party,88,28,third-party,OTHER
8358,8360,1936,2385,1977,2410,12b,41,25,12b,OTHER
8477,8484,1412,2411,1501,2439,employee,89,28,employee,OTHER
8488,8491,1578,2412,1623,2439,plan,45,27,plan,OTHER
8508,8511,1746,2407,1783,2438,sick,37,31,sick,OTHER
8513,8515,1784,2404,1828,2438,pay,44,34,pay,OTHER
8526,8530,220,2434,366,2480,16291,146,46,16291,OTHER
8532,8542,391,2437,714,2481,christopher,323,44,christopher,OTHER
8544,8548,741,2437,890,2481,fords,149,44,fords,OTHER
8550,8553,912,2434,1037,2481,apt.,125,47,apt.,OTHER
8555,8557,1063,2431,1146,2480,639,83,49,639,OTHER
8701,8703,2101,2438,2165,2469,854,64,31,854,OTHER
8714,8717,215,2504,339,2547,east,124,43,east,OTHER
8719,8725,362,2502,571,2547,crystal,209,45,crystal,OTHER
8727,8728,596,2501,656,2547,va,60,46,va,OTHER
8765,8774,772,2498,1055,2546,18268-6668,283,48,18268-6668,OTHER
8818,8819,1377,2487,1415,2523,14,38,36,14,OTHER
8821,8825,1447,2495,1510,2522,other,63,27,other,OTHER
8827,8830,1515,2496,1564,2522,(see,49,26,(see,OTHER
8832,8839,1569,2496,1666,2522,enclosed,97,26,enclosed,OTHER
8841,8846,1672,2496,1741,2522,notice,69,26,notice,OTHER
8848,8849,1746,2496,1769,2522,to,23,26,to,OTHER
8851,8859,1774,2494,1898,2522,employee),124,28,employee),OTHER
8861,8861,1904,2493,1922,2520,|,18,27,|,OTHER
8863,8865,1937,2492,1980,2520,12c,43,28,12c,OTHER
9040,9041,2002,2545,2051,2579,bb,49,34,bb,OTHER
9051,9053,2102,2547,2165,2581,915,63,34,915,OTHER
9222,9224,1935,2594,1977,2621,12d,42,27,12d,OTHER
9400,9400,2013,2651,2034,2681,v,21,30,v,OTHER
9402,9404,2097,2649,2168,2689,566,71,40,566,OTHER
9406,9406,115,2713,136,2742,1,21,29,1,OTHER
9408,9417,149,2711,274,2742,employee's,125,31,employee's,OTHER
9419,9425,278,2711,365,2740,address,87,29,address,OTHER
9427,9429,369,2710,413,2739,and,44,29,and,OTHER
9431,9433,417,2710,455,2738,zip,38,28,zip,OTHER
9435,9438,459,2709,516,2738,code,57,29,code,OTHER
9440,9440,115,2733,134,2761,5,19,28,5,OTHER
9442,9446,148,2729,210,2761,state,62,32,state,OTHER
9448,9457,259,2737,378,2767,employer's,119,30,employer's,OTHER
9459,9463,384,2738,438,2768,state,54,30,state,OTHER
9465,9466,443,2738,467,2768,id,24,30,id,OTHER
9468,9473,473,2736,560,2768,number,87,32,number,OTHER
9499,9500,756,2736,790,2768,16,34,32,16,OTHER
9502,9506,796,2736,851,2768,state,55,32,state,OTHER
9508,9513,856,2737,933,2768,"wages,",77,31,"wages,",OTHER
9515,9519,938,2737,984,2767,"tips,",46,30,"tips,",OTHER
9521,9524,989,2736,1036,2767,etc.,47,31,etc.,OTHER
9531,9532,1123,2735,1156,2768,17,33,33,17,OTHER
9534,9538,1162,2736,1217,2768,state,55,32,state,OTHER
9540,9545,1223,2737,1301,2768,income,78,31,income,OTHER
9547,9549,1308,2736,1346,2767,tax,38,31,tax,OTHER
9562,9563,1476,2735,1511,2768,18,35,33,18,OTHER
9565,9569,1515,2736,1574,2767,local,59,31,local,OTHER
9571,9576,1580,2738,1656,2767,"wages,",76,29,"wages,",OTHER
9578,9582,1661,2739,1708,2768,"tips,",47,29,"tips,",OTHER
9584,9587,1715,2739,1748,2769,etc.,33,30,etc.,OTHER
9601,9602,1863,2737,1897,2771,19,34,34,19,OTHER
9604,9608,1903,2737,1961,2770,local,58,33,local,OTHER
9610,9615,1967,2738,2047,2770,income,80,32,income,OTHER
9617,9619,2053,2739,2089,2770,tax,36,31,tax,OTHER
9631,9632,2223,2736,2252,2768,20,29,32,20,OTHER
9634,9641,2258,2738,2340,2769,locality,82,31,locality,OTHER
9643,9646,2346,2739,2415,2769,name,69,30,name,OTHER
9650,9651,130,2787,177,2818,fl,47,31,fl,OTHER
9667,9676,349,2780,610,2820,071-80-066,261,40,071-80-066,OTHER
9707,9711,755,2778,881,2818,48910,126,40,48910,OTHER
9713,9713,887,2778,906,2817,.,19,39,.,OTHER
9715,9716,912,2778,964,2818,64,52,40,64,OTHER
9739,9742,1121,2777,1221,2821,4529,100,44,4529,OTHER
9744,9744,1228,2778,1243,2821,.,15,43,.,OTHER
9746,9747,1250,2778,1308,2821,96,58,43,96,OTHER
9770,9775,1475,2781,1627,2818,80336.,152,37,80336.,OTHER
9777,9778,1632,2781,1685,2818,14,53,37,14,OTHER
9809,9813,1865,2777,1989,2824,17848,124,47,17848,OTHER
9815,9815,1996,2777,2015,2824,.,19,47,.,OTHER
9817,9818,2023,2777,2073,2825,73,50,48,73,OTHER
10011,10019,2224,2792,2369,2824,gwendolyn,145,32,gwendolyn,OTHER
10021,10024,2381,2794,2449,2824,fort,68,30,fort,OTHER
10030,10031,136,2872,180,2903,ct,44,31,ct,OTHER
10050,10059,354,2864,601,2906,920-40-919,247,42,920-40-919,OTHER
10086,10090,757,2866,881,2908,48224,124,42,48224,OTHER
10092,10092,887,2866,906,2907,.,19,41,.,OTHER
10094,10095,912,2867,957,2908,47,45,41,47,OTHER
10118,10121,1121,2865,1220,2908,4825,99,43,4825,OTHER
10123,10123,1227,2864,1244,2908,.,17,44,.,OTHER
10125,10126,1251,2865,1297,2910,37,46,45,37,OTHER
10150,10153,1502,2868,1602,2906,3215,100,38,3215,OTHER
10155,10155,1609,2868,1625,2906,.,16,38,.,OTHER
10157,10158,1632,2867,1682,2906,56,50,39,56,OTHER
10188,10192,1865,2865,1989,2908,15721,124,43,15721,OTHER
10194,10194,1997,2865,2014,2908,.,17,43,.,OTHER
10196,10197,2021,2865,2066,2907,69,45,42,69,OTHER
10219,10225,2227,2878,2348,2915,jeffrey,121,37,jeffrey,OTHER
10227,10231,2357,2878,2436,2915,flats,79,37,flats,OTHER
10257,10260,370,2924,479,2965,wage,109,41,wage,OTHER
10262,10264,490,2924,575,2965,and,85,41,and,OTHER
10266,10268,583,2924,646,2967,tax,63,43,tax,OTHER
10325,10328,1142,2924,1410,3018,2019,268,94,2019,OTHER
10384,10393,1757,2936,1906,2968,department,149,32,department,OTHER
10395,10396,1910,2937,1937,2968,of,27,31,of,OTHER
10398,10400,1941,2937,1988,2968,the,47,31,the,OTHER
10402,10419,1993,2937,2221,2968,treasury--internal,228,31,treasury--internal,OTHER
10421,10427,2226,2937,2347,2969,revenue,121,32,revenue,OTHER
10429,10435,2352,2938,2452,2969,service,100,31,service,OTHER
10437,10440,100,2985,167,3019,form,67,34,form,OTHER
10442,10444,182,2985,240,3020,w-2,58,35,w-2,OTHER
10454,10462,368,2979,571,3027,statement,203,48,statement,OTHER
10596,10600,1859,2982,1931,3014,"safe,",72,32,"safe,",OTHER
10602,10610,1935,2984,2066,3017,"accurate,",131,33,"accurate,",OTHER
10787,10790,2096,2999,2170,3042,inse,74,43,inse,OTHER
10792,10792,2181,2999,2213,3041,~,32,42,~,OTHER
10794,10797,2227,2999,2318,3045,file,91,46,file,OTHER
10800,10803,109,3028,183,3059,copy,74,31,copy,OTHER
10805,10805,189,3028,210,3059,c,21,31,c,OTHER
10807,10809,220,3028,273,3059,for,53,31,for,OTHER
10811,10820,279,3028,484,3061,employee's,205,33,employee's,OTHER
10822,10829,493,3028,660,3062,records.,167,34,records.,OTHER
10831,10834,665,3028,736,3064,(see,71,36,(see,OTHER
10836,10841,740,3028,843,3065,notice,103,37,notice,OTHER
10843,10844,847,3028,882,3066,to,35,38,to,OTHER
10958,10962,1863,3016,1953,3048,fast!,90,32,fast!,OTHER
10964,10966,1960,3015,2019,3048,use,59,33,use,OTHER
10968,10975,104,3070,252,3103,employee,148,33,employee,OTHER
10977,10978,259,3070,300,3100,on,41,30,on,OTHER
10980,10982,306,3070,355,3100,the,49,30,the,OTHER
10984,10987,361,3069,437,3100,back,76,31,back,OTHER
10989,10990,444,3068,477,3101,of,33,33,of,OTHER
10992,10995,483,3066,561,3102,copy,78,36,copy,OTHER
10997,11000,568,3065,618,3103,b.)',50,38,b.)',OTHER
