start_index,end_index,x_top_left,y_top_left,x_bottom_right,y_bottom_right,transcript,box_width,box_height,combined_text,predicted_field
35,35,504,937,527,970,a,23,33,a,OTHER
37,46,536,938,671,972,employee's,135,34,employee's,OTHER
48,53,677,941,746,973,social,69,32,social,OTHER
55,62,751,941,843,973,security,92,32,security,OTHER
64,69,850,940,935,972,number,85,32,number,OTHER
124,128,1582,940,1654,972,"safe,",72,32,"safe,",OTHER
130,138,1659,940,1803,976,accurate.,144,36,accurate.,OTHER
151,155,2092,934,2147,972,visit,55,38,visit,OTHER
157,159,2153,937,2197,973,the,44,36,the,OTHER
161,163,2202,938,2253,974,irs,51,36,irs,OTHER
165,171,2259,937,2371,974,website,112,37,website,OTHER
224,234,696,979,977,1020,241-14-9621,281,41,241-14-9621,ssnOfEmployee
313,314,1833,961,1894,1006,re,61,45,re,OTHER
316,316,1911,961,1942,1005,~,31,44,~,OTHER
318,321,1956,959,2045,1005,file,89,46,file,OTHER
420,422,1272,980,1325,1016,omb,53,36,omb,OTHER
424,426,1331,980,1370,1016,no.,39,36,no.,OTHER
428,436,1376,979,1492,1016,1545-0008,116,37,1545-0008,OTHER
447,451,1582,982,1677,1017,fast!,95,35,fast!,OTHER
453,454,1682,983,1725,1023,us,43,40,us,OTHER
473,474,2093,985,2118,1019,at,25,34,at,OTHER
476,493,2123,984,2350,1022,www.irs.gov/efile.,227,38,www.irs.gov/efile.,OTHER
495,495,116,1031,139,1066,b,23,35,b,OTHER
497,504,147,1032,247,1066,employer,100,34,employer,OTHER
506,519,254,1034,388,1065,identification,134,31,identification,OTHER
521,526,394,1033,476,1064,number,82,31,number,OTHER
528,532,482,1031,553,1062,(ein),71,31,(ein),OTHER
608,613,1449,1037,1532,1064,"wages,",83,27,"wages,",OTHER
615,619,1537,1037,1585,1064,"tips,",48,27,"tips,",OTHER
621,625,1590,1037,1644,1064,other,54,27,other,OTHER
627,638,1649,1035,1804,1064,compensation,155,29,compensation,OTHER
661,667,2002,1036,2086,1064,federal,84,28,federal,OTHER
669,674,2091,1034,2170,1064,income,79,30,income,OTHER
676,678,2175,1033,2210,1063,tax,35,30,tax,OTHER
680,687,2214,1031,2302,1062,withheld,88,31,withheld,OTHER
698,706,222,1073,452,1106,41-360597,230,33,41-360597,einEmployerIdentificationNumber
805,809,1476,1071,1599,1104,51899,123,33,51899,OTHER
811,811,1611,1073,1629,1105,.,18,32,.,OTHER
813,814,1633,1072,1677,1105,58,44,33,58,box1WagesTipsAndOtherCompensations
854,858,1976,1071,2104,1107,13737,128,36,13737,box2FederalIncomeTaxWithheld
860,860,2110,1071,2129,1107,.,19,36,.,box2FederalIncomeTaxWithheld
862,863,2135,1071,2181,1108,15,46,37,15,box2FederalIncomeTaxWithheld
865,865,118,1122,141,1156,c,23,34,c,OTHER
867,876,148,1123,265,1157,employer's,117,34,employer's,OTHER
878,882,270,1125,341,1157,"name,",71,32,"name,",OTHER
884,891,346,1125,439,1157,"address,",93,32,"address,",OTHER
893,895,444,1124,487,1157,and,43,33,and,OTHER
897,899,492,1124,530,1157,zip,38,33,zip,OTHER
901,904,536,1122,589,1157,code,53,35,code,OTHER
979,984,1451,1127,1514,1159,social,63,32,social,OTHER
986,993,1520,1126,1603,1159,security,83,33,security,OTHER
995,999,1609,1125,1678,1159,wages,69,34,wages,OTHER
1031,1036,2005,1127,2071,1155,social,66,28,social,OTHER
1038,1045,2076,1125,2158,1155,security,82,30,security,OTHER
1047,1049,2162,1125,2199,1155,tax,37,30,tax,OTHER
1051,1058,2203,1122,2297,1155,withheld,94,33,withheld,OTHER
1069,1084,218,1167,633,1208,greene-armstrong,415,41,greene-armstrong,employerName
1086,1088,662,1167,738,1212,inc,76,45,inc,employerName
1175,1179,1476,1165,1601,1200,39810,125,35,39810,box3SocialSecurityWages
1181,1181,1609,1165,1628,1201,.,19,36,.,OTHER
1183,1184,1634,1165,1680,1204,38,46,39,38,box3SocialSecurityWages
1224,1227,1978,1167,2075,1202,3045,97,35,3045,box4SocialSecurityTaxWithheld
1229,1229,2082,1167,2102,1203,.,20,36,.,box4SocialSecurityTaxWithheld
1231,1232,2108,1166,2154,1204,49,46,38,49,box4SocialSecurityTaxWithheld
1243,1247,217,1221,351,1264,86136,134,43,86136,employerAddressStreet_name
1249,1254,371,1225,534,1264,garcia,163,39,garcia,employerAddressStreet_name
1256,1262,554,1227,733,1266,prairie,179,39,prairie,employerAddressStreet_name
1347,1354,1448,1208,1546,1247,medicare,98,39,medicare,OTHER
1356,1360,1553,1213,1624,1248,wages,71,35,wages,OTHER
1362,1364,1631,1213,1669,1247,and,38,34,and,OTHER
1366,1369,1675,1211,1711,1246,tips,36,35,tips,OTHER
1399,1406,2002,1212,2103,1246,medicare,101,34,medicare,OTHER
1408,1410,2109,1213,2142,1247,tax,33,34,tax,OTHER
1412,1419,2148,1213,2238,1250,withheld,90,37,withheld,OTHER
1538,1542,1479,1253,1602,1295,67405,123,42,67405,OTHER
1544,1544,1608,1257,1624,1295,.,16,38,.,OTHER
1546,1547,1631,1257,1684,1296,22,53,39,22,OTHER
1596,1599,2098,1255,2197,1292,1954,99,37,1954,OTHER
1601,1601,2203,1255,2224,1292,.,21,37,.,OTHER
1603,1604,2229,1254,2275,1292,75,46,38,75,OTHER
1615,1626,215,1285,527,1325,williamsport,312,40,williamsport,employerAddressCity
1648,1649,605,1288,654,1320,nh,49,32,nh,employerAddressState
1665,1674,791,1283,1048,1325,92057-2012,257,42,92057-2012,employerAddressZip
1772,1780,2003,1297,2103,1332,allocated,100,35,allocated,OTHER
1782,1785,1607,1299,1656,1336,tips,49,37,tips,OTHER
1900,1905,1449,1300,1516,1334,social,67,34,social,OTHER
1907,1914,1522,1299,1601,1334,security,79,35,security,OTHER
1916,1919,2108,1297,2155,1331,tips,47,34,tips,OTHER
2037,2041,1478,1345,1601,1383,39810,123,38,39810,OTHER
2043,2043,1608,1347,1627,1384,.,19,37,.,OTHER
2045,2046,1634,1348,1677,1384,38,43,36,38,OTHER
2097,2102,2103,1345,2246,1384,67405.,143,39,67405.,OTHER
2104,2105,2254,1345,2297,1384,22,43,39,22,OTHER
2108,2108,120,1393,141,1422,d,21,29,d,OTHER
2110,2116,148,1394,227,1423,control,79,29,control,OTHER
2118,2123,232,1395,322,1423,number,90,28,number,OTHER
2220,2231,1449,1394,1568,1427,verification,119,33,verification,OTHER
2233,2236,1573,1392,1631,1421,code,58,29,code,OTHER
2267,2268,1934,1394,1959,1418,10,25,24,10,OTHER
2270,2278,2004,1394,2126,1423,dependent,122,29,dependent,OTHER
2280,2283,2130,1393,2177,1422,care,47,29,care,OTHER
2285,2292,2183,1391,2271,1421,benefits,88,30,benefits,OTHER
2303,2303,218,1435,240,1464,8,22,29,8,OTHER
2305,2305,245,1435,265,1465,!,20,30,!,OTHER
2469,2471,2098,1439,2167,1472,242,69,33,242,OTHER
2474,2474,118,1486,136,1513,e,18,27,e,OTHER
2476,2485,148,1486,271,1513,employee's,123,27,employee's,OTHER
2487,2491,276,1487,317,1513,first,41,26,first,OTHER
2493,2496,321,1486,384,1513,name,63,27,name,OTHER
2498,2500,388,1484,430,1512,and,42,28,and,OTHER
2502,2508,434,1481,497,1511,initial,63,30,initial,OTHER
2517,2520,626,1485,674,1511,last,48,26,last,OTHER
2522,2525,678,1485,742,1510,name,64,25,name,OTHER
2572,2576,1301,1478,1361,1512,suff.,60,34,suff.,OTHER
2578,2579,1380,1477,1412,1511,11,32,34,11,OTHER
2581,2592,1450,1483,1583,1514,nonqualified,133,31,nonqualified,OTHER
2594,2598,1588,1483,1656,1513,plans,68,30,plans,OTHER
2634,2636,1934,1483,1974,1513,12a,40,30,12a,OTHER
2638,2640,2007,1485,2050,1512,see,43,27,see,OTHER
2642,2653,2054,1484,2196,1513,instructions,142,29,instructions,OTHER
2655,2657,2200,1484,2233,1513,for,33,29,for,OTHER
2659,2661,2236,1483,2285,1512,box,49,29,box,OTHER
2663,2664,2290,1483,2310,1511,12,20,28,12,OTHER
2784,2786,1479,1544,1549,1573,106,70,29,106,OTHER
2834,2834,2018,1541,2036,1568,b,18,27,b,OTHER
2843,2846,2098,1540,2182,1575,9982,84,35,9982,OTHER
2857,2860,219,1577,324,1609,lisa,105,32,lisa,OTHER
2882,2886,482,1574,617,1611,smith,135,37,smith,employeeName
3008,3009,1933,1587,1961,1619,12,28,32,12,OTHER
3119,3120,1377,1590,1409,1620,13,32,30,13,OTHER
3122,3130,1415,1589,1503,1619,statutory,88,30,statutory,OTHER
3133,3142,1582,1593,1682,1623,retirement,100,30,retirement,OTHER
3152,3162,1751,1592,1843,1619,third-party,92,27,third-party,OTHER
3274,3281,1413,1621,1494,1646,employee,81,25,employee,OTHER
3286,3289,1578,1622,1626,1653,plan,48,31,plan,OTHER
3304,3307,1747,1623,1779,1652,sick,32,29,sick,OTHER
3309,3311,1784,1622,1820,1651,pay,36,29,pay,OTHER
3323,3326,223,1656,334,1694,4213,111,38,4213,OTHER
3328,3331,370,1657,476,1695,jose,106,38,jose,OTHER
3333,3337,505,1657,648,1695,mills,143,38,mills,OTHER
3424,3424,1427,1655,1456,1698,x,29,43,x,OTHER
3453,3453,1762,1655,1788,1692,x,26,37,x,OTHER
3490,3492,2101,1653,2168,1686,686,67,33,686,OTHER
3504,3507,216,1718,337,1761,west,121,43,west,OTHER
3509,3521,363,1718,744,1762,gabriellefurt,381,44,gabriellefurt,OTHER
3556,3557,829,1719,887,1762,il,58,43,il,OTHER
3559,3568,919,1718,1204,1762,73704-7781,285,44,73704-7781,OTHER
3601,3602,1376,1704,1415,1740,14,39,36,14,OTHER
3604,3608,1448,1703,1507,1735,other,59,32,other,OTHER
3654,3655,1936,1707,1966,1734,12,30,27,12,OTHER
3825,3825,2015,1766,2035,1795,p,20,29,p,OTHER
3827,3829,2097,1764,2171,1800,268,74,36,268,OTHER
3999,4000,2001,1878,2047,1906,bb,46,28,bb,OTHER
4002,4004,2097,1876,2163,1911,153,66,35,153,OTHER
4006,4006,115,1933,135,1964,1,20,31,1,OTHER
4008,4017,149,1930,272,1963,employee's,123,33,employee's,OTHER
4019,4025,277,1930,366,1960,address,89,30,address,OTHER
4027,4029,371,1931,412,1960,and,41,29,and,OTHER
4031,4033,417,1931,454,1960,zip,37,29,zip,OTHER
4035,4038,459,1932,520,1961,code,61,29,code,OTHER
4041,4042,110,1954,137,1990,15,27,36,15,OTHER
4044,4048,149,1950,209,1991,state,60,41,state,OTHER
4050,4059,260,1961,379,1992,employer's,119,31,employer's,OTHER
4061,4065,384,1961,436,1992,state,52,31,state,OTHER
4067,4068,441,1960,466,1992,id,25,32,id,OTHER
4070,4075,471,1957,562,1994,number,91,37,number,OTHER
4096,4097,755,1955,790,1993,16,35,38,16,OTHER
4099,4103,796,1956,849,1995,state,53,39,state,OTHER
4105,4110,856,1957,933,1996,"wages,",77,39,"wages,",OTHER
4112,4116,939,1957,986,1996,"tips,",47,39,"tips,",OTHER
4118,4121,992,1955,1039,1995,etc.,47,40,etc.,OTHER
4125,4126,1123,1953,1154,1994,17,31,41,17,OTHER
4128,4132,1161,1955,1215,1995,state,54,40,state,OTHER
4134,4139,1222,1956,1300,1995,income,78,39,income,OTHER
4141,4143,1306,1954,1351,1992,tax,45,38,tax,OTHER
4156,4157,1480,1954,1508,1992,18,28,38,18,OTHER
4159,4163,1514,1956,1573,1994,local,59,38,local,OTHER
4165,4170,1579,1958,1655,1994,"wages,",76,36,"wages,",OTHER
4172,4176,1661,1959,1706,1994,"tips,",45,35,"tips,",OTHER
4178,4181,1711,1959,1757,1993,etc.,46,34,etc.,OTHER
4195,4196,1864,1959,1898,1995,19,34,36,19,OTHER
4198,4202,1903,1959,1961,1994,local,58,35,local,OTHER
4204,4209,1967,1960,2046,1993,income,79,33,income,OTHER
4211,4213,2051,1961,2088,1993,tax,37,32,tax,OTHER
4225,4226,2221,1961,2253,1993,20,32,32,20,OTHER
4228,4235,2258,1961,2341,1993,locality,83,32,locality,OTHER
4237,4240,2345,1961,2416,1992,name,71,31,name,OTHER
4244,4245,126,2000,184,2036,wi,58,36,wi,OTHER
4261,4270,352,2001,612,2040,619-85-554,260,39,619-85-554,OTHER
4298,4302,754,1999,880,2041,24571,126,42,24571,box16StateWagesTips
4304,4304,887,2000,902,2041,.,15,41,.,box16StateWagesTips
4306,4307,909,2000,967,2041,09,58,41,09,box16StateWagesTips
4327,4331,1123,2001,1247,2043,1296.,124,42,1296.,box17StateIncomeTax
4333,4334,1253,2001,1307,2042,39,54,41,39,box17StateIncomeTax
4358,4363,1478,1999,1626,2039,46560.,148,40,46560.,OTHER
4365,4366,1633,2001,1674,2039,19,41,38,19,OTHER
4397,4400,1866,2000,1965,2041,8125,99,41,8125,OTHER
4402,4402,1972,2004,1992,2042,.,20,38,.,OTHER
4404,4405,1998,2004,2047,2042,76,49,38,76,OTHER
4427,4433,2220,2014,2317,2042,patrick,97,28,patrick,OTHER
4435,4443,2323,2014,2450,2042,mountains,127,28,mountains,OTHER
4447,4448,129,2092,174,2127,az,45,35,az,OTHER
4467,4476,351,2087,608,2127,494-40-028,257,40,494-40-028,OTHER
4502,4506,755,2088,881,2132,24039,126,44,24039,OTHER
4508,4510,888,2088,953,2129,.58,65,41,.58,OTHER
4531,4534,1121,2087,1221,2132,1337,100,45,1337,OTHER
4536,4536,1227,2086,1245,2130,.,18,44,.,OTHER
4538,4539,1252,2084,1299,2129,67,47,45,67,OTHER
4561,4566,1476,2088,1625,2131,57203.,149,43,57203.,OTHER
4568,4569,1632,2088,1678,2127,39,46,39,39,OTHER
4601,4604,1863,2090,1966,2128,9861,103,38,9861,OTHER
4606,4606,1972,2090,1987,2128,.,15,38,.,OTHER
4608,4609,1994,2090,2035,2130,03,41,40,03,OTHER
4631,4637,2222,2098,2344,2130,allison,122,32,allison,OTHER
4639,4643,2358,2098,2441,2134,ports,83,36,ports,OTHER
4668,4671,364,2147,482,2189,wage,118,42,wage,OTHER
4673,4675,488,2147,575,2190,and,87,43,and,OTHER
4677,4679,581,2148,650,2190,tax,69,42,tax,OTHER
4730,4733,1142,2149,1408,2242,2018,266,93,2018,taxYear
4786,4795,1755,2156,1904,2192,department,149,36,department,OTHER
4797,4798,1910,2158,1936,2192,of,26,34,of,OTHER
4800,4802,1942,2158,1987,2192,the,45,34,the,OTHER
4804,4821,1993,2158,2221,2192,treasury--internal,228,34,treasury--internal,OTHER
4823,4829,2226,2158,2346,2192,revenue,120,34,revenue,OTHER
4831,4837,2350,2158,2452,2191,service,102,33,service,OTHER
4839,4842,104,2213,166,2249,form,62,36,form,OTHER
4844,4846,181,2214,239,2249,w-2,58,35,w-2,OTHER
4857,4865,361,2203,573,2249,statement,212,46,statement,OTHER
4868,4871,108,2254,183,2291,copy,75,37,copy,OTHER
4873,4877,189,2255,273,2291,b--to,84,36,b--to,OTHER
4879,4880,279,2255,319,2291,be,40,36,be,OTHER
4882,4886,326,2255,403,2291,filed,77,36,filed,OTHER
4888,4891,409,2256,476,2291,with,67,35,with,OTHER
4893,4902,482,2256,657,2292,employee's,175,36,employee's,OTHER
4904,4910,663,2257,816,2293,federal,153,36,federal,OTHER
4912,4914,822,2257,877,2293,tax,55,36,tax,OTHER
4916,4921,883,2257,989,2294,return,106,37,return,OTHER
4923,4926,103,2296,161,2330,this,58,34,this,OTHER
4928,4938,167,2297,329,2330,information,162,33,information,OTHER
4940,4941,335,2298,359,2330,is,24,32,is,OTHER
4943,4947,366,2298,447,2330,being,81,32,being,OTHER
4949,4957,454,2299,586,2330,furnished,132,31,furnished,OTHER
4959,4960,593,2299,622,2330,to,29,31,to,OTHER
4962,4964,628,2299,674,2331,the,46,32,the,OTHER
4966,4973,681,2298,789,2331,internal,108,33,internal,OTHER
4975,4981,795,2298,926,2331,revenue,131,33,revenue,OTHER
4983,4990,931,2297,1045,2331,service.,114,34,service.,OTHER
