start_index,end_index,x_top_left,y_top_left,x_bottom_right,y_bottom_right,transcript,box_width,box_height,combined_text,predicted_field
0,0,1373,924,1451,952,300442.72,78,28,300442.72,OTHER
0,0,1681,995,1751,1023,214777.87,70,28,214777.87,OTHER
105,108,1035,253,1156,305,2018,121,52,2018,OTHER
128,130,1171,254,1276,306,w-2,105,52,w-2,OTHER
145,147,1288,255,1389,307,and,101,52,and,OTHER
165,172,1401,255,1691,307,earnings,290,52,earnings,OTHER
194,200,1709,253,1996,306,summary,287,53,summary,OTHER
256,258,2225,245,2311,291,adp,86,46,adp,OTHER
277,284,222,317,318,344,employee,96,27,employee,OTHER
298,306,393,313,498,346,reference,105,33,reference,OTHER
312,315,592,316,643,342,copy,51,26,copy,OTHER
357,359,964,314,1006,344,his,42,30,his,OTHER
361,364,1010,314,1071,343,blue,61,29,blue,OTHER
366,373,1076,314,1197,343,earnings,121,29,earnings,OTHER
375,381,1201,314,1328,342,summary,127,28,summary,OTHER
383,389,1333,314,1428,342,section,95,28,section,OTHER
391,392,1433,314,1459,342,is,26,28,is,OTHER
394,401,1464,314,1577,342,included,113,28,included,OTHER
403,406,1582,314,1638,342,with,56,28,with,OTHER
408,411,1644,314,1704,342,your,60,28,your,OTHER
413,415,1709,314,1766,342,w-2,57,28,w-2,OTHER
417,418,1771,314,1799,343,to,28,29,to,OTHER
420,423,1804,313,1864,343,help,60,30,help,OTHER
425,432,1873,313,1984,344,describe,111,31,describe,OTHER
434,441,1989,313,2096,344,portions,107,31,portions,OTHER
443,444,2101,312,2126,345,in,25,33,in,OTHER
446,449,2132,312,2204,346,more,72,34,more,OTHER
451,457,2213,312,2287,346,detail.,74,34,detail.,OTHER
489,492,329,351,386,376,wage,57,25,wage,OTHER
494,496,428,346,465,370,and,37,24,and,OTHER
498,500,507,346,545,372,tax,38,26,tax,OTHER
555,556,965,344,1000,371,he,35,27,he,OTHER
558,564,1005,344,1107,371,reverse,102,27,reverse,OTHER
566,569,1114,343,1171,370,side,57,27,side,OTHER
571,578,1176,343,1289,370,includes,113,27,includes,OTHER
580,586,1294,343,1395,370,general,101,27,general,OTHER
588,598,1399,343,1548,370,information,149,27,information,OTHER
600,603,1554,343,1608,370,that,54,27,that,OTHER
605,607,1612,343,1661,370,you,49,27,you,OTHER
609,611,1667,343,1726,370,may,59,27,may,OTHER
613,616,1732,343,1787,370,also,55,27,also,OTHER
618,621,1794,343,1844,370,find,50,27,find,OTHER
623,630,1848,343,1946,370,helpful.,98,27,helpful.,OTHER
635,637,112,381,169,417,n-2,57,36,n-2,OTHER
662,670,324,371,404,396,statement,80,25,statement,OTHER
680,683,582,386,666,418,2018,84,32,2018,taxYear
686,689,99,432,135,458,copy,36,26,copy,OTHER
691,691,137,431,149,455,c,12,24,c,OTHER
693,695,151,431,172,455,for,21,24,for,OTHER
697,706,175,431,250,455,employee's,75,24,employee's,OTHER
708,715,252,432,320,460,records.,68,28,records.,OTHER
732,734,564,422,596,448,dmb,32,26,dmb,OTHER
736,738,599,422,625,447,no.,26,25,no.,OTHER
740,748,629,422,708,448,1545-0008,79,26,1545-0008,OTHER
789,790,1025,425,1048,455,1.,23,30,1.,OTHER
792,794,1052,425,1096,455,the,44,30,the,OTHER
796,804,1100,425,1212,455,following,112,30,following,OTHER
806,816,1216,424,1353,454,information,137,30,information,OTHER
818,825,1357,424,1448,455,reflects,91,31,reflects,OTHER
827,830,1452,424,1507,455,your,55,31,your,OTHER
832,836,1512,424,1565,455,final,53,31,final,OTHER
838,841,1569,424,1625,455,2018,56,31,2018,OTHER
843,845,1629,424,1675,455,pay,46,31,pay,OTHER
847,850,1680,424,1733,455,stub,53,31,stub,OTHER
852,855,1737,424,1791,455,plus,54,31,plus,OTHER
857,859,1795,424,1839,455,any,44,31,any,OTHER
861,871,1844,424,1990,456,adjustments,146,32,adjustments,OTHER
873,881,1994,424,2113,456,submitted,119,32,submitted,OTHER
883,884,2118,425,2148,456,by,30,31,by,OTHER
886,889,2153,425,2210,457,your,57,32,your,OTHER
891,899,2214,425,2337,457,employer.,123,32,employer.,OTHER
902,902,99,449,118,475,d,19,26,d,OTHER
904,910,130,449,184,475,control,54,26,control,OTHER
912,917,187,445,257,475,number,70,30,number,OTHER
919,923,306,449,347,487,dept.,41,38,dept.,OTHER
925,926,350,460,379,489,50,29,29,50,OTHER
953,960,614,449,677,479,emplover,63,30,emplover,OTHER
962,964,682,450,707,479,use,25,29,use,OTHER
966,969,712,452,752,484,only,40,32,only,OTHER
971,972,757,458,779,488,36,22,30,36,OTHER
974,980,98,473,174,499,5001751,76,26,5001751,OTHER
1021,1021,561,465,584,496,a,23,31,a,OTHER
1085,1089,1102,472,1144,499,gross,42,27,gross,OTHER
1091,1093,1148,468,1181,498,pay,33,30,pay,OTHER
1101,1108,1262,469,1323,495,300442.7,61,26,300442.7,OTHER
1130,1137,1638,465,1707,493,15945.46,69,28,15945.46,OTHER
1147,1149,1835,475,1852,496,ia.,17,21,ia.,OTHER
1151,1155,1856,475,1892,497,state,36,22,state,OTHER
1157,1162,1896,473,1953,497,income,57,24,income,OTHER
1164,1165,1956,472,1973,496,ta,17,24,ta,OTHER
1167,1172,2069,465,2120,494,8467.4,51,29,8467.4,OTHER
1315,1317,1458,488,1480,515,tax,22,27,tax,OTHER
1319,1326,1484,485,1561,515,withheld,77,30,withheld,OTHER
1348,1350,1840,497,1865,521,box,25,24,box,OTHER
1352,1353,1868,497,1887,521,17,19,24,17,OTHER
1354,1359,1878,513,1937,537,income,59,24,income,OTHER
1543,1544,1890,497,1904,520,of,14,23,of,OTHER
1546,1548,1907,498,1945,521,w-2,38,23,w-2,OTHER
1549,1550,1939,514,1956,538,ta,17,24,ta,OTHER
1557,1566,133,513,213,543,employer's,80,30,employer's,OTHER
1568,1572,218,513,265,543,"name,",47,30,"name,",OTHER
1574,1581,269,514,334,543,"address,",65,29,"address,",OTHER
1583,1585,338,514,366,542,and,28,28,and,OTHER
1587,1589,369,514,393,541,zip,24,27,zip,OTHER
1591,1594,397,514,441,540,code,44,26,code,OTHER
1693,1695,1458,509,1482,537,box,24,28,box,OTHER
1697,1697,1485,509,1496,536,4,11,27,4,OTHER
1699,1700,1499,509,1513,535,of,14,26,of,OTHER
1702,1704,1516,509,1555,536,w-2,39,27,w-2,OTHER
1725,1729,1835,512,1875,535,local,40,23,local,OTHER
1745,1752,2070,508,2139,540,22015.33,69,32,22015.33,OTHER
1761,1773,152,535,328,564,ortega-hayden,176,29,ortega-hayden,employerName
1775,1777,335,537,384,564,and,49,27,and,employerName
1779,1782,388,536,441,563,sons,53,27,sons,employerName
1927,1929,1836,532,1864,561,box,28,29,box,OTHER
1931,1932,1868,531,1887,560,19,19,29,19,OTHER
1934,1935,1891,532,1903,560,of,12,28,of,OTHER
1937,1938,1907,533,1927,560,w-,20,27,w-,OTHER
1940,1940,1929,534,1941,561,2,12,27,2,OTHER
1949,1952,154,566,211,597,5540,57,31,5540,employerAddressStreet_name
1954,1957,217,566,280,596,best,63,30,best,employerAddressStreet_name
1959,1964,285,566,370,596,spring,85,30,spring,employerAddressStreet_name
1966,1969,375,568,439,595,apt.,64,27,apt.,employerAddressStreet_name
2054,2057,1102,568,1132,595,fed.,30,27,fed.,OTHER
2059,2064,1136,568,1199,594,income,63,26,income,OTHER
2068,2075,1256,566,1330,591,69719.39,74,25,69719.39,OTHER
2082,2089,1453,567,1520,595,medicare,67,28,medicare,OTHER
2091,2093,1524,566,1550,593,tax,26,27,tax,OTHER
2101,2107,1668,565,1730,590,6065.84,62,25,6065.84,OTHER
2118,2126,158,593,278,624,laurafurt,120,31,laurafurt,employerAddressCity
2128,2129,284,592,316,624,in,32,32,in,employerAddressState
2131,2140,349,589,479,623,40913-5681,130,34,40913-5681,employerAddressZip
2220,2222,1100,592,1129,619,tax,29,27,tax,OTHER
2224,2231,1131,591,1199,618,withheld,68,27,withheld,OTHER
2250,2257,1454,592,1530,618,withheld,76,26,withheld,OTHER
2372,2374,1106,615,1129,642,box,23,27,box,OTHER
2376,2376,1133,617,1142,644,2,9,27,2,OTHER
2378,2379,1146,618,1161,644,of,15,26,of,OTHER
2381,2383,1165,618,1194,644,w-2,29,26,w-2,OTHER
2399,2401,1453,612,1483,642,box,30,30,box,OTHER
2403,2403,1486,616,1496,642,6,10,26,6,OTHER
2405,2406,1498,616,1514,643,of,16,27,of,OTHER
2408,2409,1516,615,1535,643,w-,19,28,w-,OTHER
2411,2411,1538,614,1558,642,2,20,28,2,OTHER
2433,2435,1843,614,1865,640,box,22,26,box,OTHER
2437,2438,1869,613,1887,640,14,18,27,14,OTHER
2440,2441,1890,614,1905,642,of,15,28,of,OTHER
2443,2444,1908,616,1929,645,w-,21,29,w-,OTHER
2483,2487,407,683,475,712,batch,68,29,batch,OTHER
2515,2520,589,678,673,710,#02021,84,32,#02021,OTHER
2522,2524,98,728,128,754,eff,30,26,eff,OTHER
2526,2534,132,728,216,755,employees,84,27,employees,OTHER
2536,2540,218,728,265,756,name.,47,28,name.,OTHER
2542,2548,267,728,329,756,address,62,28,address,OTHER
2550,2552,331,729,361,756,and,30,27,and,OTHER
2554,2556,363,729,389,756,zip,26,27,zip,OTHER
2558,2561,392,729,438,755,code,46,26,code,OTHER
2667,2668,1023,753,1047,781,2.,24,28,2.,OTHER
2670,2673,1052,753,1112,782,your,60,29,your,OTHER
2675,2679,1118,753,1187,782,gross,69,29,gross,OTHER
2681,2683,1192,754,1236,783,pay,44,29,pay,OTHER
2685,2687,1241,754,1291,783,was,50,29,was,OTHER
2689,2696,1296,754,1399,783,adjusted,103,29,adjusted,OTHER
2698,2699,1403,754,1431,783,as,28,29,as,OTHER
2701,2707,1436,753,1523,783,follows,87,30,follows,OTHER
2709,2710,1527,753,1554,783,to,27,30,to,OTHER
2712,2718,1558,753,1659,783,produce,101,30,produce,OTHER
2720,2723,1663,752,1718,783,your,55,31,your,OTHER
2725,2727,1721,752,1772,782,w-2,51,30,w-2,OTHER
2729,2738,1776,751,1898,782,statement.,122,31,statement.,OTHER
2747,2753,153,785,252,815,candice,99,30,candice,employeeName
2754,2758,284,784,346,812,ayala,62,28,ayala,OTHER
2768,2771,168,811,225,841,1360,57,30,1360,OTHER
2773,2779,233,811,331,840,stewart,98,29,stewart,OTHER
2781,2783,335,812,382,841,run,47,29,run,OTHER
2905,2910,1333,817,1390,844,"wages,",57,27,"wages,",OTHER
2912,2916,1394,816,1430,844,"tips,",36,28,"tips,",OTHER
2918,2921,1434,814,1464,842,othe,30,28,othe,OTHER
2929,2934,1581,815,1625,845,social,44,30,social,OTHER
2936,2940,1630,813,1673,843,secur,43,30,secur,OTHER
2943,2948,1679,813,1729,841,medica,50,28,medica,OTHER
2963,2963,1841,814,1850,843,a,9,29,a,OTHER
2965,2969,1855,811,1891,843,state,36,32,state,OTHER
2971,2975,1896,808,1943,841,wages,47,33,wages,OTHER
2977,2977,1947,807,1963,839,",",16,32,",",OTHER
2979,2986,1992,811,2060,841,benjamin,68,30,benjamin,OTHER
2988,2996,2064,811,2150,844,extension,86,33,extension,OTHER
3005,3008,152,839,213,871,east,61,32,east,OTHER
3010,3020,218,839,369,872,brandonfort,151,33,brandonfort,OTHER
3022,3023,373,839,408,872,mt,35,33,mt,OTHER
3025,3034,414,839,553,871,29861-5438,139,32,29861-5438,OTHER
3144,3146,1334,857,1362,887,box,28,30,box,OTHER
3148,3148,1367,856,1376,886,1,9,30,1,OTHER
3150,3151,1381,856,1395,887,of,14,31,of,OTHER
3153,3153,1400,857,1408,887,w,8,30,w,OTHER
3155,3155,1414,858,1414,887,-,0,29,-,OTHER
3157,3157,1420,858,1437,887,2,17,29,2,OTHER
3168,3172,1582,841,1644,871,wages,62,30,wages,OTHER
3173,3177,1679,829,1742,860,waves,63,31,waves,OTHER
3201,3203,1836,856,1864,886,box,28,30,box,OTHER
3205,3206,1868,855,1886,886,16,18,31,16,OTHER
3208,3209,1627,860,1640,892,of,13,32,of,OTHER
3211,3211,1643,860,1655,891,w,12,31,w,OTHER
3213,3213,1658,860,1661,891,-,3,31,-,OTHER
3215,3215,1664,860,1676,891,2,12,31,2,OTHER
3217,3221,1992,840,2032,868,local,40,28,local,OTHER
3223,3228,2036,840,2090,867,"wages,",54,27,"wages,",OTHER
3398,3400,1580,860,1610,893,box,30,33,box,OTHER
3402,3402,1614,860,1623,892,3,9,32,3,OTHER
3404,3405,1726,860,1741,890,of,15,30,of,OTHER
3407,3407,1745,860,1753,890,w,8,30,w,OTHER
3409,3409,1757,860,1760,890,-,3,30,-,OTHER
3411,3411,1764,860,1781,890,2,17,30,2,OTHER
3413,3415,1679,860,1707,891,box,28,31,box,OTHER
3417,3417,1711,860,1722,890,5,11,30,5,OTHER
3419,3420,1890,856,1904,888,of,14,32,of,OTHER
3422,3422,1908,858,1918,890,w,10,32,w,OTHER
3424,3424,1922,860,1924,891,-,2,31,-,OTHER
3426,3426,1928,860,1940,893,2,12,33,2,OTHER
3450,3452,1993,873,2022,904,box,29,31,box,OTHER
3454,3455,2025,877,2043,906,18,18,29,18,OTHER
3457,3458,2047,878,2059,906,of,12,28,of,OTHER
3460,3461,2063,878,2083,905,we,20,27,we,OTHER
3466,3475,134,905,216,931,employer's,82,26,employer's,OTHER
3477,3479,219,905,252,931,fed,33,26,fed,OTHER
3481,3482,255,905,271,931,id,16,26,id,OTHER
3484,3489,275,905,333,932,number,58,27,number,OTHER
3504,3504,406,903,426,933,a,20,30,a,OTHER
3506,3515,434,903,521,932,employee's,87,29,employee's,OTHER
3517,3519,525,903,555,932,ssa,30,29,ssa,OTHER
3521,3526,559,905,631,938,number,72,33,number,OTHER
3534,3543,151,920,257,951,13-0885820,106,31,13-0885820,einEmployerIdentificationNumber
3591,3601,561,918,663,951,442-19-5090,102,33,442-19-5090,ssnOfEmployee
3638,3643,1071,926,1140,961,tgross,69,35,tgross,OTHER
3645,3647,1145,926,1174,952,pay,29,26,pay,OTHER
3677,3684,1998,917,2059,945,300442.7,61,28,300442.7,OTHER
3685,3685,1180,1674,1203,1708,2,23,34,2,OTHER
3696,3699,1581,932,1625,960,8579,44,28,8579,OTHER
3701,3704,1679,938,1723,965,8519,44,27,8519,OTHER
3708,3715,1686,923,1749,947,300442.7,63,24,300442.7,OTHER
3732,3739,1842,923,1903,951,300442.7,61,28,300442.7,OTHER
3749,3749,411,1379,415,1413,3,4,34,3,OTHER
3750,3750,413,1207,432,1234,0,19,27,0,OTHER
3752,3752,620,1029,626,1058,4,6,29,4,OTHER
3753,3753,108,1326,122,1348,4,14,22,4,OTHER
3754,3754,906,2778,913,2804,2,7,26,2,OTHER
3755,3755,311,960,319,989,.,8,29,.,OTHER
3763,3768,134,963,187,989,"wages,",53,26,"wages,",OTHER
3770,3774,189,962,225,989,"tips,",36,27,"tips,",OTHER
3776,3780,228,961,269,989,other,41,28,other,OTHER
3782,3785,271,961,309,989,comp,38,28,comp,OTHER
3787,3787,602,1109,606,1131,.,4,22,.,OTHER
3801,3807,434,957,488,990,federal,54,33,federal,OTHER
3809,3814,492,959,547,991,income,55,32,income,OTHER
3816,3818,550,961,575,991,tax,25,30,tax,OTHER
3820,3827,578,962,644,990,withheld,66,28,withheld,OTHER
3904,3907,1335,948,1377,973,8619,42,25,8619,OTHER
3926,3928,1581,956,1616,984,nia,35,28,nia,OTHER
3960,3962,1835,957,1876,992,585,41,35,585,OTHER
3977,3980,1992,946,2032,969,8519,40,23,8519,OTHER
4201,4203,1990,961,2025,987,,35,26,,OTHER
4210,4215,151,980,209,1007,214777,58,27,214777,box1WagesTipsAndOtherCompensations
4217,4219,210,974,249,1004,.87,39,30,.87,box1WagesTipsAndOtherCompensations
4265,4270,561,978,617,1006,69719.,56,28,69719.,box2FederalIncomeTaxWithheld
4272,4273,618,979,648,1006,39,30,27,39,box2FederalIncomeTaxWithheld
4308,4311,1022,966,1057,993,less,35,27,less,OTHER
4313,4315,1061,965,1082,991,401,21,26,401,OTHER
4317,4319,1087,964,1106,990,(k),19,26,(k),OTHER
4321,4326,1110,962,1160,989,(d-box,50,27,(d-box,OTHER
4328,4329,1164,961,1183,987,2),19,26,2),OTHER
4350,4357,1333,973,1399,1007,69719.39,66,34,69719.39,OTHER
4380,4387,1679,978,1743,1006,69719.39,64,28,69719.39,OTHER
4426,4432,1999,978,2053,1004,9719.39,54,26,9719.39,OTHER
4538,4545,1022,1000,1089,1026,reported,67,26,reported,OTHER
4547,4549,1094,999,1121,1026,w-2,27,27,w-2,OTHER
4551,4555,1126,994,1181,1024,wages,55,30,wages,OTHER
4580,4584,1836,990,1875,1019,21477,39,29,21477,OTHER
4585,4588,1880,992,1909,1020,7.87,29,28,7.87,OTHER
4603,4610,1590,993,1664,1023,14777.87,74,30,14777.87,OTHER
4612,4620,1336,997,1405,1030,214777.87,69,33,214777.87,OTHER
4636,4636,1719,2778,1726,2805,2,7,27,2,OTHER
4637,4637,107,1265,123,1288,1,16,23,1,OTHER
4638,4638,406,1715,429,1753,4,23,38,4,OTHER
4643,4643,471,1382,477,1416,.,6,34,.,OTHER
4644,4644,609,1109,619,1132,8,10,23,8,OTHER
4651,4656,134,1025,178,1055,social,44,30,social,OTHER
4658,4665,182,1023,241,1054,security,59,31,security,OTHER
4667,4671,245,1017,297,1049,wages,52,32,wages,OTHER
4690,4695,435,1018,481,1049,social,46,31,social,OTHER
4697,4704,484,1019,542,1052,security,58,33,security,OTHER
4706,4708,544,1023,568,1053,tax,24,30,tax,OTHER
4710,4713,570,1025,599,1056,will,29,31,will,OTHER
4715,4716,601,1027,619,1057,be,18,30,be,box4SocialSecurityTaxWithheld
4718,4718,1994,1716,2016,1749,4,22,33,4,OTHER
4720,4720,628,1029,640,1059,5,12,30,5,box4SocialSecurityTaxWithheld
4728,4735,140,1089,199,1118,medicare,59,29,medicare,OTHER
4737,4741,203,1088,251,1114,wages,48,26,wages,OTHER
4743,4745,256,1087,283,1111,and,27,24,and,OTHER
4747,4750,287,1087,327,1110,tips,40,23,tips,OTHER
4767,4774,433,1088,503,1115,medicare,70,27,medicare,OTHER
4776,4778,504,1088,528,1114,tax,24,26,tax,OTHER
4780,4787,530,1089,604,1120,withheld,74,31,withheld,OTHER
4827,4828,1023,1085,1046,1116,3.,23,31,3.,OTHER
4830,4837,1051,1085,1168,1116,employee,117,31,employee,OTHER
4839,4841,1174,1085,1220,1116,w-4,46,31,w-4,OTHER
4843,4850,1226,1085,1313,1116,profile.,87,31,profile.,OTHER
4852,4853,1318,1085,1349,1116,to,31,31,to,OTHER
4855,4860,1354,1085,1439,1116,change,85,31,change,OTHER
4862,4865,1444,1085,1500,1116,your,56,31,your,OTHER
4867,4874,1504,1085,1624,1116,employee,120,31,employee,OTHER
4876,4878,1629,1085,1677,1116,w-4,48,31,w-4,OTHER
4880,4886,1681,1085,1759,1116,profile,78,31,profile,OTHER
4888,4899,1763,1085,1906,1117,"information,",143,32,"information,",OTHER
4901,4904,1909,1086,1950,1117,file,41,31,file,OTHER
4906,4906,1953,1086,1970,1117,a,17,31,a,OTHER
4908,4910,1973,1086,2024,1117,new,51,31,new,OTHER
4912,4914,2029,1086,2077,1117,w-4,48,31,w-4,OTHER
4916,4919,2079,1086,2133,1117,with,54,31,with,OTHER
4921,4924,2135,1086,2193,1118,your,58,32,your,OTHER
4926,4932,2195,1086,2286,1118,payroll,91,32,payroll,OTHER
4934,4938,2288,1086,2360,1118,dept.,72,32,dept.,OTHER
4946,4954,149,1110,242,1136,209156.83,93,26,209156.83,OTHER
5001,5004,565,1107,598,1131,5065,33,24,5065,OTHER
5006,5006,380,1423,398,1453,.,18,30,.,OTHER
5008,5008,405,1146,424,1175,8,19,29,8,OTHER
5051,5051,582,1345,596,1366,8,14,21,8,OTHER
5053,5061,436,1145,503,1175,allocated,67,30,allocated,OTHER
5063,5066,506,1146,547,1181,tips,41,35,tips,OTHER
5212,5217,1837,1151,1877,1180,social,40,29,social,OTHER
5219,5226,1882,1151,1936,1178,security,54,27,security,OTHER
5228,5230,1940,1152,1971,1177,num,31,25,num,OTHER
5232,5233,1974,1153,1991,1177,be,17,24,be,OTHER
5240,5245,152,1163,207,1193,208437,55,30,208437,OTHER
5247,5248,209,1160,240,1192,.4,31,32,.4,OTHER
5292,5297,561,1166,618,1192,209156,57,26,209156,OTHER
5299,5301,620,1165,654,1192,.83,34,27,.83,OTHER
5350,5356,1108,1169,1208,1199,candice,100,30,candice,OTHER
5358,5362,1247,1171,1318,1200,ayala,71,29,ayala,OTHER
5471,5477,2068,1160,2141,1194,married,73,34,married,OTHER
5481,5492,132,1208,217,1235,verification,85,27,verification,OTHER
5494,5497,220,1208,260,1233,code,40,25,code,OTHER
5523,5531,439,1207,520,1234,dependent,81,27,dependent,OTHER
5533,5536,523,1207,555,1234,care,32,27,care,OTHER
5538,5545,558,1207,619,1234,benefits,61,27,benefits,OTHER
5594,5597,1118,1207,1181,1238,1360,63,31,1360,OTHER
5599,5605,1190,1208,1300,1238,stewart,110,30,stewart,OTHER
5607,5609,1306,1209,1357,1238,run,51,29,run,OTHER
5680,5686,1835,1201,1906,1229,federal,71,28,federal,OTHER
5688,5688,1908,1199,1926,1228,:,18,29,:,OTHER
5805,5813,1102,1247,1238,1274,laurafurt,136,27,laurafurt,OTHER
5815,5816,1250,1247,1279,1275,in,29,28,in,OTHER
5818,5826,1323,1247,1453,1277,40913-568,130,30,40913-568,OTHER
5891,5895,1834,1233,1897,1268,local,63,35,local,OTHER
5898,5898,98,1677,118,1705,1,20,28,1,OTHER
5900,5911,136,1266,231,1288,nonqualified,95,22,nonqualified,OTHER
5913,5917,233,1264,276,1288,plans,43,24,plans,OTHER
5939,5941,409,1263,435,1290,12a,26,27,12a,OTHER
5943,5945,440,1264,466,1290,see,26,26,see,OTHER
5947,5958,470,1264,558,1290,instructions,88,26,instructions,OTHER
5960,5962,562,1263,584,1290,for,22,27,for,OTHER
5964,5966,588,1262,616,1289,box,28,27,box,OTHER
5968,5969,620,1261,637,1288,12,17,27,12,OTHER
5972,5972,620,1737,634,1766,4,14,29,4,OTHER
5974,5978,142,1325,187,1349,other,45,24,other,OTHER
6033,6036,562,1311,602,1333,8519,40,22,8519,OTHER
6077,6078,411,1349,443,1381,20,32,32,20,OTHER
6100,6101,564,1345,578,1366,48,14,21,48,OTHER
6103,6103,414,1481,435,1513,8,21,32,8,OTHER
6144,6144,613,2507,625,2537,3,12,30,3,OTHER
6146,6149,422,1379,442,1414,stat,20,35,stat,OTHER
6151,6153,448,1381,466,1415,emp,18,34,emp,OTHER
6155,6155,570,1419,576,1449,.,6,30,.,OTHER
6157,6159,482,1382,503,1416,fet,21,34,fet,OTHER
6161,6164,508,1383,551,1416,plan,43,33,plan,OTHER
6166,6168,559,1383,578,1416,ard,19,33,ard,OTHER
6170,6174,581,1382,608,1415,party,27,33,party,OTHER
6176,6179,611,1381,635,1413,sick,24,32,sick,OTHER
6181,6183,637,1380,663,1411,pay,26,31,pay,OTHER
6187,6191,138,1430,183,1452,state,45,22,state,OTHER
6201,6210,229,1426,305,1455,emblovers',76,29,emblovers',OTHER
6212,6216,308,1425,340,1454,state,32,29,state,OTHER
6218,6219,343,1424,360,1454,id,17,30,id,OTHER
6221,6222,364,1424,377,1454,no,13,30,no,OTHER
6224,6224,602,1418,620,1448,.,18,30,.,OTHER
6226,6227,407,1422,432,1453,16,25,31,16,OTHER
6229,6233,446,1421,482,1452,state,36,31,state,OTHER
6235,6239,486,1419,539,1451,wades,53,32,wades,OTHER
6240,6248,562,1435,651,1470,117313.96,89,35,117313.96,box16StateWagesTips
6310,6313,543,1419,566,1450,tips,23,31,tips,OTHER
6315,6315,573,1484,576,1513,.,3,29,.,OTHER
6317,6319,580,1418,598,1449,etc,18,31,etc,OTHER
6321,6321,603,1483,626,1512,.,23,29,.,OTHER
6324,6325,100,1484,123,1510,17,23,26,17,OTHER
6327,6331,142,1485,178,1512,state,36,27,state,OTHER
6333,6338,182,1485,238,1512,income,56,27,income,OTHER
6340,6342,242,1484,269,1511,tax,27,27,tax,OTHER
6365,6365,407,2056,429,2089,8,22,33,8,OTHER
6367,6371,444,1483,483,1514,local,39,31,local,OTHER
6373,6378,488,1484,540,1514,"wanes,",52,30,"wanes,",OTHER
6380,6383,545,1484,568,1514,tips,23,30,tips,OTHER
6385,6385,219,1678,224,1704,.,5,26,.,OTHER
6387,6389,581,1484,598,1513,etc,17,29,etc,OTHER
6391,6391,313,1673,323,1701,.,10,28,.,OTHER
6451,6459,562,1499,651,1527,205854.45,89,28,205854.45,OTHER
6465,6469,140,1541,178,1575,local,38,34,local,OTHER
6471,6476,182,1541,239,1575,income,57,34,income,OTHER
6478,6479,242,1539,259,1570,ta,17,31,ta,OTHER
6503,6504,408,1538,433,1569,20,25,31,20,OTHER
6506,6513,444,1541,499,1574,locality,55,33,locality,OTHER
6515,6518,504,1545,556,1578,name,52,33,name,OTHER
6520,6527,561,1550,641,1584,benjamin,80,34,benjamin,OTHER
6529,6537,645,1556,737,1589,extension,92,33,extension,OTHER
6643,6643,1023,1558,1034,1588,@,11,30,@,OTHER
6645,6648,1039,1557,1071,1588,2018,32,31,2018,OTHER
6650,6653,1077,1556,1111,1586,"adp,",34,30,"adp,",OTHER
6655,6657,1116,1556,1155,1586,llc,39,30,llc,OTHER
6661,6661,867,1675,892,1710,1,25,35,1,OTHER
6663,6667,134,1678,179,1705,wages,45,27,wages,OTHER
6669,6669,184,1678,187,1705,",",3,27,",",OTHER
6671,6674,191,1678,214,1705,tips,23,27,tips,OTHER
6676,6676,987,1677,990,1705,.,3,28,.,OTHER
6678,6682,229,1676,267,1704,other,38,28,other,OTHER
6684,6687,272,1674,308,1703,comp,36,29,comp,OTHER
6689,6689,1081,1672,1086,1702,.,5,30,.,OTHER
6698,6704,435,1674,488,1705,federal,53,31,federal,OTHER
6706,6711,493,1675,548,1706,income,55,31,income,OTHER
6713,6715,552,1677,576,1706,tax,24,29,tax,OTHER
6717,6724,580,1677,640,1707,withheld,60,30,withheld,OTHER
6744,6744,107,2176,125,2202,1,18,26,1,OTHER
6746,6750,902,1676,944,1708,wages,42,32,wages,OTHER
6752,6752,950,1677,953,1707,",",3,30,",",OTHER
6754,6757,959,1677,980,1706,tips,21,29,tips,OTHER
6759,6759,1893,1671,1897,1702,.,4,31,.,OTHER
6761,6765,996,1675,1033,1705,other,37,30,other,OTHER
6767,6770,1040,1673,1074,1703,comp,34,30,comp,OTHER
6772,6772,1383,1737,1389,1768,.,6,31,.,OTHER
6785,6791,1209,1675,1260,1707,federal,51,32,federal,OTHER
6793,6798,1266,1675,1320,1707,income,54,32,income,OTHER
6800,6802,1326,1675,1346,1706,tax,20,31,tax,OTHER
6804,6811,1352,1673,1410,1706,withheld,58,33,withheld,OTHER
6845,6849,1715,1675,1758,1707,wages,43,32,wages,OTHER
6851,6851,1763,1678,1768,1707,",",5,29,",",OTHER
6853,6856,1773,1678,1795,1708,tips,22,30,tips,OTHER
6858,6858,1800,1678,1804,1708,",",4,30,",",OTHER
6860,6864,1810,1676,1847,1707,other,37,31,other,OTHER
6866,6869,1852,1672,1887,1705,comp,35,33,comp,OTHER
6871,6871,2195,1737,2204,1768,.,9,31,.,OTHER
6881,6887,2022,1675,2075,1706,federal,53,31,federal,OTHER
6889,6894,2081,1675,2135,1706,income,54,31,income,OTHER
6896,6898,2140,1675,2160,1705,tax,20,30,tax,OTHER
6900,6907,2166,1675,2223,1705,withheld,57,30,withheld,OTHER
6918,6921,170,1697,209,1719,4777,39,22,4777,OTHER
6930,6933,154,1713,182,1737,cial,28,24,cial,OTHER
6940,6942,210,1698,245,1719,.87,35,21,.87,OTHER
6956,6963,184,1712,252,1736,security,68,24,security,OTHER
6980,6980,2206,1737,2218,1767,4,12,30,4,OTHER
6982,6987,437,1715,478,1753,social,41,38,social,OTHER
6989,6996,484,1716,541,1751,security,57,35,security,OTHER
6998,7000,547,1716,569,1748,tax,22,32,tax,OTHER
7002,7009,575,1713,640,1746,withheld,65,33,withheld,OTHER
7030,7035,902,1718,947,1748,social,45,30,social,OTHER
7037,7044,952,1718,1009,1745,security,57,27,security,OTHER
7046,7049,1013,1718,1050,1743,wage,37,25,wage,OTHER
7068,7073,1210,1716,1253,1754,social,43,38,social,OTHER
7075,7082,1258,1715,1315,1752,security,57,37,security,OTHER
7084,7086,1320,1715,1340,1748,tax,20,33,tax,OTHER
7088,7095,1346,1711,1409,1746,withheld,63,35,withheld,OTHER
7129,7134,1715,1720,1760,1748,social,45,28,social,OTHER
7136,7143,1765,1720,1823,1745,security,58,25,security,OTHER
7145,7147,1827,1720,1861,1743,wag,34,23,wag,OTHER
7164,7164,1689,2233,1703,2256,4,14,23,4,OTHER
7166,7171,2024,1717,2067,1750,social,43,33,social,OTHER
7173,7180,2072,1717,2129,1749,security,57,32,security,OTHER
7182,7184,2134,1717,2156,1747,tax,22,30,tax,OTHER
7186,7193,2161,1715,2224,1746,withheld,63,31,withheld,OTHER
7200,7207,152,1736,239,1764,208437.4,87,28,208437.4,OTHER
7247,7252,561,1741,616,1773,15945.,55,32,15945.,OTHER
7254,7254,602,1770,602,1801,.,0,31,.,OTHER
7257,7258,609,1771,644,1806,84,35,35,84,OTHER
7433,7437,1335,1739,1379,1774,15945,44,35,15945,OTHER
7439,7439,1212,1811,1226,1840,.,14,29,.,OTHER
7480,7487,433,1759,498,1796,medicare,65,37,medicare,OTHER
7489,7491,505,1760,525,1796,tax,20,36,tax,OTHER
7493,7500,532,1762,595,1800,withheld,63,38,withheld,OTHER
7534,7539,944,1747,999,1772,208437,55,25,208437,OTHER
7541,7542,1003,1747,1027,1771,-4,24,24,-4,OTHER
7565,7565,1178,1758,1200,1798,6,22,40,6,OTHER
7567,7574,1207,1758,1271,1797,medicare,64,39,medicare,OTHER
7576,7578,1278,1760,1300,1796,tax,22,36,tax,OTHER
7579,7583,2148,1738,2193,1771,15945,45,33,15945,OTHER
7589,7589,2087,2294,2090,2331,.,3,37,.,OTHER
7591,7592,1392,1732,1413,1767,46,21,35,46,OTHER
7593,7594,1383,1771,1420,1805,84,37,34,84,OTHER
7736,7743,1307,1763,1376,1800,withheld,69,37,withheld,OTHER
7784,7789,1757,1746,1812,1774,208437,55,28,208437,OTHER
7791,7792,1816,1746,1841,1772,.4,25,26,.4,OTHER
7818,7825,2021,1763,2086,1798,medicare,65,35,medicare,OTHER
7827,7829,2092,1763,2113,1796,tax,21,33,tax,OTHER
7831,7838,2119,1764,2197,1798,withheld,78,34,withheld,OTHER
7845,7848,153,1776,186,1806,2091,33,30,2091,OTHER
7850,7851,190,1773,215,1804,65,25,31,65,OTHER
7853,7857,218,1769,250,1802,gases,32,33,gases,OTHER
7859,7861,254,1765,282,1799,and,28,34,and,OTHER
7863,7866,286,1759,327,1796,tips,41,37,tips,OTHER
7930,7933,945,1775,980,1803,2091,35,28,2091,OTHER
7935,7941,984,1768,1051,1803,65-gand,67,35,65-gand,OTHER
7943,7944,1055,1766,1067,1797,ti,12,31,ti,OTHER
8028,8031,1759,1775,1794,1803,2031,35,28,2031,OTHER
8033,8034,1798,1774,1812,1802,69,14,28,69,OTHER
8036,8037,1815,1773,1834,1801,-8,19,28,-8,OTHER
8039,8041,1837,1769,1864,1800,and,27,31,and,OTHER
8043,8044,1866,1768,1876,1797,ti,10,29,ti,OTHER
8046,8052,128,1813,183,1843,control,55,30,control,OTHER
8054,8059,186,1810,244,1838,number,58,28,number,OTHER
8072,8076,306,1813,359,1841,dept.,53,28,dept.,OTHER
8078,8082,408,1806,443,1837,corp.,35,31,corp.,OTHER
8107,8114,616,1809,679,1839,employer,63,30,employer,OTHER
8116,8118,684,1809,709,1840,use,25,31,use,OTHER
8120,8123,714,1811,753,1843,only,39,32,only,OTHER
8159,8163,1099,1814,1153,1846,dept.,54,32,dept.,OTHER
8165,8168,1180,1811,1207,1840,corp,27,29,corp,OTHER
8170,8170,259,2337,264,2366,.,5,29,.,OTHER
8193,8200,1387,1808,1453,1838,employer,66,30,employer,OTHER
8202,8204,1457,1808,1482,1838,use,25,30,use,OTHER
8206,8209,1486,1807,1530,1837,only,44,30,only,OTHER
8229,8235,899,1812,952,1843,control,53,31,control,OTHER
8237,8242,956,1806,1026,1836,number,70,30,number,OTHER
8258,8262,1913,1812,1965,1841,dept.,52,29,dept.,OTHER
8292,8299,2201,1809,2266,1839,employer,65,30,employer,OTHER
8301,8303,2271,1811,2295,1841,use,24,30,use,OTHER
8305,8308,2299,1813,2339,1846,only,40,33,only,OTHER
8310,8311,2342,1818,2370,1851,36,28,33,36,OTHER
8397,8403,1712,1811,1766,1844,control,54,33,control,OTHER
8405,8410,1769,1807,1828,1837,number,59,30,number,OTHER
8413,8422,134,1842,216,1876,employer's,82,34,employer's,OTHER
8424,8428,219,1847,266,1878,"name,",47,31,"name,",OTHER
8430,8436,269,1849,326,1879,address,57,30,address,OTHER
8438,8438,328,1850,334,1879,",",6,29,",",OTHER
8440,8442,337,1850,367,1879,and,30,29,and,OTHER
8444,8446,369,1851,395,1879,zip,26,28,zip,OTHER
8448,8451,398,1851,440,1878,code,42,27,code,OTHER
8495,8495,867,1841,886,1872,c,19,31,c,OTHER
8497,8506,902,1843,982,1878,employer's,80,35,employer's,OTHER
8508,8511,987,1847,1023,1879,name,36,32,name,OTHER
8513,8513,1028,1848,1033,1879,",",5,31,",",OTHER
8515,8521,1037,1849,1092,1880,address,55,31,address,OTHER
8523,8523,1097,1850,1101,1880,",",4,30,",",OTHER
8525,8527,1106,1850,1133,1880,and,27,30,and,OTHER
8529,8531,1138,1850,1161,1880,zip,23,30,zip,OTHER
8533,8536,1165,1849,1206,1879,code,41,30,code,OTHER
8594,8604,1680,1841,1798,1877,"""employer's",118,36,"""employer's",OTHER
8606,8609,1801,1848,1839,1878,name,38,30,name,OTHER
8611,8611,1842,1849,1847,1879,",",5,30,",",OTHER
8613,8619,1850,1849,1907,1879,address,57,30,address,OTHER
8621,8621,1910,1850,1915,1879,",",5,29,",",OTHER
8623,8625,1918,1849,1947,1879,and,29,30,and,OTHER
8627,8629,1950,1849,1976,1878,zip,26,29,zip,OTHER
8631,8634,1979,1848,2017,1876,code,38,28,code,OTHER
8642,8654,152,1875,329,1906,ortega-hayden,177,31,ortega-hayden,OTHER
8656,8658,335,1876,383,1907,and,48,31,and,OTHER
8660,8663,389,1878,448,1909,sons,59,31,sons,OTHER
8729,8741,945,1874,1122,1907,ortega-hayden,177,33,ortega-hayden,OTHER
8743,8745,1129,1877,1177,1908,and,48,31,and,OTHER
8747,8750,1182,1877,1235,1908,sons,53,31,sons,OTHER
8828,8840,1759,1876,1935,1905,ortega-hayden,176,29,ortega-hayden,OTHER
8842,8844,1942,1876,1988,1905,and,46,29,and,OTHER
8846,8849,1994,1877,2042,1905,sons,48,28,sons,OTHER
8857,8860,153,1904,211,1938,5540,58,34,5540,OTHER
8862,8865,217,1904,279,1937,best,62,33,best,OTHER
8867,8872,285,1904,368,1936,spring,83,32,spring,OTHER
8874,8877,373,1905,438,1935,apt.,65,30,apt.,OTHER
8879,8880,443,1907,472,1934,47,29,27,47,OTHER
8944,8947,948,1895,1004,1931,5540,56,36,5540,OTHER
8949,8952,1009,1898,1073,1935,best,64,37,best,OTHER
8954,8959,1078,1901,1161,1937,spring,83,36,spring,OTHER
8961,8964,1166,1904,1230,1937,apt.,64,33,apt.,OTHER
8966,8968,1235,1906,1272,1936,471,37,30,471,OTHER
9051,9054,1823,1905,1884,1938,best,61,33,best,OTHER
9056,9061,1890,1904,1974,1937,spring,84,33,spring,OTHER
9063,9066,1980,1904,2041,1936,apt.,61,32,apt.,OTHER
9068,9070,2047,1906,2081,1936,471,34,30,471,OTHER
9079,9087,153,1931,279,1964,laurafurt,126,33,laurafurt,OTHER
9089,9090,284,1928,319,1962,in,35,34,in,OTHER
9101,9110,348,1930,475,1964,40913-5681,127,34,40913-5681,OTHER
9166,9174,946,1933,1073,1965,laurafurt,127,32,laurafurt,OTHER
9176,9177,1077,1932,1110,1964,in,33,32,in,OTHER
9179,9183,1143,1930,1202,1963,40913,59,33,40913,OTHER
9185,9185,1206,1930,1216,1961,-,10,31,-,OTHER
9187,9190,1220,1930,1267,1961,5681,47,31,5681,OTHER
9264,9272,1760,1932,1885,1965,laurafurt,125,33,laurafurt,OTHER
9274,9275,1890,1931,1923,1965,in,33,34,in,OTHER
9277,9281,1956,1930,2015,1963,40913,59,33,40913,OTHER
9283,9287,2019,1928,2088,1961,-5681,69,33,-5681,OTHER
9294,9303,136,1996,216,2027,employer's,80,31,employer's,OTHER
9305,9307,221,1998,251,2028,fed,30,30,fed,OTHER
9309,9310,256,1999,272,2028,id,16,29,id,OTHER
9312,9317,276,1999,328,2029,number,52,30,number,OTHER
9331,9331,407,2000,429,2033,a,22,33,a,OTHER
9333,9342,435,1998,519,2033,employee's,84,35,employee's,OTHER
9344,9346,524,1998,556,2032,ssa,32,34,ssa,OTHER
9348,9353,560,1998,614,2031,number,54,33,number,OTHER
9377,9386,903,1999,983,2027,employer's,80,28,employer's,OTHER
9388,9390,988,1999,1018,2028,fed,30,29,fed,OTHER
9392,9393,1023,2000,1039,2029,id,16,29,id,OTHER
9395,9400,1043,2000,1102,2031,number,59,31,number,OTHER
9413,9413,1180,1998,1203,2033,a,23,35,a,OTHER
9415,9424,1209,1997,1294,2032,employee's,85,35,employee's,OTHER
9426,9428,1299,1997,1328,2030,ssa,29,33,ssa,OTHER
9430,9435,1333,1997,1392,2030,number,59,33,number,OTHER
9475,9484,1715,1997,1798,2027,employer's,83,30,employer's,OTHER
9486,9488,1803,1999,1832,2028,fed,29,29,fed,OTHER
9490,9491,1836,2000,1853,2028,id,17,28,id,OTHER
9493,9498,1857,2001,1925,2029,number,68,28,number,OTHER
9512,9512,1992,1999,2014,2032,a,22,33,a,OTHER
9514,9523,2021,1998,2107,2032,employee's,86,34,employee's,OTHER
9525,9527,2112,1997,2143,2031,ssa,31,34,ssa,OTHER
9529,9534,2147,1995,2211,2030,number,64,35,number,OTHER
9541,9550,151,2015,257,2048,13-0885820,106,33,13-0885820,OTHER
9725,9734,1758,2022,1860,2047,13-0885820,102,25,13-0885820,OTHER
9740,9745,133,2065,177,2097,social,44,32,social,OTHER
9747,9754,180,2066,240,2098,security,60,32,security,OTHER
9756,9759,243,2062,270,2094,tips,27,32,tips,OTHER
9777,9777,1179,2054,1202,2088,8,23,34,8,OTHER
9779,9787,437,2056,502,2088,allocated,65,32,allocated,OTHER
9789,9792,508,2058,550,2089,tips,42,31,tips,OTHER
9823,9828,903,2061,946,2090,social,43,29,social,OTHER
9830,9837,951,2061,1008,2091,security,57,30,security,OTHER
9839,9842,1011,2063,1042,2091,tips,31,28,tips,OTHER
9861,9861,413,2554,437,2585,8,24,31,8,OTHER
9863,9871,1211,2055,1275,2088,allocated,64,33,allocated,OTHER
9873,9876,1282,2057,1326,2088,tips,44,31,tips,OTHER
9922,9927,1715,2060,1760,2091,social,45,31,social,OTHER
9929,9936,1764,2064,1823,2095,security,59,31,security,OTHER
9938,9941,1825,2068,1849,2096,tip:,24,28,tip:,OTHER
9961,9969,2023,2057,2090,2088,allocated,67,31,allocated,OTHER
9971,9974,2095,2057,2133,2087,tips,38,30,tips,OTHER
10036,10044,562,2071,653,2104,209156.83,91,33,209156.83,OTHER
10118,10126,1334,2075,1424,2105,209156.83,90,30,209156.83,OTHER
10216,10224,2148,2074,2233,2104,209165.83,85,30,209165.83,OTHER
10229,10240,133,2116,217,2146,verification,84,30,verification,OTHER
10242,10245,222,2117,263,2144,code,41,27,code,OTHER
10267,10268,408,2117,432,2149,10,24,32,10,OTHER
10270,10278,438,2117,517,2149,dependent,79,32,dependent,OTHER
10280,10283,523,2117,554,2147,care,31,30,care,OTHER
10285,10292,559,2115,613,2145,benefits,54,30,benefits,OTHER
10313,10324,900,2117,985,2148,verification,85,31,verification,OTHER
10326,10329,989,2116,1026,2148,code,37,32,code,OTHER
10351,10352,1179,2115,1208,2149,10,29,34,10,OTHER
10354,10362,1213,2117,1292,2149,dependent,79,32,dependent,OTHER
10364,10367,1297,2118,1327,2148,care,30,30,care,OTHER
10369,10376,1332,2117,1391,2147,benefits,59,30,benefits,OTHER
10412,10423,1714,2117,1798,2148,verification,84,31,verification,OTHER
10425,10428,1802,2118,1836,2147,code,34,29,code,OTHER
10449,10450,1992,2115,2021,2147,10,29,32,10,OTHER
10452,10460,2026,2116,2106,2148,dependent,80,32,dependent,OTHER
10462,10465,2110,2118,2141,2148,care,31,30,care,OTHER
10467,10474,2146,2116,2200,2147,benefits,54,31,benefits,OTHER
10534,10536,1334,2133,1377,2165,225,43,32,225,OTHER
10617,10619,561,2140,599,2167,225,38,27,225,OTHER
10622,10622,1316,2225,1330,2259,1,14,34,1,OTHER
10624,10635,137,2178,230,2205,nonqualified,93,27,nonqualified,OTHER
10637,10641,234,2177,282,2205,plans,48,28,plans,OTHER
10663,10664,415,2176,433,2207,2a,18,31,2a,OTHER
10666,10668,439,2176,464,2207,see,25,31,see,OTHER
10670,10681,470,2175,557,2206,instructions,87,31,instructions,OTHER
10683,10685,562,2175,581,2205,for,19,30,for,OTHER
10687,10689,587,2175,614,2205,box,27,30,box,OTHER
10691,10692,620,2175,637,2205,12,17,30,12,OTHER
10709,10720,905,2175,997,2206,nonqualified,92,31,nonqualified,OTHER
10722,10726,1002,2175,1049,2206,plans,47,31,plans,OTHER
10747,10748,1186,2176,1208,2207,2a,22,31,2a,OTHER
10750,10752,1213,2176,1237,2207,see,24,31,see,OTHER
10754,10765,1242,2176,1330,2207,instructions,88,31,instructions,OTHER
10767,10769,1335,2176,1355,2206,for,20,30,for,OTHER
10771,10773,1360,2175,1388,2205,box,28,30,box,OTHER
10775,10776,1393,2175,1406,2204,12,13,29,12,OTHER
10806,10817,1717,2175,1810,2206,nonqualified,93,31,nonqualified,OTHER
10819,10823,1815,2176,1868,2206,plans,53,30,plans,OTHER
10848,10849,2002,2178,2022,2208,2a,20,30,2a,OTHER
10851,10853,2027,2177,2052,2207,see,25,30,see,OTHER
10855,10866,2057,2175,2145,2207,instructions,88,32,instructions,OTHER
10868,10870,2149,2175,2168,2207,for,19,32,for,OTHER
10872,10874,2172,2174,2202,2206,box,30,32,box,OTHER
10876,10877,2206,2174,2227,2206,12,21,32,12,OTHER
10883,10885,143,2228,172,2251,oth,29,23,oth,OTHER
10962,10963,868,2233,891,2259,14,23,26,14,OTHER
10965,10968,910,2232,942,2256,othe,32,24,othe,OTHER
11023,11023,2126,2250,2142,2289,1,16,39,1,OTHER
11025,11027,1334,2221,1378,2258,585,44,37,585,OTHER
11064,11068,1728,2229,1765,2261,other,37,32,other,OTHER
11308,11308,602,2506,608,2536,1,6,30,1,OTHER
11310,11312,2146,2252,2192,2293,488,46,41,488,OTHER
11350,11351,406,2282,418,2316,13,12,34,13,OTHER
11353,11357,421,2284,457,2320,slate,36,36,slate,OTHER
11532,11533,1992,2286,2000,2325,13,8,39,13,OTHER
11535,11538,2007,2288,2027,2327,stat,20,39,stat,OTHER
11540,11542,2035,2291,2060,2329,emp,25,38,emp,OTHER
11544,11546,2067,2293,2082,2330,ret,15,37,ret,OTHER
11548,11548,1841,2337,1846,2366,.,5,29,.,OTHER
11550,11553,509,2298,553,2336,plan,44,38,plan,OTHER
11555,11557,562,2296,579,2333,ard,17,37,ard,OTHER
11559,11563,585,2294,611,2332,party,26,38,party,OTHER
11565,11568,617,2292,639,2330,sick,22,38,sick,OTHER
11570,11572,645,2290,676,2329,pay,31,39,pay,OTHER
11615,11618,436,2302,476,2339,@emp,40,37,@emp,OTHER
11620,11624,483,2300,502,2337,fiet.,19,37,fiet.,OTHER
11626,11629,1281,2296,1326,2336,plan,45,40,plan,OTHER
11631,11633,1333,2295,1349,2334,ard,16,39,ard,OTHER
11635,11639,1355,2294,1383,2333,party,28,39,party,OTHER
11641,11644,1390,2293,1413,2331,sick,23,38,sick,OTHER
11646,11648,1419,2291,1448,2329,pay,29,38,pay,OTHER
11703,11706,1209,2299,1247,2338,temp,38,39,temp,OTHER
11708,11711,1254,2298,1274,2337,ret.,20,39,ret.,OTHER
11713,11716,2094,2294,2140,2331,plan,46,37,plan,OTHER
11718,11720,2147,2295,2163,2331,ard,16,36,ard,OTHER
11722,11726,2169,2294,2198,2330,party,29,36,party,OTHER
11728,11731,2204,2292,2225,2328,sick,21,36,sick,OTHER
11733,11735,2232,2290,2258,2326,pay,26,36,pay,OTHER
11737,11739,99,2334,128,2362,eff,29,28,eff,OTHER
11741,11749,133,2336,214,2366,employees,81,30,employees,OTHER
11751,11754,218,2337,256,2366,name,38,29,name,OTHER
11756,11756,382,2496,400,2528,.,18,32,.,OTHER
11758,11764,268,2335,328,2366,address,60,31,address,OTHER
11766,11768,332,2333,361,2365,and,29,32,and,OTHER
11770,11772,364,2332,390,2364,zip,26,32,zip,OTHER
11774,11777,394,2328,438,2362,code,44,34,code,OTHER
11820,11822,868,2335,897,2364,elf,29,29,elf,OTHER
11824,11832,902,2336,982,2366,employees,80,30,employees,OTHER
11834,11838,986,2337,1033,2366,"name,",47,29,"name,",OTHER
11840,11846,1037,2335,1096,2365,address,59,30,address,OTHER
11848,11850,1100,2334,1129,2364,and,29,30,and,OTHER
11852,11854,1132,2333,1158,2363,zip,26,30,zip,OTHER
11856,11859,1161,2331,1203,2362,code,42,31,code,OTHER
11918,11920,1679,2335,1711,2365,elf,32,30,elf,OTHER
11922,11930,1715,2336,1795,2366,employees,80,30,employees,OTHER
11932,11935,1799,2337,1837,2366,name,38,29,name,OTHER
11937,11937,535,2501,539,2532,.,4,31,.,OTHER
11939,11945,1850,2335,1909,2366,address,59,31,address,OTHER
11947,11949,1913,2334,1941,2364,and,28,30,and,OTHER
11951,11953,1946,2333,1970,2363,zip,24,30,zip,OTHER
11955,11958,1974,2330,2019,2362,code,45,32,code,OTHER
11965,11971,153,2382,250,2410,candice,97,28,candice,OTHER
11973,11977,283,2381,355,2409,ayala,72,28,ayala,OTHER
12053,12059,947,2381,1043,2408,candice,96,27,candice,OTHER
12061,12065,1075,2379,1149,2408,ayala,74,29,ayala,OTHER
12150,12156,1758,2381,1859,2410,candice,101,29,candice,OTHER
12158,12162,1889,2380,1963,2410,ayala,74,30,ayala,OTHER
12170,12173,166,2406,226,2437,1360,60,31,1360,OTHER
12175,12181,233,2406,328,2436,stewart,95,30,stewart,OTHER
12183,12185,334,2407,383,2436,run,49,29,run,OTHER
12257,12261,949,2407,1018,2435,91360,69,28,91360,OTHER
12263,12269,1024,2407,1122,2435,stewart,98,28,stewart,OTHER
12271,12273,1129,2409,1174,2437,run,45,28,run,OTHER
12355,12359,1759,2407,1833,2438,91360,74,31,91360,OTHER
12361,12367,1839,2407,1935,2436,stewart,96,29,stewart,OTHER
12369,12371,1941,2408,1989,2436,run,48,28,run,OTHER
12378,12381,153,2433,211,2464,east,58,31,east,OTHER
12383,12393,217,2433,368,2466,brandonfort,151,33,brandonfort,OTHER
12395,12396,373,2433,409,2465,mt,36,32,mt,OTHER
12398,12402,415,2433,475,2465,29861,60,32,29861,OTHER
12404,12408,479,2433,552,2463,-5438,73,30,-5438,OTHER
12466,12469,946,2435,1004,2464,east,58,29,east,OTHER
12471,12481,1011,2434,1162,2464,brandonfort,151,30,brandonfort,OTHER
12483,12484,1166,2434,1201,2464,mt,35,30,mt,OTHER
12486,12490,1209,2433,1268,2464,29861,59,31,29861,OTHER
12492,12496,1272,2433,1344,2464,-5438,72,31,-5438,OTHER
12563,12566,1758,2434,1817,2465,east,59,31,east,OTHER
12568,12578,1823,2433,1973,2466,brandonfort,150,33,brandonfort,OTHER
12580,12581,1979,2433,2014,2466,mt,35,33,mt,OTHER
12583,12587,2019,2433,2079,2465,29861,60,32,29861,OTHER
12589,12593,2084,2432,2157,2464,-5438,73,32,-5438,OTHER
12603,12603,213,2456,233,2485,o,20,29,o,OTHER
12606,12606,107,2502,123,2526,5,16,24,5,OTHER
12608,12612,138,2500,183,2531,state,45,31,state,OTHER
12614,12623,229,2499,304,2531,emplovers',75,32,emplovers',OTHER
12625,12629,309,2497,340,2528,state,31,31,state,OTHER
12631,12632,344,2497,359,2528,id,15,31,id,OTHER
12634,12635,364,2497,377,2528,no,13,31,no,OTHER
12637,12637,1307,2500,1309,2531,.,2,31,.,OTHER
12639,12640,406,2497,432,2528,16,26,31,16,OTHER
12642,12646,446,2497,482,2529,state,36,32,state,OTHER
12648,12652,487,2498,530,2531,wanes,43,33,wanes,OTHER
12654,12654,2121,2499,2123,2532,.,2,33,.,OTHER
12656,12659,543,2502,581,2534,tips,38,32,tips,OTHER
12661,12661,595,2506,597,2535,6,2,29,6,OTHER
12663,12663,1375,2506,1379,2536,1,4,30,1,OTHER
12665,12665,1384,2507,1398,2538,3,14,31,3,OTHER
12667,12668,630,2509,650,2539,96,20,30,96,OTHER
12688,12689,868,2500,890,2526,15,22,26,15,OTHER
12691,12695,906,2502,951,2534,state,45,32,state,OTHER
12709,12718,1021,2499,1098,2535,emplovers',77,36,emplovers',OTHER
12720,12724,1102,2497,1133,2531,state,31,34,state,OTHER
12726,12727,1137,2497,1150,2529,10,13,32,10,OTHER
12729,12730,1155,2496,1175,2529,no,20,33,no,OTHER
12732,12733,1180,2496,1207,2529,16,27,33,16,OTHER
12735,12739,1219,2497,1255,2529,state,36,32,state,OTHER
12741,12745,1260,2498,1302,2531,wades,42,33,wades,OTHER
12747,12747,535,2558,539,2587,.,4,29,.,OTHER
12749,12753,1315,2501,1362,2535,tips.,47,34,tips.,OTHER
12755,12755,1367,2505,1370,2535,6,3,30,6,OTHER
12761,12762,1404,2510,1425,2540,96,21,30,96,OTHER
12787,12788,1679,2500,1705,2527,15,26,27,15,OTHER
12790,12794,1719,2501,1766,2536,state,47,35,state,OTHER
12807,12816,1835,2499,1909,2539,emblovers',74,40,emblovers',OTHER
12818,12822,1915,2497,1944,2532,state,29,35,state,OTHER
12824,12825,1950,2496,1963,2530,10,13,34,10,OTHER
12827,12828,1969,2495,1987,2530,no,18,35,no,OTHER
12830,12831,1993,2495,2020,2529,16,27,34,16,OTHER
12833,12837,2030,2495,2065,2529,state,35,34,state,OTHER
12839,12843,2071,2496,2115,2532,wades,44,36,wades,OTHER
12845,12845,571,2559,575,2588,.,4,29,.,OTHER
12847,12850,2129,2500,2149,2534,tips,20,34,tips,OTHER
12852,12852,2155,2502,2160,2535,",",5,33,",",OTHER
12854,12854,2166,2503,2174,2536,#,8,33,#,OTHER
12856,12856,2180,2505,2182,2537,5,2,32,5,OTHER
12858,12862,2188,2506,2233,2543,13.96,45,37,13.96,OTHER
12865,12866,102,2557,123,2580,17,21,23,17,OTHER
12868,12872,142,2559,180,2583,state,38,24,state,OTHER
12874,12879,182,2558,238,2584,income,56,26,income,OTHER
12881,12883,240,2556,269,2583,tax,29,27,tax,OTHER
12908,12912,442,2555,483,2586,local,41,31,local,OTHER
12914,12918,486,2556,531,2587,wades,45,31,wades,OTHER
12920,12920,1309,2557,1313,2587,.,4,30,.,OTHER
12922,12925,543,2558,567,2587,tips,24,29,tips,OTHER
12927,12927,1376,2561,1382,2589,.,6,28,.,OTHER
12929,12932,579,2560,623,2588,etc.,44,28,etc.,OTHER
12948,12949,868,2555,891,2579,17,23,24,17,OTHER
12951,12955,910,2558,948,2583,state,38,25,state,OTHER
12956,12959,943,2574,982,2600,8467,39,26,8467,OTHER
13055,13060,949,2560,1006,2584,income,57,24,income,OTHER
13061,13063,984,2576,1018,2600,.42,34,24,.42,OTHER
13064,13066,1007,2560,1029,2584,tax,22,24,tax,OTHER
13085,13086,1178,2553,1210,2586,18,32,33,18,OTHER
13088,13092,1216,2554,1256,2586,local,40,32,local,OTHER
13094,13098,1260,2555,1305,2587,wanes,45,32,wanes,OTHER
13100,13100,1797,2573,1802,2598,.,5,25,.,OTHER
13102,13105,1317,2558,1340,2588,tips,23,30,tips,OTHER
13107,13107,1344,2559,1349,2588,",",5,29,",",OTHER
13109,13111,1353,2560,1372,2589,etc,19,29,etc,OTHER
13113,13113,200,2629,206,2657,.,6,28,.,OTHER
13188,13189,1994,2555,2020,2585,18,26,30,18,OTHER
13191,13195,2028,2555,2070,2586,local,42,31,local,OTHER
13197,13202,2074,2556,2127,2590,wanes.,53,34,wanes.,OTHER
13204,13208,2131,2559,2165,2593,tips.,34,34,tips.,OTHER
13210,13212,2169,2562,2212,2597,864,43,35,864,OTHER
13214,13215,2216,2568,2235,2600,45,19,32,45,OTHER
13405,13408,1757,2571,1795,2598,8457,38,27,8457,OTHER
13410,13410,994,2630,1001,2655,.,7,25,.,OTHER
13412,13413,1804,2572,1828,2599,42,24,27,42,OTHER
13416,13417,100,2616,126,2643,19,26,27,19,OTHER
13419,13423,152,2627,197,2657,22015,45,30,22015,OTHER
13432,13432,142,2614,157,2641,l,15,27,l,OTHER
13434,13434,1393,2775,1398,2804,.,5,29,.,OTHER
13436,13437,209,2625,239,2655,33,30,30,33,OTHER
13469,13470,409,2616,431,2642,20,22,26,20,OTHER
13472,13479,443,2616,502,2643,locality,59,27,locality,OTHER
13481,13484,505,2617,557,2645,name,52,28,name,OTHER
13517,13521,946,2628,992,2655,22015,46,27,22015,OTHER
13525,13526,1003,2630,1020,2655,33,17,25,33,OTHER
13548,13549,1180,2613,1206,2641,20,26,28,20,OTHER
13551,13558,1217,2614,1276,2644,locality,59,30,locality,OTHER
13560,13563,1279,2616,1331,2646,name,52,30,name,OTHER
13608,13609,1681,2615,1706,2644,19,25,29,19,OTHER
13611,13615,1723,2619,1761,2648,local,38,29,local,OTHER
13617,13622,1765,2622,1832,2652,income,67,30,income,OTHER
13653,13660,2028,2614,2087,2646,locality,59,32,locality,OTHER
13662,13665,2090,2620,2144,2651,name,54,31,name,OTHER
13667,13674,2146,2625,2229,2658,benjamin,83,33,benjamin,OTHER
13676,13684,645,2636,740,2660,extension,95,24,extension,OTHER
13748,13755,560,2633,643,2659,benjamin,83,26,benjamin,OTHER
13757,13765,1417,2633,1505,2662,extension,88,29,extension,OTHER
13823,13830,1334,2632,1415,2659,benjamin,81,27,benjamin,OTHER
13832,13840,2231,2633,2326,2665,extension,95,32,extension,OTHER
13860,13866,229,2677,315,2706,federal,86,29,federal,OTHER
13886,13891,417,2681,468,2705,filing,51,24,filing,OTHER
13908,13911,592,2678,641,2702,copy,49,24,copy,OTHER
13946,13953,1019,2674,1106,2708,ia.state,87,34,ia.state,OTHER
13967,13972,1189,2683,1238,2705,filing,49,22,filing,OTHER
13985,13988,1367,2675,1414,2703,copy,47,28,copy,OTHER
14043,14046,1813,2674,1850,2705,city,37,31,city,OTHER
14048,14049,1855,2675,1875,2705,or,20,30,or,OTHER
14051,14055,1879,2675,1948,2714,local,69,39,local,OTHER
14057,14062,2002,2681,2053,2708,filing,51,27,filing,OTHER
14082,14085,2179,2676,2230,2700,copy,51,24,copy,OTHER
14118,14121,325,2706,388,2734,wage,63,28,wage,OTHER
14123,14125,426,2702,468,2725,and,42,23,and,OTHER
14127,14129,505,2706,539,2728,tax,34,22,tax,OTHER
14209,14211,1196,2700,1240,2729,and,44,29,and,OTHER
14213,14215,1277,2702,1310,2727,tax,33,25,tax,OTHER
14298,14301,1921,2705,1983,2734,wage,62,29,wage,OTHER
14303,14305,2011,2702,2052,2732,and,41,30,and,OTHER
14307,14309,2091,2703,2128,2726,tax,37,23,tax,OTHER
14342,14350,319,2730,417,2756,statement,98,26,statement,OTHER
14375,14378,581,2741,667,2774,2018,86,33,2018,OTHER
14394,14396,106,2742,174,2771,w-2,68,29,w-2,OTHER
14425,14432,1109,2731,1204,2758,tatement,95,27,tatement,OTHER
14452,14455,1357,2740,1443,2772,2018,86,32,2018,OTHER
14495,14497,1686,2741,1754,2773,w-2,68,32,w-2,OTHER
14521,14529,1911,2729,2011,2753,statement,100,24,statement,OTHER
14549,14552,2167,2743,2252,2774,2018,85,31,2018,OTHER
14555,14557,874,2744,943,2771,w-2,69,27,w-2,OTHER
14559,14562,99,2779,132,2806,copy,33,27,copy,OTHER
14564,14564,137,2780,146,2807,b,9,27,b,OTHER
14566,14567,151,2780,164,2807,to,13,27,to,OTHER
14569,14570,169,2780,185,2807,be,16,27,be,OTHER
14572,14576,190,2780,217,2807,filed,27,27,filed,OTHER
14578,14581,222,2781,250,2807,with,28,26,with,OTHER
14583,14592,255,2781,330,2807,employee's,75,26,employee's,OTHER
14594,14600,335,2781,385,2806,federal,50,25,federal,OTHER
14602,14607,390,2780,440,2806,income,50,26,income,OTHER
14609,14611,445,2780,468,2804,tax,23,24,tax,OTHER
14613,14618,473,2779,520,2804,return,47,25,return,OTHER
14620,14622,561,2778,596,2809,omb,35,31,omb,OTHER
14624,14626,600,2776,626,2806,no.,26,30,no.,OTHER
14628,14636,630,2777,701,2809,1545-0008,71,32,1545-0008,OTHER
14642,14645,866,2778,901,2805,copy,35,27,copy,OTHER
14649,14650,918,2778,931,2804,to,13,26,to,OTHER
14652,14653,936,2778,952,2805,be,16,27,be,OTHER
14655,14659,957,2778,984,2806,filed,27,28,filed,OTHER
14661,14661,990,2780,998,2807,w,8,27,w,OTHER
14666,14670,1060,2780,1097,2807,yee's,37,27,yee's,OTHER
14672,14676,1101,2780,1136,2806,state,35,26,state,OTHER
14678,14683,1139,2779,1192,2806,income,53,27,income,OTHER
14685,14687,1196,2779,1220,2805,tax,24,26,tax,OTHER
14689,14694,1224,2779,1269,2804,return,45,25,return,OTHER
14697,14699,1334,2777,1369,2809,ome,35,32,ome,OTHER
14701,14702,1373,2776,1389,2805,no,16,29,no,OTHER
14706,14714,1403,2775,1473,2807,1545-0008,70,32,1545-0008,OTHER
14741,14744,1680,2777,1714,2805,copy,34,28,copy,OTHER
14748,14749,1732,2778,1742,2806,to,10,28,to,OTHER
14751,14752,1748,2778,1764,2806,be,16,28,be,OTHER
14754,14758,1769,2779,1798,2807,filed,29,28,filed,OTHER
14760,14763,1803,2780,1832,2808,with,29,28,with,OTHER
14776,14777,1987,2782,1998,2804,al,11,22,al,OTHER
14779,14784,2001,2781,2055,2806,income,54,25,income,OTHER
14786,14788,2058,2781,2083,2807,tax,25,26,tax,OTHER
14790,14795,2086,2780,2139,2807,return,53,27,return,OTHER
14797,14799,2147,2779,2184,2807,omb,37,28,omb,OTHER
14801,14803,2186,2779,2214,2807,no.,28,28,no.,OTHER
14805,14813,2216,2777,2296,2807,1545-0008,80,30,1545-0008,OTHER
