start_index,end_index,x_top_left,y_top_left,x_bottom_right,y_bottom_right,transcript,box_width,box_height,combined_text,predicted_field
0,0,1990,975,2058,1005,43976.34,68,30,43976.34,OTHER
0,0,2021,1762,2086,1799,medicare,65,37,medicare,OTHER
0,0,1982,1929,2118,1964,78054-9921,136,35,78054-9921,OTHER
0,0,875,2744,942,2771,w-2,67,27,w-2,OTHER
108,111,1035,253,1156,305,2018,121,52,2018,OTHER
131,133,1171,254,1276,306,w-2,105,52,w-2,OTHER
149,151,1287,255,1389,307,and,102,52,and,OTHER
169,176,1401,255,1690,307,earnings,289,52,earnings,OTHER
198,204,1709,253,1995,306,summary,286,53,summary,OTHER
259,261,2225,245,2311,291,adp,86,46,adp,OTHER
281,288,222,317,318,344,employee,96,27,employee,OTHER
301,309,393,313,497,346,reference,104,33,reference,OTHER
315,318,592,316,643,342,copy,51,26,copy,OTHER
361,363,964,314,1006,344,his,42,30,his,OTHER
365,368,1011,314,1070,343,blue,59,29,blue,OTHER
370,377,1075,314,1197,343,earnings,122,29,earnings,OTHER
379,385,1201,314,1329,342,summary,128,28,summary,OTHER
387,393,1334,314,1428,342,section,94,28,section,OTHER
395,396,1433,314,1459,342,is,26,28,is,OTHER
398,405,1464,314,1578,342,included,114,28,included,OTHER
407,410,1583,314,1638,342,with,55,28,with,OTHER
412,415,1644,314,1705,342,your,61,28,your,OTHER
417,419,1710,314,1767,342,w-2,57,28,w-2,OTHER
421,422,1772,314,1798,342,to,26,28,to,OTHER
424,427,1803,314,1864,343,help,61,29,help,OTHER
429,436,1875,313,1983,344,describe,108,31,describe,OTHER
438,445,1988,313,2096,344,portions,108,31,portions,OTHER
447,448,2101,313,2127,345,in,26,32,in,OTHER
450,453,2133,312,2205,346,more,72,34,more,OTHER
455,461,2214,312,2286,346,detail.,72,34,detail.,OTHER
493,496,329,351,386,376,wage,57,25,wage,OTHER
498,500,428,346,464,370,and,36,24,and,OTHER
502,504,506,346,544,372,tax,38,26,tax,OTHER
560,561,965,343,1000,370,he,35,27,he,OTHER
563,569,1006,343,1107,370,reverse,101,27,reverse,OTHER
571,574,1114,343,1170,370,side,56,27,side,OTHER
576,583,1175,343,1288,370,includes,113,27,includes,OTHER
585,591,1293,343,1394,370,general,101,27,general,OTHER
593,603,1399,343,1547,370,information,148,27,information,OTHER
605,608,1554,343,1608,370,that,54,27,that,OTHER
610,612,1613,343,1660,370,you,47,27,you,OTHER
614,616,1666,343,1726,370,may,60,27,may,OTHER
618,621,1732,343,1785,370,also,53,27,also,OTHER
623,626,1793,343,1843,370,find,50,27,find,OTHER
628,635,1847,343,1945,370,helpful.,98,27,helpful.,OTHER
640,642,113,381,168,417,n-2,55,36,n-2,OTHER
667,675,324,371,403,396,statement,79,25,statement,OTHER
685,688,583,386,667,418,2018,84,32,2018,taxYear
691,694,99,432,134,458,copy,35,26,copy,OTHER
696,696,137,432,148,455,c,11,23,c,OTHER
698,700,151,431,172,455,for,21,24,for,OTHER
702,711,175,431,251,455,employee's,76,24,employee's,OTHER
713,720,253,432,322,461,records.,69,29,records.,OTHER
747,751,307,448,360,488,dept.,53,40,dept.,OTHER
752,756,404,451,464,492,corp.,60,41,corp.,OTHER
769,771,564,422,596,448,dmb,32,26,dmb,OTHER
773,775,600,422,626,448,no.,26,26,no.,OTHER
777,785,631,421,709,448,1545-0008,78,27,1545-0008,OTHER
828,829,1025,426,1048,455,1.,23,29,1.,OTHER
831,833,1052,425,1098,455,the,46,30,the,OTHER
835,843,1102,425,1212,455,following,110,30,following,OTHER
845,855,1216,424,1354,455,information,138,31,information,OTHER
857,864,1358,424,1448,454,reflects,90,30,reflects,OTHER
866,869,1452,424,1507,455,your,55,31,your,OTHER
871,875,1511,424,1564,455,final,53,31,final,OTHER
877,880,1568,424,1626,455,2018,58,31,2018,OTHER
882,884,1630,424,1675,455,pay,45,31,pay,OTHER
886,889,1679,424,1733,455,stub,54,31,stub,OTHER
891,894,1737,424,1792,455,plus,55,31,plus,OTHER
896,898,1796,424,1840,455,any,44,31,any,OTHER
900,910,1844,424,1991,456,adjustments,147,32,adjustments,OTHER
912,920,1995,424,2113,456,submitted,118,32,submitted,OTHER
922,923,2118,425,2150,457,by,32,32,by,OTHER
925,928,2154,425,2209,457,your,55,32,your,OTHER
930,938,2213,425,2337,458,employer.,124,33,employer.,OTHER
940,940,97,455,116,479,d,19,24,d,OTHER
942,948,129,451,186,478,control,57,27,control,OTHER
950,955,188,444,257,475,number,69,31,number,OTHER
992,999,614,449,678,480,emplover,64,31,emplover,OTHER
1001,1003,683,450,708,479,use,25,29,use,OTHER
1005,1008,713,452,753,484,only,40,32,only,OTHER
1010,1011,758,458,781,488,36,23,30,36,OTHER
1013,1019,98,472,175,502,2836714,77,30,2836714,OTHER
1060,1060,561,463,584,495,a,23,32,a,OTHER
1126,1130,1102,472,1144,499,gross,42,27,gross,OTHER
1132,1134,1148,468,1179,497,pay,31,29,pay,OTHER
1142,1149,1263,468,1334,495,181669.3,71,27,181669.3,OTHER
1171,1175,1638,467,1677,495,10261,39,28,10261,OTHER
1177,1178,1681,466,1695,493,.2,14,27,.2,OTHER
1187,1189,1834,473,1858,498,ks.,24,25,ks.,OTHER
1191,1195,1863,474,1899,499,state,36,25,state,OTHER
1197,1202,1904,473,1959,499,income,55,26,income,OTHER
1204,1206,1964,472,1986,498,tax,22,26,tax,OTHER
1208,1213,2069,465,2119,494,4137.5,50,29,4137.5,OTHER
1358,1360,1458,488,1480,515,tax,22,27,tax,OTHER
1362,1369,1484,485,1560,515,withheld,76,30,withheld,OTHER
1391,1393,1838,497,1866,518,box,28,21,box,OTHER
1395,1396,1868,498,1887,519,17,19,21,17,OTHER
1397,1402,1878,512,1936,537,income,58,25,income,OTHER
1589,1590,1889,499,1906,520,of,17,21,of,OTHER
1592,1594,1907,500,1944,521,w-2,37,21,w-2,OTHER
1600,1609,134,512,215,541,employer's,81,29,employer's,OTHER
1611,1615,220,513,266,541,"name,",46,28,"name,",OTHER
1617,1624,270,513,333,541,"address,",63,28,"address,",OTHER
1626,1628,337,513,365,541,and,28,28,and,OTHER
1630,1632,369,513,395,540,zip,26,27,zip,OTHER
1634,1637,399,512,446,540,code,47,28,code,OTHER
1739,1741,1458,509,1482,537,box,24,28,box,OTHER
1743,1743,1484,509,1496,536,4,12,27,4,OTHER
1745,1746,1498,509,1513,535,of,15,26,of,OTHER
1748,1750,1516,509,1555,536,w-2,39,27,w-2,OTHER
1771,1775,1835,511,1875,535,local,40,24,local,OTHER
1786,1787,1938,513,1953,537,ta,15,24,ta,OTHER
1792,1798,2078,507,2138,539,3865.45,60,32,3865.45,OTHER
1807,1812,152,535,240,563,"perez,",88,28,"perez,",employerName
1814,1819,246,536,329,564,taylor,83,28,taylor,employerName
1821,1823,336,537,382,564,and,46,27,and,employerName
1825,1831,386,538,487,564,ramirez,101,26,ramirez,employerName
1833,1835,492,538,539,564,itd,47,26,itd,employerName
1975,1977,1836,532,1864,561,box,28,29,box,OTHER
1979,1980,1868,531,1887,560,19,19,29,19,OTHER
1982,1983,1891,532,1903,560,of,12,28,of,OTHER
1985,1986,1906,533,1926,560,w-,20,27,w-,OTHER
1988,1988,1929,534,1941,561,2,12,27,2,OTHER
1999,2002,159,571,211,600,2316,52,29,2316,employerAddressStreet_name
2004,2008,218,568,289,598,price,71,30,price,employerAddressStreet_name
2010,2016,296,568,395,596,squares,99,28,squares,employerAddressStreet_name
2018,2022,400,568,474,595,suite,74,27,suite,employerAddressStreet_name
2024,2026,477,569,515,596,053,38,27,053,employerAddressStreet_name
2104,2107,1102,568,1132,595,fed.,30,27,fed.,OTHER
2109,2114,1136,568,1198,594,income,62,26,income,OTHER
2118,2125,1257,565,1323,589,43976.34,66,24,43976.34,OTHER
2132,2139,1453,567,1521,595,medicare,68,28,medicare,OTHER
2141,2143,1526,566,1551,593,tax,25,27,tax,OTHER
2152,2158,1668,565,1728,591,4300.64,60,26,4300.64,OTHER
2167,2170,154,593,213,624,lake,59,31,lake,employerAddressCity
2172,2176,219,591,292,624,james,73,33,james,employerAddressCity
2178,2179,333,592,368,624,nv,35,32,nv,employerAddressState
2181,2190,375,585,507,624,78054-9921,132,39,78054-9921,employerAddressZip
2273,2275,1100,592,1129,619,tax,29,27,tax,OTHER
2277,2284,1131,591,1198,618,withheld,67,27,withheld,OTHER
2303,2310,1454,592,1530,618,withheld,76,26,withheld,OTHER
2427,2429,1106,615,1129,642,box,23,27,box,OTHER
2431,2431,1134,617,1142,643,2,8,26,2,OTHER
2433,2434,1146,618,1160,644,of,14,26,of,OTHER
2436,2438,1164,618,1194,644,w-2,30,26,w-2,OTHER
2455,2457,1454,615,1482,643,box,28,28,box,OTHER
2459,2459,1486,616,1495,643,6,9,27,6,OTHER
2461,2462,1499,617,1514,644,of,15,27,of,OTHER
2464,2466,1517,617,1558,647,w-2,41,30,w-2,OTHER
2489,2491,1843,614,1865,640,box,22,26,box,OTHER
2493,2494,1869,613,1887,640,14,18,27,14,OTHER
2496,2497,1890,614,1903,642,of,13,28,of,OTHER
2499,2500,1907,616,1929,645,w-,22,29,w-,OTHER
2539,2543,407,683,475,712,batch,68,29,batch,OTHER
2571,2576,589,677,674,711,#02021,85,34,#02021,OTHER
2578,2580,98,728,128,754,eff,30,26,eff,OTHER
2582,2590,132,728,215,755,employees,83,27,employees,OTHER
2592,2596,217,728,265,756,name.,48,28,name.,OTHER
2598,2604,268,728,329,756,address,61,28,address,OTHER
2606,2608,332,728,361,756,and,29,28,and,OTHER
2610,2612,364,728,389,756,zip,25,28,zip,OTHER
2614,2617,392,728,438,756,code,46,28,code,OTHER
2725,2726,1023,753,1048,782,2.,25,29,2.,OTHER
2728,2731,1053,753,1111,782,your,58,29,your,OTHER
2733,2737,1116,753,1187,782,gross,71,29,gross,OTHER
2739,2741,1192,754,1236,783,pay,44,29,pay,OTHER
2743,2745,1241,754,1290,783,was,49,29,was,OTHER
2747,2754,1295,754,1398,783,adjusted,103,29,adjusted,OTHER
2756,2757,1403,754,1431,783,as,28,29,as,OTHER
2759,2765,1436,753,1523,783,follows,87,30,follows,OTHER
2767,2768,1527,753,1552,783,to,25,30,to,OTHER
2770,2776,1557,753,1657,783,produce,100,30,produce,OTHER
2778,2781,1661,752,1718,783,your,57,31,your,OTHER
2783,2785,1722,752,1770,783,w-2,48,31,w-2,OTHER
2787,2796,1775,750,1893,783,statement.,118,33,statement.,OTHER
2805,2815,153,784,305,814,christopher,152,30,christopher,OTHER
2817,2820,310,784,364,811,carr,54,27,carr,OTHER
2830,2834,153,813,226,840,70784,73,27,70784,OTHER
2836,2841,232,812,317,839,thomas,85,27,thomas,OTHER
2843,2848,323,812,408,841,tunnel,85,29,tunnel,OTHER
2970,2975,1333,817,1389,844,"wages,",56,27,"wages,",OTHER
2977,2981,1394,816,1431,844,"tips,",37,28,"tips,",OTHER
2983,2987,1435,814,1465,842,other,30,28,other,OTHER
2995,3000,1582,815,1626,845,social,44,30,social,OTHER
3002,3006,1632,813,1675,843,secur,43,30,secur,OTHER
3009,3014,1680,813,1730,841,medica,50,28,medica,OTHER
3028,3030,1839,814,1857,844,<s.,18,30,<s.,OTHER
3032,3036,1862,812,1898,843,state,36,31,state,OTHER
3038,3042,1903,809,1948,841,wages,45,32,wages,OTHER
3044,3044,1954,809,1960,839,",",6,30,",",OTHER
3046,3052,1993,814,2056,844,simpson,63,30,simpson,OTHER
3054,3058,2060,813,2102,841,wells,42,28,wells,OTHER
3068,3075,152,840,266,873,noahbury,114,33,noahbury,OTHER
3077,3078,309,840,343,868,dc,34,28,dc,OTHER
3080,3089,401,840,539,869,62135-2773,138,29,62135-2773,OTHER
3209,3211,1334,856,1363,887,box,29,31,box,OTHER
3213,3213,1367,856,1374,887,1,7,31,1,OTHER
3215,3216,1379,856,1393,887,of,14,31,of,OTHER
3218,3218,1399,857,1407,887,w,8,30,w,OTHER
3220,3220,1412,858,1414,887,-,2,29,-,OTHER
3222,3222,1420,859,1436,888,2,16,29,2,OTHER
3234,3238,1582,841,1644,871,wages,62,30,wages,OTHER
3239,3243,1679,829,1743,860,waves,64,31,waves,OTHER
3266,3268,1837,856,1866,886,box,29,30,box,OTHER
3270,3271,1869,856,1887,886,16,18,30,16,OTHER
3273,3274,1625,860,1639,892,of,14,32,of,OTHER
3276,3276,1643,860,1654,892,w,11,32,w,OTHER
3277,3277,1658,860,1661,891,-,3,31,-,OTHER
3278,3278,1664,860,1675,891,2,11,31,2,OTHER
3285,3289,1996,842,2031,868,local,35,26,local,OTHER
3291,3295,2035,840,2082,868,wages,47,28,wages,OTHER
3297,3297,2085,840,2093,863,",",8,23,",",OTHER
3471,3473,1578,860,1609,893,box,31,33,box,OTHER
3475,3475,1612,860,1622,892,3,10,32,3,OTHER
3477,3478,1724,860,1740,891,of,16,31,of,OTHER
3480,3480,1743,860,1755,890,w,12,30,w,OTHER
3482,3482,1758,860,1761,890,-,3,30,-,OTHER
3484,3484,1765,860,1780,890,2,15,30,2,OTHER
3486,3488,1679,860,1708,891,box,29,31,box,OTHER
3490,3490,1711,860,1720,891,5,9,31,5,OTHER
3492,3493,1891,856,1903,888,of,12,32,of,OTHER
3497,3497,259,1439,264,1468,-,5,29,-,OTHER
3499,3499,1180,1674,1203,1708,2,23,34,2,OTHER
3524,3526,1995,874,2021,903,box,26,29,box,OTHER
3528,3529,2024,876,2042,905,18,18,29,18,OTHER
3531,3532,2046,878,2060,905,of,14,27,of,OTHER
3534,3535,2064,878,2086,905,w2,22,27,w2,OTHER
3540,3549,134,904,216,931,emplover's,82,27,emplover's,OTHER
3551,3553,220,905,252,932,fed,32,27,fed,OTHER
3555,3556,256,905,272,932,id,16,27,id,OTHER
3558,3563,276,905,334,932,number,58,27,number,OTHER
3579,3588,435,904,521,931,employee's,86,27,employee's,OTHER
3590,3592,524,904,556,932,ssa,32,28,ssa,OTHER
3594,3600,558,905,642,939,number_,84,34,number_,OTHER
3608,3617,150,923,259,953,34-9125296,109,30,34-9125296,einEmployerIdentificationNumber
3661,3666,560,920,615,950,100-02,55,30,100-02,OTHER
3668,3672,618,921,666,950,-7219,48,29,-7219,OTHER
3753,3761,1372,925,1451,951,181669.28,79,26,181669.28,OTHER
3809,3816,1997,919,2061,948,181669.3,64,29,181669.3,OTHER
3830,3837,1686,925,1751,956,181669.3,65,31,181669.3,OTHER
3952,3957,1071,926,1139,961,tgross,68,35,tgross,OTHER
3959,3961,1144,926,1172,952,pay,28,26,pay,OTHER
4011,4014,1580,937,1625,964,8826,45,27,8826,OTHER
4016,4023,1841,922,1906,950,181669.3,65,28,181669.3,OTHER
4066,4069,1992,948,2033,971,3826,41,23,3826,OTHER
4114,4120,433,957,488,991,federal,55,34,federal,OTHER
4122,4127,491,959,548,991,income,57,32,income,OTHER
4129,4131,551,961,574,991,tax,23,30,tax,OTHER
4133,4140,577,962,636,990,withheld,59,28,withheld,OTHER
4177,4180,1023,966,1057,993,less,34,27,less,OTHER
4182,4184,1061,965,1082,991,401,21,26,401,OTHER
4186,4188,1087,964,1106,990,(k),19,26,(k),OTHER
4190,4195,1110,962,1160,989,(d-box,50,27,(d-box,OTHER
4197,4198,1164,961,1183,987,2),19,26,2),OTHER
4243,4245,1579,961,1616,991,nia,37,30,nia,OTHER
4247,4252,1334,978,1387,1008,43976.,53,30,43976.,OTHER
4253,4253,609,1493,615,1522,3,6,29,3,OTHER
4276,4283,1836,970,1899,1003,23976.34,63,33,23976.34,OTHER
4297,4299,1990,960,2025,987,,35,27,,OTHER
4527,4533,1679,976,1738,1008,43976.3,59,32,43976.3,OTHER
4534,4534,108,1326,122,1349,4,14,23,4,OTHER
4542,4550,152,973,249,1005,127431.74,97,32,127431.74,box1WagesTipsAndOtherCompensations
4686,4686,406,1715,429,1753,4,23,38,4,OTHER
4687,4688,228,2507,254,2539,39,26,32,39,OTHER
4689,4689,603,2506,616,2539,7,13,33,7,OTHER
4690,4690,609,1105,624,1132,6,15,27,6,OTHER
4691,4691,209,1106,215,1132,.,6,26,.,OTHER
4842,4850,1335,992,1405,1023,127431.74,70,31,127431.74,OTHER
4865,4873,1582,990,1666,1019,127481.74,84,29,127481.74,OTHER
4875,4883,1681,996,1750,1025,127431.74,69,29,127431.74,OTHER
4898,4906,1835,989,1905,1021,427431.74,70,32,427431.74,OTHER
4920,4929,1992,992,2067,1021,1274121.74,75,29,1274121.74,OTHER
5038,5045,1022,1000,1089,1026,reported,67,26,reported,OTHER
5047,5049,1907,858,1938,893,w-2,31,35,w-2,OTHER
5051,5055,1126,994,1181,1024,wages,55,30,wages,OTHER
5063,5073,151,1022,270,1063,134133.34wa,119,41,134133.34wa,OTHER
5118,5120,546,1019,570,1046,tax,24,27,tax,OTHER
5122,5129,573,1017,638,1046,withheld,65,29,withheld,OTHER
5138,5145,139,1089,199,1117,medicare,60,28,medicare,OTHER
5176,5183,433,1089,503,1115,medicare,70,26,medicare,OTHER
5185,5187,506,1089,529,1114,tax,23,25,tax,OTHER
5189,5196,532,1089,602,1116,withheld,70,27,withheld,OTHER
5238,5239,1023,1084,1046,1115,3.,23,31,3.,OTHER
5241,5248,1052,1085,1169,1115,employee,117,30,employee,OTHER
5250,5252,1175,1085,1219,1115,w-4,44,30,w-4,OTHER
5254,5261,1225,1085,1312,1115,profile.,87,30,profile.,OTHER
5263,5264,1318,1085,1349,1115,to,31,30,to,OTHER
5266,5271,1354,1085,1440,1115,change,86,30,change,OTHER
5273,5276,1445,1085,1500,1115,your,55,30,your,OTHER
5278,5285,1505,1085,1624,1116,employee,119,31,employee,OTHER
5287,5289,1628,1086,1676,1116,w-4,48,30,w-4,OTHER
5291,5297,1680,1086,1757,1116,profile,77,30,profile,OTHER
5299,5310,1761,1086,1907,1116,"information,",146,30,"information,",OTHER
5312,5315,1910,1086,1949,1116,file,39,30,file,OTHER
5317,5317,1952,1086,1969,1116,a,17,30,a,OTHER
5319,5321,1972,1086,2024,1117,new,52,31,new,OTHER
5323,5325,2029,1086,2076,1117,w-4,47,31,w-4,OTHER
5327,5330,2079,1086,2133,1117,with,54,31,with,OTHER
5332,5335,2136,1086,2194,1117,your,58,31,your,OTHER
5337,5343,2196,1086,2285,1118,payroll,89,32,payroll,OTHER
5345,5349,2287,1086,2359,1118,dept.,72,32,dept.,OTHER
5358,5363,151,1106,208,1133,148297,57,27,148297,OTHER
5365,5369,203,1088,252,1114,wages,49,26,wages,OTHER
5386,5386,601,1105,605,1131,.,4,26,.,OTHER
5388,5389,217,1105,249,1131,77,32,26,77,OTHER
5391,5393,257,1088,283,1111,and,26,23,and,OTHER
5395,5398,288,1088,326,1110,tips,38,22,tips,OTHER
5430,5433,563,1103,597,1131,4300,34,28,4300,OTHER
5435,5435,619,1494,626,1523,.,7,29,.,OTHER
5437,5437,1178,1757,1200,1798,6,22,41,6,OTHER
5480,5480,405,1146,425,1175,8,20,29,8,OTHER
5482,5490,436,1145,504,1176,allocated,68,31,allocated,OTHER
5492,5495,507,1146,549,1183,tips,42,37,tips,OTHER
5645,5650,1836,1152,1878,1180,social,42,28,social,OTHER
5652,5659,1883,1152,1936,1179,security,53,27,security,OTHER
5661,5666,1940,1152,1994,1180,number,54,28,number,OTHER
5674,5679,151,1164,208,1194,134133,57,30,134133,OTHER
5681,5683,211,1160,251,1194,.34,40,34,.34,OTHER
5727,5732,561,1166,616,1192,148297,55,26,148297,OTHER
5734,5736,620,1166,653,1191,.77,33,25,.77,OTHER
5784,5794,1102,1169,1269,1202,christopher,167,33,christopher,OTHER
5796,5799,1276,1169,1342,1201,carr,66,32,carr,OTHER
5909,5915,2072,1160,2141,1192,married,69,32,married,OTHER
5919,5930,132,1208,217,1235,verification,85,27,verification,OTHER
5932,5935,221,1208,259,1234,code,38,26,code,OTHER
5959,5959,412,1206,432,1233,0,20,27,0,OTHER
5961,5969,439,1206,520,1234,dependent,81,28,dependent,OTHER
5971,5974,523,1207,556,1234,care,33,27,care,OTHER
5976,5983,559,1207,619,1234,benefits,60,27,benefits,OTHER
6034,6038,1108,1209,1184,1240,70784,76,31,70784,OTHER
6040,6045,1191,1208,1286,1239,thomas,95,31,thomas,OTHER
6047,6052,1293,1208,1372,1238,tunnel,79,30,tunnel,OTHER
6122,6128,1834,1201,1904,1229,federal,70,28,federal,OTHER
6130,6130,1907,1199,1925,1228,:,18,29,:,OTHER
6248,6251,1103,1251,1163,1276,lake,60,25,lake,OTHER
6253,6257,1178,1249,1252,1275,james,74,26,james,OTHER
6259,6260,1303,1249,1338,1274,nv,35,25,nv,OTHER
6262,6268,1352,1247,1454,1275,78054-9,102,28,78054-9,OTHER
6337,6341,1834,1233,1897,1268,local,63,35,local,OTHER
6346,6357,136,1265,231,1287,nonqualified,95,22,nonqualified,OTHER
6384,6385,413,1263,436,1290,2a,23,27,2a,OTHER
6387,6389,440,1264,467,1290,see,27,26,see,OTHER
6391,6402,471,1264,558,1290,instructions,87,26,instructions,OTHER
6404,6406,562,1263,583,1290,for,21,27,for,OTHER
6408,6410,587,1262,617,1289,box,30,27,box,OTHER
6412,6413,621,1262,637,1288,12,16,26,12,OTHER
6421,6423,153,1278,188,1303,178,35,25,178,OTHER
6425,6429,233,1265,275,1287,plans,42,22,plans,OTHER
6433,6433,1994,1715,2016,1749,4,22,34,4,OTHER
6435,6439,144,1325,188,1349,other,44,24,other,OTHER
6482,6483,412,1350,443,1381,20,31,31,20,OTHER
6504,6506,562,1341,598,1368,468,36,27,468,OTHER
6549,6549,411,1378,415,1411,a,4,33,a,OTHER
6551,6554,422,1379,441,1413,stat,19,34,stat,OTHER
6556,6559,447,1381,475,1415,emp.,28,34,emp.,OTHER
6561,6563,481,1382,503,1416,fet,22,34,fet,OTHER
6565,6568,508,1383,551,1416,plan,43,33,plan,OTHER
6570,6572,559,1384,577,1416,ard,18,32,ard,OTHER
6574,6578,580,1383,609,1416,party,29,33,party,OTHER
6580,6583,612,1382,635,1414,sick,23,32,sick,OTHER
6585,6587,637,1380,662,1413,pay,25,33,pay,OTHER
6592,6596,138,1430,184,1456,state,46,26,state,OTHER
6598,6600,230,1439,255,1469,938,25,30,938,OTHER
6602,6602,286,1438,294,1468,-,8,30,-,OTHER
6604,6605,269,1439,282,1468,88,13,29,88,OTHER
6607,6607,610,1735,617,1766,-,7,31,-,OTHER
6609,6611,297,1438,332,1468,345,35,30,345,OTHER
6648,6653,563,1434,615,1467,88837.,52,33,88837.,box16StateWagesTips
6655,6656,621,1436,636,1468,89,15,32,89,box16StateWagesTips
6659,6660,100,1484,124,1510,17,24,26,17,OTHER
6662,6666,143,1484,177,1512,state,34,28,state,OTHER
6668,6673,182,1484,237,1513,income,55,29,income,OTHER
6675,6677,241,1483,268,1512,tax,27,29,tax,OTHER
6699,6699,412,1481,434,1512,8,22,31,8,OTHER
6701,6705,443,1482,482,1514,local,39,32,local,OTHER
6707,6712,487,1484,539,1517,wanes.,52,33,wanes.,OTHER
6714,6717,543,1488,567,1519,tips,24,31,tips,OTHER
6719,6722,571,1490,605,1521,:973,34,31,:973,OTHER
6724,6724,1374,2567,1380,2597,3,6,30,3,OTHER
6726,6726,311,1671,322,1701,.,11,30,.,OTHER
6728,6729,629,1495,648,1524,31,19,29,31,OTHER
6736,6740,139,1541,180,1575,local,41,34,local,OTHER
6742,6747,184,1541,238,1575,income,54,34,income,OTHER
6749,6750,243,1538,261,1571,ta,18,33,ta,OTHER
6774,6781,444,1541,501,1574,locality,57,33,locality,OTHER
6783,6786,506,1545,555,1578,name,49,33,name,OTHER
6788,6794,564,1549,632,1584,simpson,68,35,simpson,OTHER
6796,6800,637,1554,680,1588,wells,43,34,wells,OTHER
6908,6911,1039,1557,1072,1588,2018,33,31,2018,OTHER
6913,6916,1077,1556,1111,1586,"adp,",34,30,"adp,",OTHER
6918,6920,1117,1556,1155,1586,llc,38,30,llc,OTHER
6924,6924,98,1678,119,1708,1,21,30,1,OTHER
6926,6930,132,1679,177,1708,wages,45,29,wages,OTHER
6932,6932,182,1679,185,1708,",",3,29,",",OTHER
6934,6937,190,1679,213,1707,tips,23,28,tips,OTHER
6939,6939,217,1679,223,1706,",",6,27,",",OTHER
6941,6945,227,1676,267,1706,other,40,30,other,OTHER
6947,6950,271,1673,306,1704,comp,35,31,comp,OTHER
6952,6952,951,1676,954,1705,.,3,29,.,OTHER
6962,6968,435,1674,489,1706,federal,54,32,federal,OTHER
6970,6975,494,1675,547,1707,income,53,32,income,OTHER
6977,6979,551,1676,575,1707,tax,24,31,tax,OTHER
6981,6988,580,1676,637,1708,withheld,57,32,withheld,OTHER
7007,7007,865,1675,890,1707,1,25,32,1,OTHER
7009,7013,901,1676,946,1706,wages,45,30,wages,OTHER
7015,7015,987,1676,992,1704,.,5,28,.,OTHER
7017,7020,960,1676,981,1705,tips,21,29,tips,OTHER
7022,7022,1081,1672,1088,1703,.,7,31,.,OTHER
7024,7028,998,1674,1033,1704,other,35,30,other,OTHER
7030,7033,1040,1672,1075,1703,comp,35,31,comp,OTHER
7035,7035,1764,1677,1768,1706,.,4,29,.,OTHER
7044,7044,620,1735,630,1766,2,10,31,2,OTHER
7046,7052,1209,1674,1261,1708,federal,52,34,federal,OTHER
7054,7059,1267,1675,1319,1708,income,52,33,income,OTHER
7061,7063,1325,1675,1346,1707,tax,21,32,tax,OTHER
7065,7072,1352,1674,1417,1707,withheld,65,33,withheld,OTHER
7112,7116,1715,1675,1759,1706,wages,44,31,wages,OTHER
7118,7118,1800,1677,1806,1707,.,6,30,.,OTHER
7120,7123,1773,1677,1795,1707,tips,22,30,tips,OTHER
7125,7125,1893,1671,1898,1702,.,5,31,.,OTHER
7127,7131,1811,1675,1847,1706,other,36,31,other,OTHER
7133,7136,1853,1672,1887,1705,comp,34,33,comp,OTHER
7138,7138,2196,1741,2203,1768,.,7,27,.,OTHER
7148,7154,2022,1674,2074,1706,federal,52,32,federal,OTHER
7156,7161,2080,1674,2134,1706,income,54,32,income,OTHER
7163,7165,2140,1674,2160,1706,tax,20,32,tax,OTHER
7167,7174,2166,1674,2224,1707,withheld,58,33,withheld,OTHER
7181,7186,133,1722,179,1747,social,46,25,social,OTHER
7188,7195,182,1723,241,1747,security,59,24,security,OTHER
7197,7201,244,1722,289,1746,wages,45,24,wages,OTHER
7213,7213,1689,2233,1703,2256,4,14,23,4,OTHER
7215,7220,437,1715,478,1753,social,41,38,social,OTHER
7222,7229,484,1716,539,1752,security,55,36,security,OTHER
7231,7233,545,1716,567,1749,tax,22,33,tax,OTHER
7235,7242,573,1715,633,1746,withheld,60,31,withheld,OTHER
7262,7267,902,1719,947,1748,social,45,29,social,OTHER
7269,7276,951,1719,1010,1746,security,59,27,security,OTHER
7278,7279,1014,1719,1040,1745,wa,26,26,wa,OTHER
7298,7303,1208,1716,1252,1755,social,44,39,social,OTHER
7305,7312,1257,1715,1314,1753,security,57,38,security,OTHER
7314,7316,1320,1715,1340,1748,tax,20,33,tax,OTHER
7318,7325,1346,1711,1411,1746,withheld,65,35,withheld,OTHER
7365,7370,1715,1720,1760,1748,social,45,28,social,OTHER
7373,7380,1764,1718,1823,1745,security,59,27,security,OTHER
7382,7383,1826,1718,1848,1742,wa,22,24,wa,OTHER
7402,7407,2024,1716,2067,1750,social,43,34,social,OTHER
7409,7416,2073,1717,2129,1750,security,56,33,security,OTHER
7418,7420,2134,1717,2155,1749,tax,21,32,tax,OTHER
7422,7429,2160,1715,2219,1747,withheld,59,32,withheld,OTHER
7436,7441,151,1739,207,1765,134133,56,26,134133,OTHER
7443,7445,209,1737,248,1765,.34,39,28,.34,OTHER
7469,7476,434,1758,498,1796,medicare,64,38,medicare,OTHER
7478,7480,505,1760,526,1797,tax,21,37,tax,OTHER
7482,7486,561,1734,607,1768,10251,46,34,10251,OTHER
7543,7550,532,1763,603,1804,withheld,71,41,withheld,OTHER
7551,7551,983,2572,990,2595,-,7,23,-,OTHER
7553,7553,1393,1736,1399,1766,2,6,30,2,OTHER
7555,7556,610,1774,646,1811,64,36,37,64,OTHER
7579,7587,945,1747,1038,1773,134135-34,93,26,134135-34,OTHER
7611,7617,913,1772,968,1800,edicare,55,28,edicare,OTHER
7619,7621,1280,1759,1299,1796,tax,19,37,tax,OTHER
7622,7627,1334,1737,1389,1770,10261.,55,33,10261.,OTHER
7767,7774,1306,1760,1376,1802,withheld,70,42,withheld,OTHER
7775,7775,2206,1740,2213,1767,2,7,27,2,OTHER
7776,7776,243,1769,257,1798,5,14,29,5,OTHER
7822,7830,1758,1740,1855,1769,134133.34,97,29,134133.34,OTHER
8023,8030,1208,1757,1272,1797,medicare,64,40,medicare,OTHER
8032,8036,972,1770,1019,1800,wages,47,30,wages,OTHER
8038,8040,1023,1767,1051,1798,and,28,31,and,OTHER
8042,8045,1055,1762,1088,1796,tips,33,34,tips,OTHER
8289,8293,2147,1742,2192,1770,10261,45,28,10261,OTHER
8295,8295,439,1804,446,1836,.,7,32,.,OTHER
8297,8298,2196,1770,2218,1803,64,22,33,64,OTHER
8527,8534,1713,1765,1780,1797,medicare,67,32,medicare,OTHER
8536,8538,2092,1762,2113,1798,tax,21,36,tax,OTHER
8540,8547,2120,1763,2189,1801,withheld,69,38,withheld,OTHER
8552,8552,906,2779,914,2806,2,8,27,2,OTHER
8560,8566,152,1773,212,1802,148297.,60,29,148297.,OTHER
8568,8569,216,1771,239,1801,24,23,30,24,OTHER
8571,8571,107,2503,122,2526,5,15,23,5,OTHER
8648,8648,406,2000,427,2033,a,21,33,a,OTHER
8652,8656,1786,1767,1833,1797,wages,47,30,wages,OTHER
8658,8660,1838,1766,1864,1796,and,26,30,and,OTHER
8662,8665,1869,1762,1907,1794,tips,38,32,tips,OTHER
8730,8737,616,1809,677,1839,employer,61,30,employer,OTHER
8739,8741,682,1809,708,1840,use,26,31,use,OTHER
8743,8746,713,1811,752,1843,only,39,32,only,OTHER
8917,8924,1387,1807,1451,1838,employer,64,31,employer,OTHER
8926,8928,1456,1808,1482,1838,use,26,30,use,OTHER
8930,8933,1486,1807,1529,1837,only,43,30,only,OTHER
8935,8936,2342,1817,2370,1851,36,28,34,36,OTHER
8938,8945,100,1812,183,1848,2control,83,36,2control,OTHER
8947,8952,187,1807,255,1838,number,68,31,number,OTHER
8954,8958,306,1811,359,1844,dept.,53,33,dept.,OTHER
8960,8963,407,1804,433,1837,corp,26,33,corp,OTHER
8965,8965,1213,1810,1228,1839,.,15,29,.,OTHER
9022,9028,898,1812,952,1844,control,54,32,control,OTHER
9030,9035,955,1807,1024,1836,number,69,29,number,OTHER
9051,9055,1100,1813,1152,1846,dept.,52,33,dept.,OTHER
9057,9060,1179,1811,1207,1839,corp,28,28,corp,OTHER
9062,9062,2025,1809,2037,1839,.,12,30,.,OTHER
9083,9090,2200,1808,2266,1839,employer,66,31,employer,OTHER
9092,9094,2271,1811,2295,1842,use,24,31,use,OTHER
9096,9099,2299,1813,2339,1846,only,40,33,only,OTHER
9125,9131,1713,1813,1764,1844,control,51,31,control,OTHER
9133,9138,1768,1807,1833,1837,number,65,30,number,OTHER
9154,9158,1912,1812,1965,1842,dept.,53,30,dept.,OTHER
9160,9163,1993,1810,2020,1841,corp,27,31,corp,OTHER
9165,9165,1392,2075,1398,2103,.,6,28,.,OTHER
9168,9177,134,1842,217,1876,employer's,83,34,employer's,OTHER
9179,9182,220,1847,257,1878,name,37,31,name,OTHER
9184,9184,260,1848,266,1878,",",6,30,",",OTHER
9186,9192,269,1848,326,1879,address,57,31,address,OTHER
9194,9194,329,1849,335,1879,",",6,30,",",OTHER
9196,9198,338,1849,366,1879,and,28,30,and,OTHER
9200,9202,370,1849,394,1878,zip,24,29,zip,OTHER
9204,9207,398,1848,439,1877,code,41,29,code,OTHER
9250,9259,902,1843,982,1877,employer's,80,34,employer's,OTHER
9261,9264,987,1847,1023,1879,name,36,32,name,OTHER
9266,9266,1027,1848,1032,1879,",",5,31,",",OTHER
9268,9274,1036,1849,1091,1880,address,55,31,address,OTHER
9276,9276,1095,1850,1100,1880,",",5,30,",",OTHER
9278,9280,1104,1850,1134,1880,and,30,30,and,OTHER
9282,9284,1138,1850,1161,1880,zip,23,30,zip,OTHER
9286,9289,1165,1849,1208,1879,code,43,30,code,OTHER
9353,9363,1680,1841,1798,1877,"""employer's",118,36,"""employer's",OTHER
9365,9368,1801,1848,1839,1878,name,38,30,name,OTHER
9370,9370,1842,1849,1847,1879,",",5,30,",",OTHER
9372,9378,1850,1849,1907,1879,address,57,30,address,OTHER
9380,9380,1910,1850,1916,1879,",",6,29,",",OTHER
9382,9384,1918,1850,1948,1879,and,30,29,and,OTHER
9386,9388,1951,1849,1977,1878,zip,26,29,zip,OTHER
9390,9393,1980,1848,2021,1876,code,41,28,code,OTHER
9402,9406,152,1868,216,1902,perez,64,34,perez,OTHER
9408,9408,220,1872,241,1903,",",21,31,",",OTHER
9410,9415,245,1874,331,1906,taylor,86,32,taylor,OTHER
9417,9419,335,1877,382,1906,and,47,29,and,OTHER
9421,9427,386,1877,487,1906,ramirez,101,29,ramirez,OTHER
9429,9431,491,1875,539,1904,itd,48,29,itd,OTHER
9487,9491,945,1873,1012,1904,perez,67,31,perez,OTHER
9493,9493,1014,1875,1034,1905,",",20,30,",",OTHER
9495,9500,1037,1876,1124,1907,taylor,87,31,taylor,OTHER
9502,9504,1129,1878,1176,1907,and,47,29,and,OTHER
9506,9512,1180,1877,1281,1906,ramirez,101,29,ramirez,OTHER
9514,9516,1285,1876,1326,1903,itd,41,27,itd,OTHER
9591,9596,1758,1878,1846,1906,"perez,",88,28,"perez,",OTHER
9598,9603,1851,1877,1936,1906,taylor,85,29,taylor,OTHER
9605,9607,1941,1877,1988,1906,and,47,29,and,OTHER
9609,9615,1991,1876,2092,1906,ramirez,101,30,ramirez,OTHER
9617,9619,2097,1876,2130,1906,lto,33,30,lto,OTHER
9630,9632,167,1904,211,1938,316,44,34,316,OTHER
9634,9638,217,1903,292,1936,price,75,33,price,OTHER
9640,9646,297,1903,396,1935,squares,99,32,squares,OTHER
9648,9652,401,1903,474,1933,suite,73,30,suite,OTHER
9654,9656,478,1904,517,1932,053,39,28,053,OTHER
9716,9718,960,1907,1005,1937,316,45,30,316,OTHER
9720,9724,1011,1904,1083,1937,price,72,33,price,OTHER
9726,9732,1090,1903,1188,1936,squares,98,33,squares,OTHER
9734,9738,1194,1903,1267,1934,suite,73,31,suite,OTHER
9740,9742,1272,1904,1308,1932,053,36,28,053,OTHER
9816,9819,1759,1907,1819,1935,2316,60,28,2316,OTHER
9821,9825,1823,1906,1896,1935,price,73,29,price,OTHER
9827,9833,1902,1905,2001,1935,squares,99,30,squares,OTHER
9835,9839,2007,1903,2080,1934,suite,73,31,suite,OTHER
9841,9843,2086,1902,2128,1931,053,42,29,053,OTHER
9852,9855,153,1932,215,1964,lake,62,32,lake,OTHER
9857,9861,220,1932,294,1964,james,74,32,james,OTHER
9863,9864,331,1934,370,1964,nv,39,30,nv,OTHER
9867,9867,406,2056,428,2089,8,22,33,8,OTHER
9868,9868,2001,2611,2022,2641,0,21,30,0,OTHER
9869,9870,1383,1770,1413,1806,54,30,36,54,OTHER
9874,9874,1720,2780,1727,2806,2,7,26,2,OTHER
9875,9875,108,2177,124,2202,1,16,25,1,OTHER
9938,9941,945,1934,1006,1965,lake,61,31,lake,OTHER
9943,9947,1013,1935,1086,1965,james,73,30,james,OTHER
9949,9950,1127,1932,1162,1963,nv,35,31,nv,OTHER
9952,9961,374,1932,505,1964,78054-9921,131,32,78054-9921,OTHER
10041,10044,1760,1931,1818,1960,lake,58,29,lake,OTHER
10046,10049,1825,1932,1879,1960,jame,54,28,jame,OTHER
10051,10052,1939,1932,1976,1963,nv,37,31,nv,OTHER
10054,10063,1168,1932,1302,1964,78054-9921,134,32,78054-9921,OTHER
10070,10079,134,1997,215,2027,employer's,81,30,employer's,OTHER
10081,10083,220,1998,251,2028,fed,31,30,fed,OTHER
10085,10086,256,1999,272,2028,id,16,29,id,OTHER
10088,10093,277,1999,328,2029,number,51,30,number,OTHER
10105,10105,1178,1998,1200,2031,a,22,33,a,OTHER
10107,10116,435,1997,520,2032,employee's,85,35,employee's,OTHER
10118,10120,525,1997,555,2031,ssa,30,34,ssa,OTHER
10122,10127,560,1998,614,2032,number,54,34,number,OTHER
10153,10162,903,2000,983,2028,employer's,80,28,employer's,OTHER
10164,10166,987,2000,1020,2027,fed,33,27,fed,OTHER
10168,10169,1023,2000,1040,2027,id,17,27,id,OTHER
10171,10176,1043,2001,1106,2029,number,63,28,number,OTHER
10193,10193,1992,1999,2014,2031,a,22,32,a,OTHER
10195,10204,1208,1998,1295,2031,employee's,87,33,employee's,OTHER
10206,10208,1300,1998,1328,2030,ssa,28,32,ssa,OTHER
10210,10215,1333,1997,1393,2030,number,60,33,number,OTHER
10256,10265,1715,1997,1797,2027,employer's,82,30,employer's,OTHER
10267,10269,1801,1999,1832,2028,fed,31,29,fed,OTHER
10271,10272,1836,1999,1853,2028,id,17,29,id,OTHER
10274,10279,1856,2000,1920,2029,number,64,29,number,OTHER
10293,10302,2021,1998,2107,2032,employee's,86,34,employee's,OTHER
10304,10306,2112,1998,2143,2032,ssa,31,34,ssa,OTHER
10308,10313,2147,1997,2207,2031,number,60,34,number,OTHER
10321,10330,152,2020,258,2049,34-9125296,106,29,34-9125296,OTHER
10509,10518,1757,2016,1864,2045,34-9125296,107,29,34-9125296,OTHER
10525,10529,133,2065,178,2098,sofia,45,33,sofia,OTHER
10531,10536,181,2068,242,2098,isguay,61,30,isguay,OTHER
10538,10541,245,2066,271,2096,tips,26,30,tips,OTHER
10561,10561,1180,2053,1203,2088,8,23,35,8,OTHER
10563,10571,437,2056,500,2088,allocated,63,32,allocated,OTHER
10573,10576,506,2058,550,2089,tips,44,31,tips,OTHER
10610,10614,912,2065,945,2096,ocial,33,31,ocial,OTHER
10616,10623,948,2066,1008,2096,security,60,30,security,OTHER
10625,10628,1010,2067,1046,2096,tips,36,29,tips,OTHER
10648,10648,411,2554,435,2585,8,24,31,8,OTHER
10650,10658,1210,2054,1274,2088,allocated,64,34,allocated,OTHER
10660,10663,1280,2057,1325,2088,tips,45,31,tips,OTHER
10713,10718,1758,2070,1814,2099,134133,56,29,134133,OTHER
10720,10720,1817,2071,1822,2099,.,5,28,.,OTHER
10722,10723,1824,2071,1850,2100,34,26,29,34,OTHER
10748,10756,2023,2056,2090,2088,allocated,67,32,allocated,OTHER
10758,10761,2094,2057,2136,2088,tips,42,31,tips,OTHER
10819,10827,561,2075,652,2102,148297.77,91,27,148297.77,OTHER
10910,10915,1335,2075,1389,2104,148297,54,29,148297,OTHER
10917,10917,2205,2076,2212,2102,.,7,26,.,OTHER
10919,10920,1401,2075,1425,2103,77,24,28,77,OTHER
11007,11012,2147,2077,2202,2104,148297,55,27,148297,OTHER
11014,11014,501,2296,504,2332,.,3,36,.,OTHER
11016,11017,2215,2073,2233,2101,77,18,28,77,OTHER
11023,11034,133,2116,216,2145,verification,83,29,verification,OTHER
11036,11039,221,2116,263,2144,code,42,28,code,OTHER
11060,11061,408,2117,433,2149,10,25,32,10,OTHER
11063,11071,438,2117,518,2149,dependent,80,32,dependent,OTHER
11073,11076,523,2117,554,2148,care,31,31,care,OTHER
11078,11085,560,2116,618,2146,benefits,58,30,benefits,OTHER
11106,11117,901,2117,984,2148,verification,83,31,verification,OTHER
11119,11122,988,2116,1026,2148,code,38,32,code,OTHER
11146,11147,1179,2114,1208,2147,10,29,33,10,OTHER
11149,11157,1213,2116,1292,2148,dependent,79,32,dependent,OTHER
11159,11162,1297,2118,1328,2148,care,31,30,care,OTHER
11164,11171,1332,2118,1387,2147,benefits,55,29,benefits,OTHER
11209,11220,1714,2117,1797,2147,verification,83,30,verification,OTHER
11222,11225,1801,2118,1835,2147,code,34,29,code,OTHER
11246,11247,1992,2115,2021,2146,10,29,31,10,OTHER
11249,11257,2025,2116,2105,2148,dependent,80,32,dependent,OTHER
11259,11262,2110,2118,2140,2148,care,30,30,care,OTHER
11264,11270,2145,2117,2198,2147,benefit,53,30,benefit,OTHER
11416,11418,1335,2133,1377,2164,287,42,31,287,OTHER
11422,11422,1316,2227,1329,2261,1,13,34,1,OTHER
11424,11435,137,2178,230,2205,nonqualified,93,27,nonqualified,OTHER
11437,11441,234,2177,282,2205,plans,48,28,plans,OTHER
11462,11463,413,2175,434,2207,2a,21,32,2a,OTHER
11465,11467,440,2175,465,2207,see,25,32,see,OTHER
11469,11480,471,2175,558,2207,instructions,87,32,instructions,OTHER
11482,11484,564,2175,583,2206,for,19,31,for,OTHER
11486,11488,588,2174,616,2205,box,28,31,box,OTHER
11490,11491,621,2174,641,2204,12,20,30,12,OTHER
11508,11519,904,2175,997,2205,nonqualified,93,30,nonqualified,OTHER
11521,11525,1002,2175,1049,2205,plans,47,30,plans,OTHER
11548,11550,1178,2175,1208,2207,12a,30,32,12a,OTHER
11552,11554,1212,2176,1238,2207,see,26,31,see,OTHER
11556,11567,1242,2176,1331,2207,instructions,89,31,instructions,OTHER
11569,11571,1334,2175,1355,2206,for,21,31,for,OTHER
11573,11575,1358,2175,1389,2205,box,31,30,box,OTHER
11577,11578,1393,2174,1413,2204,12,20,30,12,OTHER
11608,11619,1717,2176,1811,2207,nonqualified,94,31,nonqualified,OTHER
11621,11625,1816,2176,1868,2206,plans,52,30,plans,OTHER
11651,11652,2002,2178,2022,2208,2a,20,30,2a,OTHER
11654,11656,2026,2177,2052,2207,see,26,30,see,OTHER
11658,11669,2057,2175,2144,2207,instructions,87,32,instructions,OTHER
11671,11673,2148,2174,2169,2207,for,21,33,for,OTHER
11675,11677,2172,2174,2203,2207,box,31,33,box,OTHER
11679,11680,2206,2174,2228,2207,12,22,33,12,OTHER
11765,11766,868,2233,891,2259,14,23,26,14,OTHER
11768,11771,911,2233,943,2256,othe,32,23,othe,OTHER
11830,11830,2126,2250,2142,2289,1,16,39,1,OTHER
11832,11834,1333,2224,1377,2260,829,44,36,829,OTHER
11871,11875,1729,2229,1764,2261,other,35,32,other,OTHER
12122,12124,2146,2252,2193,2294,468,47,42,468,OTHER
12161,12162,405,2284,418,2315,13,13,31,13,OTHER
12164,12168,421,2285,458,2318,state,37,33,state,OTHER
12211,12215,440,2297,477,2333,temp.,37,36,temp.,OTHER
12217,12219,483,2296,498,2332,ret,15,36,ret,OTHER
12221,12221,2088,2294,2089,2329,.,1,35,.,OTHER
12223,12226,508,2294,552,2332,plan,44,38,plan,OTHER
12228,12230,561,2293,578,2330,ard,17,37,ard,OTHER
12232,12236,584,2292,612,2330,party,28,38,party,OTHER
12238,12241,618,2291,639,2329,sick,21,38,sick,OTHER
12243,12245,645,2290,676,2328,pay,31,38,pay,OTHER
12392,12393,1991,2286,2001,2323,13,10,37,13,OTHER
12395,12398,2008,2288,2029,2326,stat,21,38,stat,OTHER
12400,12402,1220,2299,1248,2338,emp,28,39,emp,OTHER
12404,12406,2067,2293,2081,2329,ret,14,36,ret,OTHER
12408,12408,1027,2337,1033,2366,.,6,29,.,OTHER
12410,12413,1282,2297,1327,2336,plan,45,39,plan,OTHER
12415,12417,1334,2296,1349,2334,ard,15,38,ard,OTHER
12419,12423,2169,2294,2198,2329,party,29,35,party,OTHER
12425,12428,1391,2293,1411,2331,sick,20,38,sick,OTHER
12430,12432,1418,2291,1448,2330,pay,30,39,pay,OTHER
12567,12569,2036,2291,2060,2328,emp,24,37,emp,OTHER
12571,12574,1255,2298,1275,2337,ret.,20,39,ret.,OTHER
12576,12579,2095,2294,2139,2329,plan,44,35,plan,OTHER
12581,12583,2147,2295,2162,2329,ard,15,34,ard,OTHER
12585,12590,1356,2294,1384,2333,partly,28,39,partly,OTHER
12592,12595,2204,2293,2224,2327,sick,20,34,sick,OTHER
12597,12599,2231,2290,2258,2325,pay,27,35,pay,OTHER
12602,12604,98,2335,128,2362,eff,30,27,eff,OTHER
12606,12614,133,2336,215,2366,employees,82,30,employees,OTHER
12616,12620,218,2337,264,2367,name.,46,30,name.,OTHER
12622,12628,267,2335,330,2367,address,63,32,address,OTHER
12630,12632,333,2333,361,2366,and,28,33,and,OTHER
12634,12636,364,2331,390,2365,zip,26,34,zip,OTHER
12638,12641,394,2327,438,2363,code,44,36,code,OTHER
12684,12686,866,2336,896,2364,elf,30,28,elf,OTHER
12688,12696,901,2337,982,2366,employees,81,29,employees,OTHER
12698,12701,986,2337,1023,2366,name,37,29,name,OTHER
12703,12703,379,2498,401,2528,.,22,30,.,OTHER
12705,12711,1037,2335,1096,2366,address,59,31,address,OTHER
12713,12715,1100,2334,1128,2365,and,28,31,and,OTHER
12717,12719,1131,2333,1158,2364,zip,27,31,zip,OTHER
12721,12724,1161,2330,1202,2363,code,41,33,code,OTHER
12786,12788,1679,2335,1710,2365,elf,31,30,elf,OTHER
12790,12798,1714,2336,1794,2367,employees,80,31,employees,OTHER
12800,12804,1798,2337,1847,2367,name.,49,30,name.,OTHER
12806,12812,1850,2335,1910,2367,address,60,32,address,OTHER
12814,12816,1914,2334,1942,2365,and,28,31,and,OTHER
12818,12820,1945,2333,1969,2364,zip,24,31,zip,OTHER
12822,12825,1973,2330,2018,2363,code,45,33,code,OTHER
12835,12845,153,2380,303,2410,christopher,150,30,christopher,OTHER
12847,12850,310,2380,368,2408,carr,58,28,carr,OTHER
12920,12930,948,2381,1096,2410,christopher,148,29,christopher,OTHER
12932,12935,1104,2381,1163,2409,carr,59,28,carr,OTHER
13022,13032,1759,2379,1911,2408,christopher,152,29,christopher,OTHER
13034,13037,1915,2380,1975,2408,carr,60,28,carr,OTHER
13047,13051,154,2406,228,2439,70784,74,33,70784,OTHER
13053,13058,232,2406,318,2434,thomas,86,28,thomas,OTHER
13060,13065,322,2406,410,2435,tunnel,88,29,tunnel,OTHER
13131,13135,948,2407,1018,2436,70784,70,29,70784,OTHER
13137,13142,1025,2406,1109,2434,thomas,84,28,thomas,OTHER
13144,13149,1116,2406,1195,2433,tunnel,79,27,tunnel,OTHER
13234,13238,1761,2407,1832,2439,70784,71,32,70784,OTHER
13240,13245,1838,2406,1925,2436,thomas,87,30,thomas,OTHER
13247,13252,1931,2404,2004,2432,tunnel,73,28,tunnel,OTHER
13262,13269,153,2433,266,2462,noahbury,113,29,noahbury,OTHER
13271,13272,306,2437,340,2460,dc,34,23,dc,OTHER
13274,13283,401,2433,535,2463,62135-2773,134,30,62135-2773,OTHER
13346,13353,945,2432,1057,2460,noahbury,112,28,noahbury,OTHER
13355,13356,1102,2433,1133,2457,dc,31,24,dc,OTHER
13358,13367,1194,2431,1329,2462,62135-2773,135,31,62135-2773,OTHER
13448,13455,1758,2433,1870,2463,noahbury,112,30,noahbury,OTHER
13457,13458,1915,2430,1945,2455,dc,30,25,dc,OTHER
13460,13469,2008,2432,2143,2462,62135-2773,135,30,62135-2773,OTHER
13473,13473,593,2505,598,2537,5,5,32,5,OTHER
13475,13479,138,2502,183,2532,state,45,30,state,OTHER
13481,13481,1385,2568,1388,2598,3,3,30,3,OTHER
13484,13490,258,2502,305,2536,lovers',47,34,lovers',OTHER
13492,13496,309,2500,340,2532,state,31,32,state,OTHER
13498,13499,344,2499,360,2530,id,16,31,id,OTHER
13501,13502,364,2499,375,2529,no,11,30,no,OTHER
13504,13504,2121,2499,2125,2532,.,4,33,.,OTHER
13506,13507,407,2498,436,2528,16,29,30,16,OTHER
13509,13513,446,2498,483,2529,state,37,31,state,OTHER
13515,13519,487,2499,538,2531,wanes,51,32,wanes,OTHER
13521,13524,542,2501,585,2535,tips,43,34,tips,OTHER
13530,13531,620,2508,641,2541,89,21,33,89,OTHER
13555,13556,868,2500,893,2527,15,25,27,15,OTHER
13558,13562,907,2501,941,2534,state,34,33,state,OTHER
13564,13564,945,2506,963,2539,*,18,33,*,OTHER
13577,13586,1022,2498,1096,2533,emplovers',74,35,emplovers',OTHER
13588,13592,1101,2497,1133,2529,state,32,32,state,OTHER
13594,13595,1138,2497,1149,2528,id,11,31,id,OTHER
13597,13598,1154,2497,1174,2528,no,20,31,no,OTHER
13600,13601,1179,2497,1208,2528,16,29,31,16,OTHER
13603,13607,1217,2497,1253,2529,state,36,32,state,OTHER
13609,13613,1258,2499,1310,2532,wades,52,33,wades,OTHER
13615,13619,1315,2502,1347,2534,tips.,32,32,tips.,OTHER
13621,13623,1352,2504,1369,2536,etr,17,32,etr,OTHER
13625,13625,1374,2506,1388,2537,;,14,31,;,OTHER
13627,13628,1392,2508,1416,2540,89,24,32,89,OTHER
13657,13658,1679,2498,1706,2527,15,27,29,15,OTHER
13660,13664,1719,2499,1767,2533,state,48,34,state,OTHER
13675,13684,1835,2498,1910,2535,emplovers',75,37,emplovers',OTHER
13686,13690,1915,2497,1945,2531,state,30,34,state,OTHER
13692,13693,1950,2497,1964,2530,10,14,33,10,OTHER
13695,13696,1969,2496,1988,2530,no,19,34,no,OTHER
13698,13699,1993,2496,2023,2530,16,30,34,16,OTHER
13701,13705,2030,2497,2066,2530,state,36,33,state,OTHER
13707,13711,2071,2497,2116,2532,wanes,45,35,wanes,OTHER
13713,13713,2188,2504,2200,2537,.,12,33,.,OTHER
13715,13719,2130,2500,2161,2534,tips.,31,34,tips.,OTHER
13721,13723,2166,2502,2183,2536,etc,17,34,etc,OTHER
13725,13725,1310,2560,1311,2590,.,1,30,.,OTHER
13727,13728,2205,2505,2224,2539,89,19,34,89,OTHER
13731,13732,103,2556,122,2580,17,19,24,17,OTHER
13734,13738,142,2558,180,2583,state,38,25,state,OTHER
13740,13745,183,2557,239,2583,income,56,26,income,OTHER
13747,13749,240,2555,266,2582,tax,26,27,tax,OTHER
13774,13778,442,2555,484,2586,local,42,31,local,OTHER
13780,13785,487,2556,539,2588,"wanes,",52,32,"wanes,",OTHER
13787,13791,542,2559,577,2590,"tips,",35,31,"tips,",OTHER
13793,13796,581,2562,626,2593,etc.,45,31,etc.,OTHER
13798,13799,629,2566,646,2594,31,17,28,31,OTHER
13858,13859,1178,2553,1210,2586,18,32,33,18,OTHER
13861,13865,1217,2554,1255,2587,local,38,33,local,OTHER
13867,13871,1260,2556,1305,2590,wanes,45,34,wanes,OTHER
13873,13873,2206,2566,2212,2598,.,6,32,.,OTHER
13875,13878,1316,2561,1341,2593,tips,25,32,tips,OTHER
13880,13880,1346,2564,1350,2594,;,4,30,;,OTHER
13882,13883,1355,2565,1369,2596,97,14,31,97,OTHER
13885,13885,2197,2565,2202,2597,3,5,32,3,OTHER
13889,13889,1393,2570,1397,2599,.,4,29,.,OTHER
13891,13892,2216,2568,2240,2600,31,24,32,31,OTHER
13916,13917,1681,2554,1705,2580,17,24,26,17,OTHER
13919,13923,1724,2556,1762,2583,state,38,27,state,OTHER
13925,13930,1764,2559,1820,2585,income,56,26,income,OTHER
13932,13934,1821,2561,1840,2586,tax,19,25,tax,OTHER
13961,13962,1994,2554,2021,2585,18,27,31,18,OTHER
13964,13968,2030,2554,2069,2587,local,39,33,local,OTHER
13970,13975,2073,2556,2127,2590,wages.,54,34,wages.,OTHER
13977,13981,2131,2559,2164,2593,tips;,33,34,tips;,OTHER
13983,13984,2169,2562,2192,2596,#7,23,34,#7,OTHER
13988,13988,1394,2775,1398,2804,.,4,29,.,OTHER
13990,13991,1402,2571,1424,2602,31,22,31,31,OTHER
13997,14000,151,2575,189,2601,4137,38,26,4137,OTHER
14002,14004,190,2573,230,2601,.57,40,28,.57,OTHER
14082,14086,924,2567,981,2595,24137,57,28,24137,OTHER
14090,14091,991,2572,1023,2598,57,32,26,57,OTHER
14094,14095,100,2615,126,2643,19,26,28,19,OTHER
14097,14098,141,2613,158,2641,lo,17,28,lo,OTHER
14105,14110,152,2625,206,2653,13865.,54,28,13865.,OTHER
14112,14114,211,2623,239,2652,age,28,29,age,OTHER
14116,14118,244,2620,262,2649,tax,18,29,tax,OTHER
14141,14142,409,2615,432,2642,20,23,27,20,OTHER
14144,14151,444,2615,501,2644,locality,57,29,locality,OTHER
14153,14159,2148,2625,2218,2658,simpson,70,33,simpson,OTHER
14215,14218,504,2617,557,2647,name,53,30,name,OTHER
14220,14223,636,2636,677,2659,well,41,23,well,OTHER
14245,14246,867,2616,892,2642,19,25,26,19,OTHER
14248,14252,908,2619,950,2647,local,42,28,local,OTHER
14254,14259,952,2622,1016,2651,income,64,29,income,OTHER
14289,14290,1179,2612,1206,2641,20,27,29,20,OTHER
14292,14299,1217,2614,1276,2644,locality,59,30,locality,OTHER
14300,14301,1297,2624,1329,2654,me,32,30,me,OTHER
14302,14305,1278,2616,1331,2647,name,53,31,name,OTHER
14450,14456,1335,2630,1405,2661,simpson,70,31,simpson,OTHER
14458,14462,1408,2635,1464,2662,wells,56,27,wells,OTHER
14494,14495,1681,2615,1707,2644,19,26,29,19,OTHER
14497,14501,1723,2618,1763,2647,local,40,29,local,OTHER
14503,14508,1766,2622,1833,2651,income,67,29,income,OTHER
14541,14548,2029,2614,2088,2647,locality,59,33,locality,OTHER
14550,14553,2091,2619,2145,2652,name,54,33,name,OTHER
14555,14561,561,2630,634,2659,simpson,73,29,simpson,OTHER
14563,14567,2222,2631,2280,2662,wells,58,31,wells,OTHER
14588,14594,229,2677,316,2706,federal,87,29,federal,OTHER
14614,14619,417,2681,468,2705,filing,51,24,filing,OTHER
14635,14638,592,2678,643,2702,copy,51,24,copy,OTHER
14675,14682,1015,2678,1112,2707,ks.state,97,29,ks.state,OTHER
14696,14701,1189,2683,1238,2705,filing,49,22,filing,OTHER
14722,14725,1366,2676,1414,2703,copy,48,27,copy,OTHER
14774,14777,1812,2674,1852,2705,city,40,31,city,OTHER
14779,14780,1856,2675,1876,2705,or,20,30,or,OTHER
14782,14786,1880,2675,1946,2713,local,66,38,local,OTHER
14788,14793,2002,2681,2054,2708,filing,52,27,filing,OTHER
14813,14816,2179,2676,2230,2701,copy,51,25,copy,OTHER
14850,14853,325,2706,388,2734,wage,63,28,wage,OTHER
14855,14857,426,2702,468,2725,and,42,23,and,OTHER
14859,14861,505,2706,539,2728,tax,34,22,tax,OTHER
14944,14946,1197,2700,1239,2729,and,42,29,and,OTHER
14948,14950,1277,2702,1310,2727,tax,33,25,tax,OTHER
15033,15036,1921,2704,1984,2734,wage,63,30,wage,OTHER
15038,15040,2010,2702,2052,2732,and,42,30,and,OTHER
15042,15044,2091,2703,2127,2726,tax,36,23,tax,OTHER
15078,15086,319,2731,417,2756,statement,98,25,statement,OTHER
15109,15112,583,2741,669,2774,2018,86,33,2018,OTHER
15129,15131,1094,999,1122,1026,w-2,28,27,w-2,OTHER
15197,15200,1359,2740,1443,2772,2018,84,32,2018,OTHER
15234,15236,105,2742,174,2771,w-2,69,29,w-2,OTHER
15260,15268,1911,2729,2011,2753,statement,100,24,statement,OTHER
15288,15291,2166,2742,2254,2774,2018,88,32,2018,OTHER
15295,15297,1687,2742,1753,2773,w-2,66,31,w-2,OTHER
15300,15303,99,2779,132,2806,copy,33,27,copy,OTHER
15305,15305,137,2780,146,2807,b,9,27,b,OTHER
15307,15308,151,2780,164,2807,to,13,27,to,OTHER
15310,15311,169,2780,185,2807,be,16,27,be,OTHER
15313,15317,190,2780,217,2807,filed,27,27,filed,OTHER
15319,15322,222,2781,250,2807,with,28,26,with,OTHER
15324,15333,256,2781,330,2807,employee's,74,26,employee's,OTHER
15335,15341,335,2781,385,2806,federal,50,25,federal,OTHER
15343,15348,390,2781,442,2805,income,52,24,income,OTHER
15350,15352,447,2780,469,2804,tax,22,24,tax,OTHER
15354,15359,473,2780,520,2804,return,47,24,return,OTHER
15361,15363,561,2779,596,2810,omb,35,31,omb,OTHER
15365,15367,600,2778,625,2806,no.,25,28,no.,OTHER
15369,15377,630,2778,708,2805,1545-0008,78,27,1545-0008,OTHER
15382,15385,867,2779,902,2807,copy,35,28,copy,OTHER
15389,15390,918,2778,931,2806,to,13,28,to,OTHER
15392,15393,936,2778,951,2806,be,15,28,be,OTHER
15395,15399,956,2779,984,2807,filed,28,28,filed,OTHER
15401,15401,989,2780,997,2808,w,8,28,w,OTHER
15411,15415,1062,2780,1097,2807,yee's,35,27,yee's,OTHER
15417,15421,1101,2780,1136,2807,state,35,27,state,OTHER
15423,15428,1139,2779,1192,2806,income,53,27,income,OTHER
15430,15432,1196,2779,1220,2805,tax,24,26,tax,OTHER
15434,15439,1224,2779,1269,2804,return,45,25,return,OTHER
15447,15449,1334,2777,1369,2809,ome,35,32,ome,OTHER
15451,15452,1373,2776,1389,2805,no,16,29,no,OTHER
15456,15464,1403,2775,1473,2807,1545-0008,70,32,1545-0008,OTHER
15485,15488,1679,2779,1715,2805,copy,36,26,copy,OTHER
15492,15493,1732,2780,1743,2806,to,11,26,to,OTHER
15495,15496,1748,2780,1765,2807,be,17,27,be,OTHER
15498,15502,1769,2780,1797,2807,filed,28,27,filed,OTHER
15504,15507,1802,2781,1832,2807,with,30,26,with,OTHER
15520,15521,1987,2782,2000,2804,al,13,22,al,OTHER
15523,15528,2002,2781,2056,2806,income,54,25,income,OTHER
15530,15532,2059,2781,2083,2807,tax,24,26,tax,OTHER
15534,15539,2085,2780,2139,2807,return,54,27,return,OTHER
15541,15543,2148,2779,2184,2808,omb,36,29,omb,OTHER
15545,15547,2186,2779,2214,2808,no.,28,29,no.,OTHER
15549,15557,2216,2777,2297,2807,1545-0008,81,30,1545-0008,OTHER
