start_index,end_index,x_top_left,y_top_left,x_bottom_right,y_bottom_right,transcript,box_width,box_height,combined_text,predicted_field
21,26,192,29,239,47,"wages,",47,18,"wages,",OTHER
28,32,240,34,270,51,"tips,",30,17,"tips,",OTHER
34,38,271,37,307,54,other,36,17,other,OTHER
40,44,308,41,347,57,comp.,39,16,comp.,OTHER
72,77,223,50,270,67,224787,47,17,224787,box1WagesTipsAndOtherCompensations
79,81,271,54,294,69,.39,23,15,.39,OTHER
106,106,415,46,426,61,2,11,15,2,OTHER
108,114,441,49,492,69,federal,51,20,federal,OTHER
116,121,494,54,543,73,income,49,19,income,OTHER
123,125,544,59,567,76,tax,23,17,tax,OTHER
127,134,569,61,625,81,withheld,56,20,withheld,OTHER
151,151,156,76,167,90,3,11,14,3,OTHER
153,158,188,80,228,98,social,40,18,social,OTHER
160,167,230,85,280,103,security,50,18,security,OTHER
169,173,282,90,324,107,wages,42,17,wages,OTHER
221,228,542,78,605,96,70083.24,63,18,70083.24,box2FederalIncomeTaxWithheld
256,261,219,101,266,118,219012,47,17,219012,box3SocialSecurityWages
263,263,267,105,274,119,.,7,14,.,OTHER
265,266,275,106,289,120,67,14,14,67,OTHER
295,300,438,102,479,120,social,41,18,social,OTHER
302,309,480,106,532,125,security,52,19,security,OTHER
311,313,533,111,557,127,tax,24,16,tax,OTHER
315,322,557,113,616,132,withheld,59,19,withheld,OTHER
338,338,151,127,161,141,5,10,14,5,OTHER
340,347,181,132,242,152,medicare,61,20,medicare,OTHER
349,353,244,139,288,156,wages,44,17,wages,OTHER
355,357,289,143,315,158,and,26,15,and,OTHER
359,362,316,145,341,160,tips,25,15,tips,OTHER
408,415,537,130,600,148,16754.47,63,18,16754.47,OTHER
442,450,214,153,283,172,238048.05,69,19,238048.05,OTHER
476,476,406,152,415,164,6,9,12,6,OTHER
478,485,431,153,493,173,medicare,62,20,medicare,OTHER
487,489,494,160,517,175,tax,23,15,tax,OTHER
491,498,518,162,575,180,withheld,57,18,withheld,OTHER
514,520,173,183,222,202,control,49,19,control,OTHER
522,527,224,189,275,206,number,51,17,number,OTHER
583,586,532,181,564,196,6903,32,15,6903,OTHER
588,590,565,184,588,199,.39,23,15,.39,OTHER
604,610,145,198,200,217,8528308,55,19,8528308,OTHER
638,641,337,197,367,214,dept,30,17,dept,OTHER
643,646,401,202,432,220,corp,31,18,corp,OTHER
697,699,356,215,376,231,150,20,16,150,OTHER
740,747,577,219,634,239,employer,57,20,employer,OTHER
749,751,635,224,659,241,use,24,17,use,OTHER
753,756,660,227,684,243,only,24,16,only,OTHER
776,785,172,235,243,257,employer's,71,22,employer's,OTHER
787,791,245,242,287,261,"name,",42,19,"name,",OTHER
793,800,289,246,344,265,"address,",55,19,"address,",OTHER
802,804,345,251,371,267,and,26,16,and,OTHER
806,808,373,254,395,269,zip,22,15,zip,OTHER
810,813,397,256,430,272,code,33,16,code,OTHER
841,841,527,232,538,246,a,11,14,a,OTHER
862,863,653,242,668,255,36,15,13,36,OTHER
888,900,204,259,351,288,wilson-barnes,147,29,wilson-barnes,employerName
902,904,358,273,391,292,plc,33,19,plc,employerName
929,931,204,284,239,305,407,35,21,407,employerName
933,941,246,288,348,315,christina,102,27,christina,OTHER
943,947,356,297,413,321,lodge,57,24,lodge,employerAddressStreet_name
949,953,423,303,479,326,suite,56,23,suite,employerAddressStreet_name
955,957,489,309,522,329,925,33,20,925,employerAddressStreet_name
981,988,199,310,291,336,kentport,92,26,kentport,employerAddressStreet_name
990,991,330,322,356,339,me,26,17,me,OTHER
993,1002,387,326,499,354,86015-8156,112,28,86015-8156,employerAddressZip
1059,1063,386,371,446,395,batch,60,24,batch,OTHER
1083,1088,510,381,584,407,#02021,74,26,#02021,OTHER
1100,1100,129,388,138,402,b,9,14,b,OTHER
1102,1111,159,391,230,413,employer's,71,22,employer's,OTHER
1113,1115,232,398,259,416,fed,27,18,fed,OTHER
1117,1118,260,401,277,417,id,17,16,id,OTHER
1120,1125,278,402,328,421,number,50,19,number,OTHER
1148,1157,191,412,271,433,21-8915680,80,21,21-8915680,einEmployerIdentificationNumber
1186,1195,411,413,486,436,employee's,75,23,employee's,OTHER
1197,1199,488,420,515,438,ssa,27,18,ssa,OTHER
1201,1206,517,423,567,442,number,50,19,number,OTHER
1223,1228,156,444,196,462,social,40,18,social,OTHER
1230,1237,197,448,249,467,security,52,19,security,OTHER
1239,1242,250,453,274,469,tips,24,16,tips,OTHER
1264,1269,187,465,234,482,219012,47,17,219012,OTHER
1271,1271,235,469,241,483,.,6,14,.,OTHER
1273,1274,243,470,258,484,67,15,14,67,OTHER
1298,1298,378,461,390,476,8,12,15,8,OTHER
1300,1308,405,466,467,486,allocated,62,20,allocated,OTHER
1310,1313,468,472,493,488,tips,25,16,tips,OTHER
1324,1324,119,490,131,505,9,12,15,9,OTHER
1326,1337,149,495,225,517,verification,76,22,verification,OTHER
1339,1342,226,503,262,520,code,36,17,code,OTHER
1392,1400,505,493,577,512,238048.05,72,19,238048.05,OTHER
1455,1456,374,515,392,531,10,18,16,10,OTHER
1458,1466,403,518,475,538,dependent,72,20,dependent,OTHER
1468,1471,476,525,506,541,care,30,16,care,OTHER
1473,1480,508,528,561,546,benefits,53,18,benefits,OTHER
1490,1491,114,543,134,560,11,20,17,11,OTHER
1493,1504,147,547,231,569,nonqualified,84,22,nonqualified,OTHER
1506,1510,233,555,271,573,plans,38,18,plans,OTHER
1559,1561,501,545,522,558,154,21,13,154,OTHER
1582,1584,178,568,200,582,219,22,14,219,OTHER
1615,1617,371,567,394,583,12a,23,16,12a,OTHER
1619,1621,401,570,426,586,see,25,16,see,OTHER
1623,1634,427,572,502,593,instructions,75,21,instructions,OTHER
1636,1638,503,579,523,594,for,20,15,for,OTHER
1640,1642,524,580,552,597,box,28,17,box,OTHER
1644,1645,553,583,570,599,12,17,16,12,OTHER
1654,1655,111,595,127,611,14,16,16,14,OTHER
1657,1661,147,600,185,619,other,38,19,other,OTHER
1714,1716,366,618,386,634,12b,20,16,12b,OTHER
1735,1735,482,614,492,627,1,10,13,1,OTHER
1737,1740,495,615,525,629,7069,30,14,7069,OTHER
1793,1795,364,636,384,653,12c,20,17,12c,OTHER
1814,1814,481,632,490,645,1,9,13,1,OTHER
1816,1818,493,632,518,647,527,25,15,527,OTHER
1870,1872,363,654,386,671,12d,23,17,12d,OTHER
1892,1892,480,650,488,663,1,8,13,1,OTHER
1894,1896,492,650,515,663,409,23,13,409,OTHER
1904,1906,102,686,124,704,elf,22,18,elf,OTHER
1908,1916,133,689,205,712,employees,72,23,employees,OTHER
1918,1922,206,696,249,716,"name,",43,20,"name,",OTHER
1924,1930,251,700,302,720,address,51,20,address,OTHER
1932,1934,303,704,330,722,and,27,18,and,OTHER
1936,1938,331,707,353,724,zip,22,17,zip,OTHER
1940,1943,355,709,385,726,code,30,17,code,OTHER
1948,1949,361,674,375,688,13,14,14,13,OTHER
1951,1954,376,675,397,691,stat,21,16,stat,OTHER
1956,1958,398,677,422,694,emp,24,17,emp,OTHER
1960,1963,424,680,446,696,ret.,22,16,ret.,OTHER
1965,1968,447,682,473,699,plan,26,17,plan,OTHER
1970,1970,479,667,489,681,1,10,14,1,OTHER
1972,1973,493,687,507,701,rd,14,14,rd,OTHER
1974,1976,491,668,510,683,672,19,15,672,OTHER
1977,1981,508,688,538,704,party,30,16,party,OTHER
1983,1986,539,690,564,706,sick,25,16,sick,OTHER
1988,1990,565,692,585,708,pay,20,16,pay,OTHER
2008,2014,161,730,242,754,matthew,81,24,matthew,employeeName
2016,2022,271,739,353,764,miranda,82,25,miranda,employeeName
2040,2044,162,756,219,779,00313,57,23,00313,OTHER
2046,2050,227,761,284,785,peter,57,24,peter,OTHER
2052,2058,294,767,373,792,islands,79,25,islands,OTHER
2060,2063,380,774,429,797,apt.,49,23,apt.,OTHER
2065,2067,436,780,469,800,562,33,20,562,OTHER
2085,2089,160,783,214,804,south,54,21,south,OTHER
2091,2099,224,787,325,814,robertton,101,27,robertton,OTHER
2105,2106,91,814,109,829,15,18,15,15,OTHER
2108,2112,126,820,160,835,state,34,15,state,OTHER
2152,2153,367,800,392,818,ut,25,18,ut,OTHER
2155,2164,423,803,533,831,84724-2566,110,28,84724-2566,OTHER
2180,2181,153,839,170,851,nj,17,12,nj,OTHER
2183,2191,216,845,287,864,64-73-874,71,19,64-73-874,OTHER
2192,2201,218,827,283,847,employers',65,20,employers',OTHER
2203,2207,284,833,313,850,state,29,17,state,OTHER
2209,2210,314,835,328,851,id,14,16,id,OTHER
2212,2213,329,836,346,853,no,17,17,no,OTHER
2215,2216,346,837,363,855,16,17,18,16,OTHER
2218,2222,381,840,414,859,state,33,19,state,OTHER
2224,2229,416,844,463,863,"wages,",47,19,"wages,",OTHER
2231,2235,464,849,494,866,"tips,",30,17,"tips,",OTHER
2237,2240,495,852,521,868,etc.,26,16,etc.,OTHER
2245,2246,88,866,100,880,17,12,14,17,OTHER
2248,2252,125,871,159,888,state,34,17,state,OTHER
2254,2259,160,875,209,892,income,49,17,income,OTHER
2261,2263,211,880,233,894,tax,22,14,tax,OTHER
2313,2319,472,866,527,886,104478.,55,20,104478.,OTHER
2321,2322,528,872,543,887,13,15,15,13,OTHER
2338,2344,148,892,206,910,12953.1,58,18,12953.1,box17StateIncomeTax
2373,2377,373,892,412,910,local,39,18,local,OTHER
2379,2384,413,896,460,915,"wages,",47,19,"wages,",OTHER
2386,2390,462,901,491,918,"tips,",29,17,"tips,",OTHER
2392,2395,493,903,519,920,etc.,26,17,etc.,OTHER
2399,2400,83,918,98,932,19,15,14,19,OTHER
2402,2406,118,922,157,940,local,39,18,local,OTHER
2408,2413,158,927,207,944,income,49,17,income,OTHER
2415,2417,208,931,229,946,tax,21,15,tax,OTHER
2467,2475,468,919,540,938,239289.06,72,19,239289.06,OTHER
2490,2495,145,943,191,960,23631.,46,17,23631.,OTHER
2497,2498,192,947,208,962,11,16,15,11,OTHER
2523,2524,337,940,354,956,20,17,16,20,OTHER
2526,2533,370,944,422,963,locality,52,19,locality,OTHER
2535,2538,423,950,462,967,name,39,17,name,OTHER
2563,2569,201,983,267,1007,federal,66,24,federal,OTHER
2609,2615,462,971,519,989,kenneth,57,18,kenneth,OTHER
2617,2622,526,975,577,994,corner,51,19,corner,OTHER
2670,2675,339,994,385,1019,filing,46,25,filing,OTHER
2678,2680,75,1024,144,1062,w-2,69,38,w-2,OTHER
2711,2714,271,1014,323,1037,wage,52,23,wage,OTHER
2716,2718,344,1021,375,1042,and,31,21,and,OTHER
2720,2722,410,1025,440,1045,tax,30,20,tax,OTHER
2724,2727,471,1007,517,1031,copy,46,24,copy,OTHER
2762,2770,259,1037,347,1064,statement,88,27,statement,OTHER
2772,2775,68,1064,101,1084,copy,33,20,copy,OTHER
2777,2777,102,1067,112,1085,b,10,18,b,OTHER
2779,2780,114,1068,128,1086,to,14,18,to,OTHER
2782,2783,130,1070,145,1088,be,15,18,be,OTHER
2785,2789,147,1071,172,1090,filed,25,19,filed,OTHER
2791,2794,174,1074,200,1093,with,26,19,with,OTHER
2796,2805,202,1076,268,1099,employee's,66,23,employee's,OTHER
2807,2813,270,1082,314,1103,federal,44,21,federal,OTHER
2815,2820,316,1086,362,1107,income,46,21,income,OTHER
2822,2824,364,1090,386,1109,tax,22,19,tax,OTHER
2826,2831,388,1092,429,1113,return,41,21,return,OTHER
2833,2836,461,1058,542,1096,2018,81,38,2018,taxYear
2905,2907,451,1097,483,1116,omb,32,19,omb,OTHER
2909,2911,484,1101,509,1118,no.,25,17,no.,OTHER
2913,2921,510,1103,572,1122,1545-0008,62,19,1545-0008,OTHER
