start_index,end_index,x_top_left,y_top_left,x_bottom_right,y_bottom_right,transcript,box_width,box_height,combined_text,predicted_field
0,0,1506,571,1532,595,w.2,26,24,w.2,OTHER
0,0,1442,659,1472,679,616,30,20,616,OTHER
0,0,1033,672,1089,697,33651.88,56,25,33651.88,OTHER
103,106,784,30,892,71,2018,108,41,2018,OTHER
108,110,904,31,994,72,w-2,90,41,w-2,OTHER
112,114,1006,32,1090,73,and,84,41,and,OTHER
116,123,1105,32,1354,73,earnings,249,41,earnings,OTHER
125,131,1371,29,1614,73,summary,243,44,summary,OTHER
189,191,1766,20,1835,58,fdp,69,38,fdp,OTHER
210,216,124,84,201,104,mployee,77,20,mployee,OTHER
218,226,255,80,345,102,reference,90,22,reference,OTHER
236,238,421,81,458,101,cop,37,20,cop,OTHER
290,293,715,77,763,102,this,48,25,this,OTHER
295,298,766,78,819,103,blue,53,25,blue,OTHER
300,307,823,78,928,103,earnings,105,25,earnings,OTHER
309,315,932,79,1043,103,summary,111,24,summary,OTHER
317,323,1046,80,1129,103,section,83,23,section,OTHER
325,326,1132,80,1155,103,is,23,23,is,OTHER
328,335,1159,80,1258,103,included,99,23,included,OTHER
337,340,1262,80,1311,103,with,49,23,with,OTHER
342,345,1315,80,1367,103,your,52,23,your,OTHER
347,349,1371,80,1422,103,w-2,51,23,w-2,OTHER
351,352,1426,80,1448,103,to,22,23,to,OTHER
354,357,1452,80,1504,103,help,52,23,help,OTHER
359,366,1512,79,1607,103,describe,95,24,describe,OTHER
368,375,1611,78,1703,103,portions,92,25,portions,OTHER
377,378,1707,78,1729,103,in,22,25,in,OTHER
380,383,1734,77,1797,103,more,63,26,more,OTHER
385,391,1805,76,1867,103,detail.,62,27,detail.,OTHER
421,424,205,106,255,132,wage,50,26,wage,OTHER
426,428,288,109,316,128,and,28,19,and,OTHER
430,432,351,109,380,130,tax,29,21,tax,OTHER
490,492,716,103,758,130,the,42,27,the,OTHER
494,500,762,104,850,130,reverse,88,26,reverse,OTHER
502,505,854,106,900,130,side,46,24,side,OTHER
507,514,905,106,1004,130,includes,99,24,includes,OTHER
516,522,1009,107,1093,130,general,84,23,general,OTHER
524,534,1098,107,1227,130,information,129,23,information,OTHER
536,539,1232,107,1277,130,that,45,23,that,OTHER
541,543,1281,107,1323,130,you,42,23,you,OTHER
545,547,1327,107,1381,130,may,54,23,may,OTHER
549,552,1385,106,1433,130,also,48,24,also,OTHER
554,557,1437,106,1481,130,find,44,24,find,OTHER
559,565,1485,105,1559,130,helpful,74,25,helpful,OTHER
568,570,20,138,80,167,w-2,60,29,w-2,OTHER
596,603,207,130,271,152,tatement,64,22,tatement,OTHER
608,611,414,139,483,168,2018,69,29,2018,taxYear
613,616,16,183,48,202,copy,32,19,copy,OTHER
618,618,50,182,61,201,c,11,19,c,OTHER
620,622,63,182,80,201,for,17,19,for,OTHER
624,633,81,182,148,204,employee's,67,22,employee's,OTHER
635,642,149,184,207,209,records.,58,25,records.,OTHER
654,655,406,173,426,196,mb,20,23,mb,OTHER
657,659,430,173,452,195,no.,22,22,no.,OTHER
661,669,455,173,520,197,1545-0008,65,24,1545-0008,OTHER
719,720,778,179,800,204,1.,22,25,1.,OTHER
722,724,805,179,840,204,the,35,25,the,OTHER
726,734,845,179,934,204,following,89,25,following,OTHER
736,746,939,179,1056,205,information,117,26,information,OTHER
748,755,1061,179,1137,205,reflects,76,26,reflects,OTHER
757,760,1142,179,1189,205,your,47,26,your,OTHER
762,766,1194,180,1238,205,final,44,25,final,OTHER
768,771,1243,180,1290,205,2018,47,25,2018,OTHER
773,775,1295,180,1333,205,pay,38,25,pay,OTHER
777,780,1338,180,1384,205,stub,46,25,stub,OTHER
782,785,1389,180,1434,205,plus,45,25,plus,OTHER
787,789,1439,180,1476,205,any,37,25,any,OTHER
791,801,1481,180,1607,205,adjustments,126,25,adjustments,OTHER
803,811,1612,180,1713,206,submitted,101,26,submitted,OTHER
813,814,1718,181,1743,206,by,25,25,by,OTHER
816,819,1748,181,1795,206,your,47,25,your,OTHER
821,829,1800,181,1909,206,employer.,109,25,employer.,OTHER
838,843,57,204,92,226,introl,35,22,introl,OTHER
845,850,94,199,156,225,number,62,26,number,OTHER
852,854,218,211,246,235,150,28,24,150,OTHER
856,860,270,204,305,225,corp.,35,21,corp.,OTHER
863,869,18,214,79,235,3654033,61,21,3654033,OTHER
906,913,444,204,499,228,employer,55,24,employer,OTHER
915,917,502,204,525,228,use,23,24,use,OTHER
919,922,529,205,563,230,only,34,25,only,OTHER
975,979,840,216,875,240,gross,35,24,gross,OTHER
981,983,880,216,903,241,pay,23,25,pay,OTHER
989,996,973,216,1026,238,285365.5,53,22,285365.5,OTHER
1019,1026,1283,215,1334,238,15416.22,51,23,15416.22,OTHER
1054,1060,1637,216,1682,238,9617.62,45,22,9617.62,OTHER
1203,1208,1131,225,1173,244,social,42,19,social,OTHER
1210,1217,1174,225,1224,243,security,50,18,security,OTHER
1360,1362,1548,219,1570,239,tax,22,20,tax,OTHER
1364,1364,1159,253,1166,274,4,7,21,4,OTHER
1365,1372,1157,237,1224,257,withheld,67,20,withheld,OTHER
1391,1392,1448,222,1458,242,l.,10,20,l.,OTHER
1394,1398,1462,221,1493,242,state,31,21,state,OTHER
1400,1405,1497,220,1545,241,income,48,21,income,OTHER
1407,1409,1131,237,1155,258,tax,24,21,tax,OTHER
1552,1554,1442,242,1472,260,box,30,18,box,OTHER
1559,1560,1490,243,1504,261,of,14,18,of,OTHER
1562,1564,1505,244,1537,263,w-2,32,19,w-2,OTHER
1582,1584,1130,251,1156,273,box,26,22,box,OTHER
1758,1762,1444,256,1478,277,local,34,21,local,OTHER
1763,1764,1473,243,1489,260,1/,16,17,1/,OTHER
1765,1770,1481,257,1532,277,income,51,20,income,OTHER
1953,1954,1170,253,1183,274,of,13,21,of,OTHER
1956,1958,1185,252,1218,274,w-2,33,22,w-2,OTHER
1959,1960,1535,257,1550,276,ta,15,19,ta,OTHER
1964,1971,1636,253,1691,274,39669.64,55,21,39669.64,OTHER
1979,1988,53,258,116,283,employer's,63,25,employer's,OTHER
1990,1994,120,257,161,281,"name,",41,24,"name,",OTHER
1996,2003,165,257,218,280,"address,",53,23,"address,",OTHER
2005,2007,222,257,246,280,and,24,23,and,OTHER
2009,2011,250,257,269,280,zip,19,23,zip,OTHER
2013,2016,273,257,313,280,code,40,23,code,OTHER
2025,2031,61,276,145,301,"molina,",84,25,"molina,",employerName
2033,2036,150,276,201,300,huff,51,24,huff,employerName
2038,2040,207,276,244,300,and,37,24,and,employerName
2042,2047,248,276,320,300,watson,72,24,watson,employerName
2049,2051,327,278,361,301,plc,34,23,plc,employerName
2190,2192,1443,276,1470,297,box,27,21,box,OTHER
2194,2195,1474,276,1488,297,19,14,21,19,OTHER
2197,2198,1491,276,1504,297,of,13,21,of,OTHER
2200,2202,1507,277,1536,298,w-2,29,21,w-2,OTHER
2211,2213,63,302,101,326,937,38,24,937,employerAddressStreet_name
2215,2223,105,302,209,326,robertson,104,24,robertson,employerAddressStreet_name
2225,2229,217,302,278,326,locks,61,24,locks,employerAddressStreet_name
2231,2234,282,303,333,327,apt.,51,24,apt.,employerAddressStreet_name
2236,2238,338,304,368,328,666,30,24,666,OTHER
2317,2320,840,304,867,326,fed.,27,22,fed.,OTHER
2322,2327,870,303,923,324,income,53,21,income,OTHER
2329,2336,968,302,1026,323,33651.88,58,21,33651.88,OTHER
2344,2351,1129,304,1190,324,medicare,61,20,medicare,OTHER
2353,2355,1194,304,1218,323,tax,24,19,tax,OTHER
2364,2367,1306,302,1335,321,6999,29,19,6999,OTHER
2369,2370,1338,301,1356,319,82,18,18,82,OTHER
2379,2381,62,328,98,352,new,36,24,new,employerAddressCity
2383,2389,107,328,188,353,timothy,81,25,timothy,employerAddressCity
2391,2392,214,328,244,352,mt,30,24,mt,employerAddressState
2394,2403,262,328,378,352,76521-9346,116,24,76521-9346,employerAddressZip
2485,2487,840,329,864,351,tax,24,22,tax,OTHER
2489,2496,868,329,933,351,withheld,65,22,withheld,OTHER
2514,2521,1133,330,1194,353,withheld,61,23,withheld,OTHER
2544,2554,1446,329,1521,354,sui/sdi/fli,75,25,sui/sdi/fli,OTHER
2670,2672,842,352,865,375,box,23,23,box,OTHER
2674,2674,869,352,876,374,2,7,22,2,OTHER
2676,2677,879,351,892,374,of,13,23,of,OTHER
2679,2681,896,350,929,373,w.2,33,23,w.2,OTHER
2697,2699,1130,351,1156,373,box,26,22,box,OTHER
2701,2701,1158,351,1166,372,6,8,21,6,OTHER
2703,2704,1169,351,1182,372,of,13,21,of,OTHER
2706,2708,1185,352,1215,373,w-2,30,21,w-2,OTHER
2728,2730,1446,351,1470,374,box,24,23,box,OTHER
2732,2733,1473,350,1487,373,14,14,23,14,OTHER
2735,2736,1491,350,1504,373,of,13,23,of,OTHER
2738,2740,1507,352,1532,374,w-2,25,22,w-2,OTHER
2776,2780,268,409,330,432,batch,62,23,batch,OTHER
2809,2814,415,408,495,434,#02021,80,26,#02021,OTHER
2817,2818,24,448,43,469,if,19,21,if,OTHER
2820,2828,48,448,117,470,employees,69,22,employees,OTHER
2830,2834,121,449,163,470,"name,",42,21,"name,",OTHER
2836,2842,167,450,216,470,address,49,20,address,OTHER
2844,2846,220,450,243,470,and,23,20,and,OTHER
2848,2850,247,450,268,470,zip,21,20,zip,OTHER
2852,2855,271,450,305,470,code,34,20,code,OTHER
2963,2964,775,469,798,497,2.,23,28,2.,OTHER
2966,2969,802,469,850,497,your,48,28,your,OTHER
2971,2975,855,469,917,497,gross,62,28,gross,OTHER
2977,2979,922,470,958,497,pay,36,27,pay,OTHER
2981,2983,963,470,1005,497,was,42,27,was,OTHER
2985,2992,1010,470,1098,497,adjusted,88,27,adjusted,OTHER
2994,2995,1104,471,1127,497,as,23,26,as,OTHER
2997,3003,1133,471,1203,497,follows,70,26,follows,OTHER
3005,3006,1208,471,1228,497,to,20,26,to,OTHER
3008,3014,1233,471,1319,497,produce,86,26,produce,OTHER
3016,3019,1323,471,1371,497,your,48,26,your,OTHER
3021,3023,1376,471,1418,497,w-2,42,26,w-2,OTHER
3025,3034,1422,471,1528,496,statement.,106,25,statement.,OTHER
3043,3049,63,500,145,524,heather,82,24,heather,employeeName
3051,3055,161,501,221,523,brown,60,22,brown,employeeName
3064,3068,66,524,124,548,81519,58,24,81519,OTHER
3070,3076,128,524,211,548,brandon,83,24,brandon,OTHER
3078,3083,217,524,289,547,spring,72,23,spring,OTHER
3205,3210,1031,526,1079,550,"wages,",48,24,"wages,",OTHER
3212,3216,1083,526,1113,549,"tips,",30,23,"tips,",OTHER
3218,3221,1117,528,1143,551,athe,26,23,athe,OTHER
3227,3232,1236,526,1277,546,social,41,20,social,OTHER
3234,3238,1280,526,1312,547,secui,32,21,secui,OTHER
3240,3246,1314,526,1365,550,medical,51,24,medical,OTHER
3259,3260,1446,527,1457,548,l.,11,21,l.,OTHER
3262,3266,1460,526,1493,548,state,33,22,state,OTHER
3268,3273,1495,526,1554,549,wages.,59,23,wages.,OTHER
3275,3278,1571,526,1600,547,diaz,29,21,diaz,OTHER
3280,3286,1603,526,1653,547,estates,50,21,estates,OTHER
3295,3299,64,548,121,573,south,57,25,south,OTHER
3301,3312,127,550,266,573,michealhaven,139,23,michealhaven,OTHER
3314,3315,293,551,319,571,ut,26,20,ut,OTHER
3317,3326,338,551,450,573,04477-2361,112,22,04477-2361,OTHER
3436,3447,1031,550,1129,573,compensation,98,23,compensation,OTHER
3457,3461,1232,552,1288,577,wages,56,25,wages,OTHER
3462,3466,1314,550,1368,579,wages,54,29,wages,OTHER
3489,3493,1445,553,1474,574,tips.,29,21,tips.,OTHER
3494,3494,1061,570,1070,589,1,9,19,1,OTHER
3496,3499,1476,554,1507,576,etc.,31,22,etc.,OTHER
3500,3501,1072,570,1085,589,of,13,19,of,OTHER
3503,3504,1289,570,1305,594,w.,16,24,w.,OTHER
3505,3505,1106,571,1112,590,2,6,19,2,OTHER
3507,3511,1571,553,1607,574,local,36,21,local,OTHER
3513,3518,1610,551,1661,574,"wages,",51,23,"wages,",OTHER
3668,3670,1032,569,1058,589,box,26,20,box,OTHER
3672,3672,1320,1297,1336,1322,1,16,25,1,OTHER
3674,3675,1274,570,1286,594,of,12,24,of,OTHER
3677,3678,1087,570,1104,590,w-,17,20,w-,OTHER
3680,3680,1308,571,1312,594,2,4,23,2,OTHER
3689,3691,1233,570,1261,595,box,28,25,box,OTHER
3693,3693,1264,570,1271,595,3,7,25,3,OTHER
3695,3696,1357,571,1368,593,of,11,22,of,OTHER
3699,3699,346,1033,349,1067,.,3,34,.,OTHER
3701,3701,1317,688,1325,708,2,8,20,2,OTHER
3703,3705,1314,571,1342,594,box,28,23,box,OTHER
3707,3707,1345,571,1354,593,5,9,22,5,OTHER
3709,3710,1490,570,1503,593,of,13,23,of,OTHER
3712,3714,1370,571,1402,593,w.2,32,22,w.2,OTHER
3721,3723,1443,569,1470,592,box,27,23,box,OTHER
3944,3946,1573,587,1598,610,box,25,23,box,OTHER
3948,3949,1601,587,1617,610,18,16,23,18,OTHER
3951,3952,1619,587,1632,609,of,13,22,of,OTHER
3954,3955,1635,587,1655,609,w2,20,22,w2,OTHER
3962,3971,48,606,119,628,employer's,71,22,employer's,OTHER
3978,3987,60,620,151,645,26-5179535,91,25,26-5179535,einEmployerIdentificationNumber
3989,3991,121,606,147,627,fed,26,21,fed,OTHER
3993,3994,149,606,165,627,id,16,21,id,OTHER
3996,4001,167,606,214,627,number,47,21,number,OTHER
4016,4025,297,606,371,628,employee's,74,22,employee's,OTHER
4027,4029,374,606,401,628,ssa,27,22,ssa,OTHER
4031,4036,404,607,463,632,number,59,25,number,OTHER
4092,4102,397,621,485,644,483-15-1447,88,23,483-15-1447,ssnOfEmployee
4211,4214,775,643,804,667,plus,29,24,plus,OTHER
4216,4218,807,641,832,663,gtl,25,22,gtl,OTHER
4219,4223,841,624,876,648,gross,35,24,gross,OTHER
4342,4347,836,641,881,663,(c-box,45,22,(c-box,OTHER
4348,4350,880,625,906,648,pay,26,23,pay,OTHER
4477,4479,884,642,907,665,12),23,23,12),OTHER
4500,4503,1033,632,1067,659,2252,34,27,2252,OTHER
4505,4511,1078,625,1128,649,5365.47,50,24,5365.47,OTHER
4521,4526,1235,629,1280,649,285365,45,20,285365,OTHER
4528,4531,1316,633,1352,653,7258,36,20,7258,OTHER
4533,4534,1357,625,1375,650,35,18,25,35,OTHER
4553,4560,1450,624,1502,650,205365.5,52,26,205365.5,OTHER
4764,4765,1473,569,1487,592,16,14,23,16,OTHER
4782,4785,1573,642,1605,659,2258,32,17,2258,OTHER
4792,4797,50,661,93,684,"wages,",43,23,"wages,",OTHER
4799,4803,98,661,125,683,"tips,",27,22,"tips,",OTHER
4805,4809,129,660,163,683,other,34,23,other,OTHER
4811,4815,167,660,206,682,comp.,39,22,comp.,OTHER
4834,4840,299,661,345,684,federal,46,23,federal,OTHER
4842,4847,348,661,396,683,income,48,22,income,OTHER
4849,4854,398,672,444,695,33651.,46,23,33651.,box2FederalIncomeTaxWithheld
4919,4921,399,661,420,682,tax,21,21,tax,OTHER
4923,4930,423,660,478,681,withheld,55,21,withheld,OTHER
5002,5003,446,673,462,695,28,16,22,28,box2FederalIncomeTaxWithheld
5039,5042,775,661,805,684,less,30,23,less,OTHER
5044,5049,809,661,843,683,401(k),34,22,401(k),OTHER
5051,5056,847,661,891,681,(d-box,44,20,(d-box,OTHER
5058,5059,894,661,910,680,2),16,19,2),OTHER
5080,5087,1236,671,1291,696,33651.88,55,25,33651.88,OTHER
5102,5102,649,1338,662,1359,3,13,21,3,OTHER
5106,5106,1582,1375,1594,1398,1,12,23,1,OTHER
5107,5107,251,1072,264,1097,.,13,25,.,OTHER
5108,5109,1612,671,1626,692,88,14,21,88,OTHER
5151,5152,1570,665,1598,683,wa,28,18,wa,OTHER
5154,5154,269,1644,281,1663,8,12,19,8,OTHER
5264,5267,777,679,804,704,less,27,25,less,OTHER
5376,5383,777,693,833,715,reported,56,22,reported,OTHER
5385,5387,837,692,862,713,w-2,25,21,w-2,OTHER
5388,5391,848,673,877,696,cafe,29,23,cafe,OTHER
5392,5396,866,691,912,712,wages,46,21,wages,OTHER
5510,5514,809,675,843,700,other,34,25,other,OTHER
5523,5525,881,672,908,693,125,27,21,125,OTHER
5547,5552,1032,688,1076,707,236207,44,19,236207,OTHER
5554,5555,1079,688,1097,710,37,18,22,37,OTHER
5568,5576,1236,685,1304,708,236297.37,68,23,236297.37,OTHER
5578,5578,682,2290,688,2310,2,6,20,2,OTHER
5600,5607,1444,690,1499,713,236297.3,55,23,236297.3,OTHER
5617,5621,1572,683,1608,709,23527,36,26,23527,OTHER
5623,5623,1609,685,1617,706,7,8,21,7,OTHER
5625,5626,1618,689,1630,713,37,12,24,37,OTHER
5634,5639,53,713,89,733,social,36,20,social,OTHER
5642,5649,92,712,141,733,security,49,21,security,OTHER
5651,5655,144,711,185,731,wages,41,20,wages,OTHER
5664,5672,60,723,143,751,201515.16,83,28,201515.16,box3SocialSecurityWages
5703,5708,297,711,337,732,social,40,21,social,OTHER
5710,5717,340,712,390,733,security,50,21,security,OTHER
5718,5725,396,725,464,748,15416.22,68,23,15416.22,box4SocialSecurityTaxWithheld
5789,5791,391,713,415,733,tax,24,20,tax,OTHER
5793,5800,417,714,473,733,withheld,56,19,withheld,OTHER
5807,5814,47,773,107,794,medicare,60,21,medicare,OTHER
5816,5820,110,774,153,793,wages,43,19,wages,OTHER
5822,5824,156,775,180,793,and,24,18,and,OTHER
5826,5829,183,774,214,792,tips,31,18,tips,OTHER
5847,5854,295,772,356,791,medicare,61,19,medicare,OTHER
5856,5858,358,772,380,791,tax,22,19,tax,OTHER
5860,5867,383,772,444,793,withheld,61,21,withheld,OTHER
5908,5909,778,769,796,794,3.,18,25,3.,OTHER
5911,5918,801,769,902,794,employee,101,25,employee,OTHER
5920,5922,907,769,948,793,w-4,41,24,w-4,OTHER
5924,5931,952,769,1026,793,profile.,74,24,profile.,OTHER
5933,5934,1030,769,1056,793,to,26,24,to,OTHER
5936,5941,1061,769,1136,793,change,75,24,change,OTHER
5943,5946,1141,769,1188,793,your,47,24,your,OTHER
5948,5955,1193,769,1294,793,employee,101,24,employee,OTHER
5957,5959,1298,769,1339,794,w-4,41,25,w-4,OTHER
5961,5967,1344,769,1407,794,profile,63,25,profile,OTHER
5969,5980,1412,770,1536,794,"information,",124,24,"information,",OTHER
5982,5985,1540,770,1572,794,file,32,24,file,OTHER
5987,5987,1576,770,1588,794,a,12,24,a,OTHER
5989,5991,1592,770,1635,794,new,43,24,new,OTHER
5993,5995,1639,770,1680,795,w-4,41,25,w-4,OTHER
5997,6000,1685,770,1728,795,with,43,25,with,OTHER
6002,6005,1732,770,1778,795,your,46,25,your,OTHER
6007,6013,1782,770,1854,795,payroll,72,25,payroll,OTHER
6015,6019,1859,770,1914,796,dept.,55,26,dept.,OTHER
6028,6033,60,790,109,814,241373,49,24,241373,OTHER
6035,6037,110,787,141,812,.01,31,25,.01,OTHER
6079,6085,397,789,454,808,6959.82,57,19,6959.82,OTHER
6093,6098,52,828,87,851,social,35,23,social,OTHER
6100,6107,91,828,140,850,security,49,22,security,OTHER
6109,6112,144,828,164,848,tips,20,20,tips,OTHER
6132,6140,296,827,357,849,allocated,61,22,allocated,OTHER
6142,6145,360,828,391,851,tips,31,23,tips,OTHER
6288,6293,1444,830,1482,850,social,38,20,social,OTHER
6320,6330,1637,826,1711,843,483-15-1447,74,17,483-15-1447,OTHER
6393,6398,404,841,451,866,41373.,47,25,41373.,OTHER
6400,6401,454,840,471,863,01,17,23,01,OTHER
6449,6455,841,847,937,871,heather,96,24,heather,OTHER
6457,6461,959,848,1026,871,brown,67,23,brown,OTHER
6533,6539,1443,844,1489,862,taxable,46,18,taxable,OTHER
6541,6548,1484,830,1532,849,security,48,19,security,OTHER
6760,6766,1491,843,1535,862,marital,44,19,marital,OTHER
6969,6979,1442,861,1514,881,exemptions/,72,20,exemptions/,OTHER
7200,7205,1534,831,1581,848,number,47,17,number,OTHER
7425,7431,1536,841,1584,860,status:,48,19,status:,OTHER
7647,7656,1516,859,1582,881,allowances,66,22,allowances,OTHER
7659,7659,1584,859,1590,880,:,6,21,:,OTHER
7894,7900,1636,840,1701,862,married,65,22,married,OTHER
7906,7917,47,877,122,900,verification,75,23,verification,OTHER
7919,7922,125,878,159,899,code,34,21,code,OTHER
7947,7955,299,879,369,901,dependent,70,22,dependent,OTHER
7957,7960,372,878,400,900,care,28,22,care,OTHER
7962,7969,403,877,454,898,benefits,51,21,benefits,OTHER
8019,8023,843,882,913,908,81519,70,26,81519,OTHER
8025,8031,919,884,1016,909,brandon,97,25,brandon,OTHER
8033,8038,1025,885,1107,909,spring,82,24,spring,OTHER
8104,8109,1446,891,1497,908,state.,51,17,state.,OTHER
8228,8230,842,916,883,939,new,41,23,new,OTHER
8232,8238,897,916,987,942,timothy,90,26,timothy,OTHER
8240,8241,1022,917,1052,938,mt,30,21,mt,OTHER
8243,8246,1079,916,1130,941,7652,51,25,7652,OTHER
8313,8318,1443,907,1492,930,local:,49,23,local:,OTHER
8325,8336,50,930,132,950,nonqualified,82,20,nonqualified,OTHER
8338,8342,136,930,178,950,plans,42,20,plans,OTHER
8359,8361,270,931,296,953,12a,26,22,12a,OTHER
8363,8365,300,931,323,953,see,23,22,see,OTHER
8367,8378,327,928,400,953,instructions,73,25,instructions,OTHER
8380,8382,403,928,421,952,for,18,24,for,OTHER
8384,8386,424,927,451,951,box,27,24,box,OTHER
8388,8389,453,926,476,950,12,23,24,12,OTHER
8397,8399,63,946,90,964,228,27,18,228,OTHER
8405,8409,56,983,93,1003,other,37,20,other,OTHER
8463,8466,398,971,432,993,2258,34,22,2258,OTHER
8506,8508,269,1008,306,1043,120,37,35,120,OTHER
8548,8549,269,1030,277,1066,13,8,36,13,OTHER
8551,8554,283,1031,298,1066,stat,15,35,stat,OTHER
8556,8559,304,1032,326,1067,ema.,22,35,ema.,OTHER
8561,8563,332,1033,342,1067,res,10,34,res,OTHER
8565,8565,439,1069,453,1095,.,14,26,.,OTHER
8567,8569,353,1033,391,1067,pan,38,34,pan,OTHER
8571,8573,397,1034,409,1066,ard,12,32,ard,OTHER
8575,8580,416,1033,437,1065,partly,21,32,partly,OTHER
8582,8585,444,1033,458,1064,sick,14,31,sick,OTHER
8587,8592,464,1032,482,1063,friday,18,31,friday,OTHER
8609,8618,125,1074,188,1096,employers',63,22,employers',OTHER
8620,8624,191,1073,218,1097,state,27,24,state,OTHER
8626,8627,222,1073,233,1097,10,11,24,10,OTHER
8629,8630,236,1072,247,1097,no,11,25,no,OTHER
8632,8632,95,1143,99,1165,.,4,22,.,box17StateIncomeTax
8634,8635,270,1071,289,1097,16,19,26,16,OTHER
8637,8641,52,1076,87,1096,state,35,20,state,OTHER
8643,8647,340,1070,378,1097,wages,38,27,wages,OTHER
8649,8649,381,1070,386,1096,",",5,26,",",OTHER
8651,8654,389,1069,408,1096,tips,19,27,tips,OTHER
8656,8656,411,1069,416,1096,",",5,27,",",OTHER
8658,8660,419,1069,436,1096,etc,17,27,etc,OTHER
8662,8662,109,1396,115,1419,.,6,23,.,OTHER
8669,8673,305,1070,337,1097,state,32,27,state,OTHER
8675,8684,125,1090,208,1115,752-44-053,83,25,752-44-053,OTHER
8728,8736,397,1089,471,1116,112236.33,74,27,112236.33,OTHER
8743,8747,57,1123,88,1146,state,31,23,state,OTHER
8749,8754,92,1124,139,1146,income,47,22,income,OTHER
8756,8758,142,1126,163,1146,tax,21,20,tax,OTHER
8777,8778,270,1126,289,1147,18,19,21,18,OTHER
8780,8784,303,1126,338,1149,local,35,23,local,OTHER
8786,8791,342,1125,386,1149,"wages,",44,24,"wages,",OTHER
8793,8797,390,1124,417,1148,"tips,",27,24,"tips,",OTHER
8799,8802,421,1122,454,1148,etc.,33,26,etc.,OTHER
8810,8813,60,1143,92,1166,9617,32,23,9617,box17StateIncomeTax
8815,8815,432,1394,434,1416,.,2,22,.,OTHER
8817,8818,103,1143,126,1165,62,23,22,62,OTHER
8867,8872,396,1142,444,1167,220804,48,25,220804,OTHER
8874,8876,447,1139,476,1167,.21,29,28,.21,OTHER
8883,8887,53,1184,91,1205,local,38,21,local,OTHER
8889,8894,93,1182,142,1205,income,49,23,income,OTHER
8896,8898,145,1177,170,1200,tax,25,23,tax,OTHER
8920,8927,303,1179,353,1201,locality,50,22,locality,OTHER
8929,8932,356,1179,399,1204,name,43,25,name,OTHER
8941,8944,396,1194,433,1220,diaz,37,26,diaz,OTHER
8946,8952,437,1195,497,1220,estates,60,25,estates,OTHER
8984,8984,775,1193,785,1216,@,10,23,@,OTHER
8986,8989,789,1193,817,1216,2018,28,23,2018,OTHER
8991,8994,821,1193,852,1217,"adp,",31,24,"adp,",OTHER
8996,8998,856,1194,881,1217,llc,25,23,llc,OTHER
9006,9011,61,1311,108,1335,236297,47,24,236297,OTHER
9013,9015,110,1306,143,1333,.37,33,27,.37,OTHER
9041,9047,295,1299,345,1323,federal,50,24,federal,OTHER
9049,9054,348,1299,396,1323,income,48,24,income,OTHER
9056,9058,398,1298,422,1322,tax,24,24,tax,OTHER
9060,9067,424,1297,482,1321,withheld,58,24,withheld,OTHER
9093,9098,679,1299,726,1320,"wages,",47,21,"wages,",OTHER
9100,9104,729,1301,757,1321,"tips,",28,20,"tips,",OTHER
9106,9110,760,1301,794,1321,other,34,20,other,OTHER
9112,9116,796,1298,841,1321,comp.,45,23,comp.,OTHER
9128,9134,928,1298,979,1324,federal,51,26,federal,OTHER
9136,9141,982,1299,1030,1324,income,48,25,income,OTHER
9143,9145,1033,1298,1055,1323,tax,22,25,tax,OTHER
9147,9154,1059,1296,1116,1323,withheld,57,27,withheld,OTHER
9183,9183,656,1747,669,1769,1,13,22,1,OTHER
9185,9189,1340,1298,1393,1322,wages,53,24,wages,OTHER
9191,9195,1396,1299,1424,1322,tips/,28,23,tips/,OTHER
9197,9201,1428,1299,1461,1323,other,33,24,other,OTHER
9203,9205,1464,1299,1496,1323,cum,32,24,cum,OTHER
9224,9230,1598,1297,1647,1322,federal,49,25,federal,OTHER
9232,9237,1651,1297,1698,1322,income,47,25,income,OTHER
9239,9241,1702,1297,1723,1321,tax,21,24,tax,OTHER
9243,9250,1727,1297,1783,1321,withheld,56,24,withheld,OTHER
9490,9497,1700,1315,1772,1338,33651.29,72,23,33651.29,OTHER
9503,9508,48,1339,88,1360,social,40,21,social,OTHER
9510,9517,91,1339,142,1360,security,51,21,security,OTHER
9519,9523,144,1339,191,1360,wages,47,21,wages,OTHER
9534,9534,269,1338,284,1359,4,15,21,4,OTHER
9536,9541,297,1337,336,1360,social,39,23,social,OTHER
9543,9550,340,1337,390,1360,security,50,23,security,OTHER
9552,9554,393,1337,414,1360,tax,21,23,tax,OTHER
9556,9563,417,1337,471,1359,withheld,54,22,withheld,OTHER
9587,9592,680,1339,721,1359,social,41,20,social,OTHER
9594,9601,723,1340,774,1359,security,51,19,security,OTHER
9603,9607,775,1340,815,1358,wages,40,18,wages,OTHER
9625,9630,932,1337,971,1363,social,39,26,social,OTHER
9632,9639,974,1337,1023,1362,security,49,25,security,OTHER
9641,9643,1026,1337,1049,1360,tax,23,23,tax,OTHER
9645,9652,1052,1337,1111,1359,withheld,59,22,withheld,OTHER
9680,9680,1315,1339,1330,1363,b,15,24,b,OTHER
9682,9687,1344,1340,1387,1363,social,43,23,social,OTHER
9689,9696,1391,1341,1440,1363,security,49,22,security,OTHER
9698,9702,1444,1340,1484,1361,wages,40,21,wages,OTHER
9721,9732,1598,1337,1691,1367,socialspotty,93,30,socialspotty,OTHER
9734,9736,1695,1337,1716,1362,tax,21,25,tax,OTHER
9738,9745,1720,1337,1773,1360,withheld,53,23,withheld,OTHER
9751,9759,60,1351,142,1380,201519.16,82,29,201519.16,OTHER
9799,9803,396,1359,436,1380,15416,40,21,15416,OTHER
9805,9807,437,1354,468,1378,.22,31,24,.22,OTHER
9841,9849,712,1361,789,1377,201519.16,77,16,201519.16,OTHER
9981,9985,1706,1356,1745,1381,5416.,39,25,5416.,OTHER
9992,9993,1747,1354,1767,1379,22,20,25,22,OTHER
9999,10006,50,1379,108,1401,medicare,58,22,medicare,OTHER
10008,10008,1733,1395,1739,1418,.,6,23,.,OTHER
10009,10013,110,1377,155,1400,wages,45,23,wages,OTHER
10030,10037,294,1378,356,1400,medicare,62,22,medicare,OTHER
10039,10041,358,1378,380,1400,tax,22,22,tax,OTHER
10043,10050,383,1378,447,1400,withheld,64,22,withheld,OTHER
10084,10091,677,1379,739,1399,medicare,62,20,medicare,OTHER
10093,10097,741,1380,786,1399,wages,45,19,wages,OTHER
10099,10101,156,1376,181,1398,and,25,22,and,OTHER
10103,10106,183,1375,213,1398,tips,30,23,tips,OTHER
10120,10127,929,1378,990,1401,medicare,61,23,medicare,OTHER
10129,10131,993,1378,1014,1400,tax,21,22,tax,OTHER
10132,10139,1032,1358,1103,1381,15416.22,71,23,15416.22,OTHER
10282,10289,1017,1376,1084,1399,withheld,67,23,withheld,OTHER
10329,10334,1368,1381,1407,1403,dicare,39,22,dicare,OTHER
10336,10340,1409,1381,1453,1403,wages,44,22,wages,OTHER
10342,10344,787,1378,813,1399,and,26,21,and,OTHER
10362,10363,1565,1375,1577,1398,16,12,23,16,OTHER
10365,10365,666,1893,674,1914,1,8,21,1,OTHER
10367,10374,1598,1376,1657,1400,medicare,59,24,medicare,OTHER
10376,10378,1662,1377,1683,1400,fax,21,23,fax,OTHER
10616,10618,1708,1394,1731,1418,959,23,24,959,OTHER
10619,10626,1687,1378,1751,1400,withheld,64,22,withheld,OTHER
10632,10637,60,1396,107,1419,241373,47,23,241373,OTHER
10644,10645,117,1395,142,1419,01,25,24,01,OTHER
10647,10649,1455,1377,1483,1401,and,28,24,and,OTHER
10651,10654,814,1376,841,1398,tips,27,22,tips,OTHER
10681,10684,398,1392,429,1416,6999,31,24,6999,OTHER
10686,10686,1588,1693,1597,1718,.,9,25,.,OTHER
10688,10689,437,1394,448,1417,8:,11,23,8:,OTHER
10722,10727,711,1396,759,1416,241373,48,20,241373,OTHER
10729,10731,761,1391,790,1416,.03,29,25,.03,OTHER
10768,10772,1032,1395,1070,1418,6999.,38,23,6999.,OTHER
10774,10775,1072,1398,1090,1420,82,18,22,82,OTHER
10869,10869,985,1855,988,1880,.,3,25,.,OTHER
10871,10872,1741,1395,1756,1418,32,15,23,32,OTHER
10877,10883,45,1422,92,1447,control,47,25,control,OTHER
10885,10890,93,1422,152,1445,number,59,23,number,OTHER
10892,10894,216,1431,247,1457,150,31,26,150,OTHER
10896,10900,269,1422,309,1444,corp.,40,22,corp.,OTHER
10933,10940,443,1421,499,1445,employer,56,24,employer,OTHER
10942,10944,502,1422,526,1446,use,24,24,use,OTHER
10946,10949,529,1424,562,1449,only,33,25,only,OTHER
10961,10967,675,1425,723,1445,control,48,20,control,OTHER
10969,10974,725,1419,782,1442,number,57,23,number,OTHER
11020,11027,1078,1421,1134,1444,employer,56,23,employer,OTHER
11029,11031,1138,1421,1159,1445,use,21,24,use,OTHER
11033,11035,1163,1422,1195,1445,wiz,32,23,wiz,OTHER
11117,11124,1746,1420,1802,1445,employer,56,25,employer,OTHER
11126,11128,1805,1421,1829,1445,use,24,24,use,OTHER
11130,11133,1832,1422,1866,1447,only,34,25,only,OTHER
11136,11142,18,1435,79,1456,3654033,61,21,3654033,OTHER
11148,11157,48,1457,115,1483,employer's,67,26,employer's,OTHER
11159,11163,120,1458,160,1483,"name,",40,25,"name,",OTHER
11165,11172,165,1457,218,1483,"address,",53,26,"address,",OTHER
11174,11176,223,1457,245,1482,and,22,25,and,OTHER
11178,11180,250,1457,270,1482,zip,20,25,zip,OTHER
11182,11185,274,1456,315,1482,code,41,26,code,OTHER
11234,11243,678,1456,747,1481,employer's,69,25,employer's,OTHER
11245,11249,750,1457,793,1483,"name,",43,26,"name,",OTHER
11251,11258,796,1457,849,1483,"address,",53,26,"address,",OTHER
11260,11262,852,1458,876,1484,and,24,26,and,OTHER
11264,11266,880,1458,902,1483,zip,22,25,zip,OTHER
11268,11271,906,1458,943,1483,code,37,25,code,OTHER
11278,11284,60,1481,147,1505,"molina,",87,24,"molina,",OTHER
11286,11289,151,1480,199,1505,huff,48,25,huff,OTHER
11291,11293,206,1480,243,1505,and,37,25,and,OTHER
11295,11300,249,1480,319,1505,watson,70,25,watson,OTHER
11302,11304,328,1480,365,1504,plc,37,24,plc,OTHER
11368,11374,712,1481,797,1505,"molina,",85,24,"molina,",OTHER
11376,11379,801,1481,851,1505,huff,50,24,huff,OTHER
11381,11383,858,1481,894,1505,and,36,24,and,OTHER
11385,11390,899,1480,970,1505,watson,71,25,watson,OTHER
11392,11394,978,1480,1016,1504,plc,38,24,plc,OTHER
11463,11469,1380,1479,1463,1504,molinar,83,25,molinar,OTHER
11471,11474,1469,1478,1520,1504,huff,51,26,huff,OTHER
11476,11478,1525,1478,1558,1505,and,33,27,and,OTHER
11480,11486,1561,1478,1639,1505,/watson,78,27,/watson,OTHER
11488,11490,1645,1480,1683,1504,bls,38,24,bls,OTHER
11498,11500,62,1507,102,1532,937,40,25,937,OTHER
11502,11510,106,1506,211,1532,robertson,105,26,robertson,OTHER
11512,11516,216,1506,278,1530,locks,62,24,locks,OTHER
11518,11521,282,1506,336,1530,apt.,54,24,apt.,OTHER
11523,11525,339,1506,369,1530,666,30,24,666,OTHER
11587,11589,714,1506,752,1529,937,38,23,937,OTHER
11591,11599,756,1506,859,1531,robertson,103,25,robertson,OTHER
11601,11605,867,1506,927,1531,locks,60,25,locks,OTHER
11607,11610,934,1506,984,1531,apt.,50,25,apt.,OTHER
11612,11614,990,1506,1018,1530,666,28,24,666,OTHER
11682,11684,1382,1507,1419,1529,937,37,22,937,OTHER
11686,11691,1424,1508,1485,1530,robert,61,22,robert,OTHER
11699,11701,61,1530,99,1555,new,38,25,new,OTHER
11703,11709,107,1530,189,1555,timothy,82,25,timothy,OTHER
11711,11712,214,1531,245,1555,mt,31,24,mt,OTHER
11714,11723,262,1530,369,1555,76521-9346,107,25,76521-9346,OTHER
11788,11790,712,1531,749,1555,new,37,24,new,OTHER
11792,11798,758,1532,839,1555,timothy,81,23,timothy,OTHER
11800,11800,866,1531,874,1555,n,8,24,n,OTHER
11802,11811,913,1530,1021,1555,76521-9346,108,25,76521-9346,OTHER
11884,11886,1380,1533,1417,1555,new,37,22,new,OTHER
11888,11894,1426,1532,1507,1556,timothy,81,24,timothy,OTHER
11896,11896,1521,1531,1531,1556,",",10,25,",",OTHER
11898,11899,1534,1531,1557,1556,me,23,25,me,OTHER
11901,11901,1560,1531,1578,1556,\,18,25,\,OTHER
11903,11912,1581,1531,1696,1556,76521-9346,115,25,76521-9346,OTHER
11919,11928,48,1591,117,1615,employer's,69,24,employer's,OTHER
11936,11945,62,1605,150,1626,26-5179535,88,21,26-5179535,OTHER
11946,11948,120,1590,147,1613,fed,27,23,fed,OTHER
11950,11951,150,1590,164,1613,id,14,23,id,OTHER
11953,11958,167,1590,223,1613,number,56,23,number,OTHER
11972,11972,269,1593,283,1613,a,14,20,a,OTHER
11974,11983,296,1591,371,1613,employee's,75,22,employee's,OTHER
11985,11987,373,1591,401,1612,ssa,28,21,ssa,OTHER
11989,11994,403,1590,459,1612,number,56,22,number,OTHER
12020,12029,679,1590,750,1612,employer's,71,22,employer's,OTHER
12031,12033,753,1592,778,1612,fed,25,20,fed,OTHER
12035,12036,781,1592,796,1612,id,15,20,id,OTHER
12038,12043,798,1591,852,1612,number,54,21,number,OTHER
12061,12070,931,1590,1005,1614,employee's,74,24,employee's,OTHER
12072,12074,1009,1590,1035,1614,ssa,26,24,ssa,OTHER
12076,12081,1038,1590,1098,1613,number,60,23,number,OTHER
12153,12162,1599,1591,1673,1616,employee's,74,25,employee's,OTHER
12164,12166,1677,1590,1700,1614,ssa,23,24,ssa,OTHER
12168,12173,1704,1589,1753,1614,hunger,49,25,hunger,OTHER
12269,12278,712,1606,798,1626,26-5179535,86,20,26-5179535,OTHER
12325,12333,297,1645,357,1665,allocated,60,20,allocated,OTHER
12335,12338,360,1646,389,1665,tips,29,19,tips,OTHER
12371,12376,681,1643,720,1663,social,39,20,social,OTHER
12377,12382,713,1659,760,1681,201519,47,22,201519,OTHER
12483,12490,723,1643,773,1665,security,50,22,security,OTHER
12491,12493,761,1661,790,1681,.16,29,20,.16,OTHER
12603,12605,776,1645,789,1665,tip,13,20,tip,OTHER
12625,12633,930,1644,992,1666,allocated,62,22,allocated,OTHER
12635,12638,995,1645,1026,1667,tips,31,22,tips,OTHER
12645,12653,60,1661,138,1680,201519.16,78,19,201519.16,OTHER
12701,12706,398,1661,445,1683,241373,47,22,241373,OTHER
12708,12710,446,1660,476,1683,.01,30,23,.01,OTHER
12786,12794,1032,1660,1105,1681,241373.01,73,21,241373.01,OTHER
12800,12811,47,1696,121,1718,verification,74,22,verification,OTHER
12813,12816,124,1696,159,1718,code,35,22,code,OTHER
12839,12840,272,1695,289,1715,10,17,20,10,OTHER
12842,12850,298,1695,369,1717,dependent,71,22,dependent,OTHER
12852,12855,371,1697,400,1718,care,29,21,care,OTHER
12857,12864,403,1697,453,1718,benefits,50,21,benefits,OTHER
12887,12898,681,1696,753,1717,verification,72,21,verification,OTHER
12900,12903,755,1696,796,1718,code,41,22,code,OTHER
12925,12925,911,1692,926,1714,0,15,22,0,OTHER
12927,12935,933,1694,1003,1717,dependent,70,23,dependent,OTHER
12937,12940,1006,1697,1035,1718,care,29,21,care,OTHER
12942,12949,1038,1698,1086,1717,benefits,48,19,benefits,OTHER
13019,13020,1572,1693,1585,1717,10,13,24,10,OTHER
13022,13022,94,2107,99,2130,.,5,23,.,OTHER
13024,13036,1600,1694,1703,1719,dependentdais,103,25,dependentdais,OTHER
13038,13045,1706,1694,1757,1719,benefits,51,25,benefits,OTHER
13051,13062,54,1748,132,1770,nonqualified,78,22,nonqualified,OTHER
13064,13068,135,1749,172,1772,plans,37,23,plans,OTHER
13090,13092,269,1747,297,1770,12a,28,23,12a,OTHER
13094,13096,299,1748,324,1771,see,25,23,see,OTHER
13098,13109,326,1748,401,1771,instructions,75,23,instructions,OTHER
13111,13113,403,1748,422,1771,for,19,23,for,OTHER
13115,13117,423,1747,452,1770,box,29,23,box,OTHER
13119,13120,453,1746,474,1769,12,21,23,12,OTHER
13136,13147,681,1752,763,1774,nonqualified,82,22,nonqualified,OTHER
13149,13153,765,1749,808,1774,plans,43,25,plans,OTHER
13175,13176,911,1748,932,1770,2a,21,22,2a,OTHER
13178,13180,935,1748,959,1771,see,24,23,see,OTHER
13182,13193,961,1749,1035,1771,instructions,74,22,instructions,OTHER
13195,13197,1037,1749,1057,1771,for,20,22,for,OTHER
13199,13201,1058,1748,1086,1771,box,28,23,box,OTHER
13203,13204,1088,1747,1107,1770,12,19,23,12,OTHER
13229,13241,1317,1746,1430,1770,1nonqualified,113,24,1nonqualified,OTHER
13243,13247,1434,1746,1475,1770,glass,41,24,glass,OTHER
13254,13256,61,1766,90,1784,228,29,18,228,OTHER
13258,13259,18,1800,35,1815,14,17,15,14,OTHER
13261,13265,55,1800,93,1819,other,38,19,other,OTHER
13345,13345,655,1801,666,1816,4,11,15,4,OTHER
13347,13351,685,1802,724,1820,other,39,18,other,OTHER
13500,13504,1692,1779,1736,1801,12258,44,22,12258,OTHER
13539,13541,268,1804,298,1827,12b,30,23,12b,OTHER
13632,13634,906,1805,930,1823,12b,24,18,12b,OTHER
13763,13765,906,1817,932,1838,12c,26,21,12c,OTHER
13800,13802,270,1831,303,1861,126,33,30,126,OTHER
13893,13895,905,1832,938,1858,12d,33,26,12d,OTHER
13930,13931,270,1850,279,1877,13,9,27,13,OTHER
13933,13936,283,1851,303,1878,stat,20,27,stat,OTHER
13938,13940,307,1852,327,1878,emu,20,26,emu,OTHER
13942,13945,331,1853,351,1879,ret.,20,26,ret.,OTHER
13947,13950,355,1854,391,1880,plan,36,26,plan,OTHER
13952,13955,396,1854,413,1880,3rel,17,26,3rel,OTHER
13957,13961,416,1855,445,1880,party,29,25,party,OTHER
13963,13966,448,1855,469,1880,sick,21,25,sick,OTHER
13968,13970,472,1855,500,1880,pay,28,25,pay,OTHER
14022,14023,904,1853,916,1878,13,12,25,13,OTHER
14025,14028,920,1854,939,1879,stat,19,25,stat,OTHER
14030,14032,943,1854,963,1880,emp,20,26,emp,OTHER
14034,14036,967,1855,981,1880,ret,14,25,ret,OTHER
14038,14038,447,2108,451,2129,.,4,21,.,OTHER
14040,14043,992,1855,1025,1881,plan,33,26,plan,OTHER
14045,14047,1032,1855,1048,1881,3rd,16,26,3rd,OTHER
14049,14053,1052,1855,1080,1881,party,28,26,party,OTHER
14055,14058,1084,1855,1106,1881,sick,22,26,sick,OTHER
14060,14062,1110,1855,1134,1881,pay,24,26,pay,OTHER
14064,14066,17,1889,42,1912,elf,25,23,elf,OTHER
14068,14076,48,1891,118,1915,employees,70,24,employees,OTHER
14078,14082,121,1892,163,1916,name.,42,24,name.,OTHER
14084,14090,166,1891,216,1916,address,50,25,address,OTHER
14092,14094,219,1890,244,1914,and,25,24,and,OTHER
14096,14098,247,1888,268,1913,zip,21,25,zip,OTHER
14100,14103,271,1886,309,1912,code,38,26,code,OTHER
14151,14152,653,1893,663,1914,11,10,21,11,OTHER
14156,14164,677,1891,749,1914,employees,72,23,employees,OTHER
14166,14171,752,1890,794,1914,hante.,42,24,hante.,OTHER
14173,14180,797,1890,848,1914,allifest,51,24,allifest,OTHER
14182,14184,850,1890,874,1914,and,24,24,and,OTHER
14186,14188,875,1889,896,1914,zip,21,25,zip,OTHER
14190,14194,897,1889,941,1915,moods,44,26,moods,OTHER
14250,14258,1347,1893,1418,1918,employees,71,25,employees,OTHER
14260,14263,1422,1892,1461,1916,home,39,24,home,OTHER
14265,14271,1465,1891,1514,1915,address,49,24,address,OTHER
14273,14276,1518,1891,1542,1913,ancl,24,22,ancl,OTHER
14278,14280,1546,1891,1566,1912,zip,20,21,zip,OTHER
14282,14286,1569,1891,1609,1912,codes,40,21,codes,OTHER
14294,14300,60,1931,145,1954,heather,85,23,heather,OTHER
14302,14306,161,1932,222,1955,brown,61,23,brown,OTHER
14383,14389,712,1928,794,1957,heather,82,29,heather,OTHER
14391,14391,796,1933,809,1957,],13,24,],OTHER
14393,14397,811,1934,873,1960,blond,62,26,blond,OTHER
14478,14484,1381,1927,1464,1950,heather,83,23,heather,OTHER
14492,14496,62,1955,123,1980,81519,61,25,81519,OTHER
14498,14504,128,1955,211,1980,brandon,83,25,brandon,OTHER
14506,14511,218,1956,288,1981,spring,70,25,spring,OTHER
14587,14588,747,1957,775,1981,19,28,24,19,OTHER
14590,14596,778,1957,862,1980,brandon,84,23,brandon,OTHER
14598,14603,865,1957,937,1979,spring,72,22,spring,OTHER
14677,14681,1383,1956,1442,1980,81519,59,24,81519,OTHER
14683,14689,1447,1952,1530,1979,brandon,83,27,brandon,OTHER
14691,14696,1536,1949,1606,1978,spring,70,29,spring,OTHER
14698,14698,1609,1948,1620,1976,i,11,28,i,OTHER
14706,14710,64,1981,119,2004,south,55,23,south,OTHER
14712,14723,127,1981,263,2004,michealhaven,136,23,michealhaven,OTHER
14725,14726,293,1984,318,2003,ut,25,19,ut,OTHER
14728,14737,339,1983,450,2005,04477-2361,111,22,04477-2361,OTHER
14797,14801,715,1980,773,2004,south,58,24,south,OTHER
14803,14814,777,1980,917,2002,michealhaven,140,22,michealhaven,OTHER
14816,14817,943,1981,973,2003,ut,30,22,ut,OTHER
14819,14830,981,1981,1108,2006,(04471-2361),127,25,(04471-2361),OTHER
14891,14895,1382,1977,1441,2002,south,59,25,south,OTHER
14897,14908,1445,1977,1586,2002,michealhaven,141,25,michealhaven,OTHER
14909,14910,1612,1980,1639,2003,ut,27,23,ut,OTHER
14912,14915,1656,1980,1707,2005,0447,51,25,0447,OTHER
14917,14921,1722,1981,1783,2010,2361),61,29,2361),OTHER
14928,14932,52,2039,85,2057,state,33,18,state,OTHER
14939,14948,124,2038,186,2060,employers',62,22,employers',OTHER
14950,14954,190,2038,218,2059,state,28,21,state,OTHER
14956,14957,222,2038,232,2059,id,10,21,id,OTHER
14959,14961,236,2038,265,2058,no.,29,20,no.,OTHER
14963,14964,269,2038,291,2058,16,22,20,16,OTHER
14966,14970,304,2038,336,2058,state,32,20,state,OTHER
14972,14977,340,2039,384,2058,"wages,",44,19,"wages,",OTHER
14978,14986,396,2053,476,2076,112236.33,80,23,112236.33,OTHER
15047,15051,388,2039,416,2059,"tips,",28,20,"tips,",OTHER
15053,15056,420,2039,453,2059,etc.,33,20,etc.,OTHER
15077,15081,683,2040,719,2058,state,36,18,state,OTHER
15092,15101,775,2037,839,2062,employers',64,25,employers',OTHER
15103,15107,842,2036,869,2059,state,27,23,state,OTHER
15109,15111,871,2035,884,2058,id),13,23,id),OTHER
15113,15114,886,2035,902,2058,10,16,23,10,OTHER
15116,15117,904,2035,927,2057,16,23,22,16,OTHER
15119,15123,938,2036,972,2058,state,34,22,state,OTHER
15125,15130,974,2037,1020,2060,"wages,",46,23,"wages,",OTHER
15132,15136,1021,2039,1058,2062,tips.,37,23,tips.,OTHER
15138,15139,1060,2042,1084,2063,re,24,21,re,OTHER
15169,15170,1313,2040,1337,2062,15,24,22,15,OTHER
15172,15176,1351,2040,1386,2064,state,35,24,state,OTHER
15190,15198,1442,2039,1508,2061,employers,66,22,employers,OTHER
15200,15203,1510,2039,1544,2062,hate,34,23,hate,OTHER
15205,15206,1572,2037,1594,2059,16,22,22,16,OTHER
15208,15212,1606,2037,1640,2059,state,34,22,state,OTHER
15214,15219,1642,2037,1689,2059,"wages,",47,22,"wages,",OTHER
15221,15229,1700,2054,1778,2076,112236.33,78,22,112236.33,OTHER
15472,15476,1691,2038,1720,2059,"tips,",29,21,"tips,",OTHER
15478,15481,1723,2039,1757,2059,etc.,34,20,etc.,OTHER
15489,15490,63,2054,81,2071,il,18,17,il,OTHER
15492,15500,123,2053,202,2073,52-44-053,79,20,52-44-053,OTHER
15576,15577,712,2056,734,2077,il,22,21,il,OTHER
15579,15587,775,2053,855,2078,52-44-053,80,25,52-44-053,OTHER
15595,15599,57,2088,87,2110,state,30,22,state,OTHER
15601,15606,91,2089,140,2109,income,49,20,income,OTHER
15608,15610,143,2089,169,2109,tax,26,20,tax,OTHER
15629,15630,272,2089,289,2109,18,17,20,18,OTHER
15632,15636,302,2089,338,2110,local,36,21,local,OTHER
15638,15643,342,2089,387,2111,"wages,",45,22,"wages,",OTHER
15645,15649,390,2089,418,2111,"tips,",28,22,"tips,",OTHER
15651,15654,421,2090,453,2112,etc.,32,22,etc.,OTHER
15680,15684,688,2088,719,2108,state,31,20,state,OTHER
15686,15691,722,2089,770,2108,income,48,19,income,OTHER
15693,15694,772,2089,785,2108,ta,13,19,ta,OTHER
15718,15722,938,2090,973,2112,local,35,22,local,OTHER
15724,15729,975,2090,1023,2112,"wages,",48,22,"wages,",OTHER
15730,15735,1032,2105,1081,2127,220904,49,22,220904,OTHER
15879,15883,1025,2091,1053,2113,"tips,",28,22,"tips,",OTHER
15885,15888,1054,2092,1091,2115,etc.,37,23,etc.,OTHER
15889,15889,1082,2106,1087,2127,.,5,21,.,OTHER
15891,15892,453,2108,468,2129,21,15,21,21,OTHER
15918,15919,1317,2093,1340,2116,17,23,23,17,OTHER
15921,15925,1356,2093,1386,2113,skies,30,20,skies,OTHER
15927,15932,1390,2094,1438,2112,income,48,18,income,OTHER
15934,15936,1440,2095,1472,2112,tax,32,17,tax,OTHER
15967,15970,1614,2090,1642,2111,ocal,28,21,ocal,OTHER
15972,15977,1645,2090,1691,2111,"wages,",46,21,"wages,",OTHER
15979,15983,1693,2090,1721,2112,"tips,",28,22,"tips,",OTHER
15985,15988,1724,2091,1757,2113,etc.,33,22,etc.,OTHER
15995,15998,60,2108,92,2130,9617,32,22,9617,OTHER
16000,16000,103,2156,108,2176,.,5,20,.,OTHER
16002,16003,101,2105,125,2130,62,24,25,62,OTHER
16047,16052,398,2106,445,2129,220804,47,23,220804,OTHER
16054,16054,754,2159,758,2180,.,4,21,.,OTHER
16056,16057,1088,2105,1107,2126,21,19,21,21,OTHER
16083,16087,713,2109,750,2127,9617.,37,18,9617.,OTHER
16089,16090,753,2108,773,2126,62,20,18,62,OTHER
16232,16237,1700,2107,1747,2129,220304,47,22,220304,OTHER
16239,16241,1749,2107,1774,2129,.21,25,22,.21,OTHER
16247,16251,54,2141,90,2163,local,36,22,local,OTHER
16259,16263,61,2156,101,2175,39669,40,19,39669,OTHER
16264,16269,94,2141,142,2163,income,48,22,income,OTHER
16287,16288,110,2157,133,2179,64,23,22,64,OTHER
16290,16292,145,2139,169,2161,tax,24,22,tax,OTHER
16310,16311,268,2141,289,2161,20,21,20,20,OTHER
16313,16320,303,2141,354,2164,locality,51,23,locality,OTHER
16322,16325,356,2143,400,2166,name,44,23,name,OTHER
16361,16365,685,2141,721,2162,local,36,21,local,OTHER
16367,16372,725,2142,771,2162,income,46,20,income,OTHER
16374,16375,774,2141,784,2161,ta,10,20,ta,OTHER
16399,16406,936,2143,989,2164,locality,53,21,locality,OTHER
16412,16415,990,2143,1034,2165,name,44,22,name,OTHER
16452,16453,1313,2142,1335,2163,ha,22,21,ha,OTHER
16455,16455,1338,2142,1352,2163,(,14,21,(,OTHER
16457,16467,1355,2142,1440,2164,localincome,85,22,localincome,OTHER
16469,16471,1442,2145,1472,2165,tax,30,20,tax,OTHER
16499,16506,1604,2142,1656,2163,locality,52,21,locality,OTHER
16508,16511,1658,2142,1704,2165,name,46,23,name,OTHER
16572,16575,395,2157,433,2182,diaz,38,25,diaz,OTHER
16577,16583,436,2160,493,2182,estates,57,22,estates,OTHER
16606,16610,712,2159,751,2181,39669,39,22,39669,OTHER
16614,16615,760,2157,779,2180,64,19,23,64,OTHER
16655,16658,1031,2157,1069,2181,diaz,38,24,diaz,OTHER
16660,16666,1072,2161,1129,2181,estates,57,20,estates,OTHER
16757,16760,1699,2159,1736,2182,diaz,37,23,diaz,OTHER
16762,16768,1740,2160,1794,2182,estates,54,22,estates,OTHER
16786,16792,122,2197,190,2220,federal,68,23,federal,OTHER
16809,16814,276,2199,326,2223,filing,50,24,filing,OTHER
16833,16836,421,2199,471,2224,copy,50,25,copy,OTHER
16876,16877,778,2197,792,2220,l.,14,23,l.,OTHER
16879,16883,796,2197,845,2221,state,49,24,state,OTHER
16973,16975,1443,2197,1477,2220,yor,34,23,yor,OTHER
16977,16981,1480,2197,1531,2219,local,51,22,local,OTHER
16983,16988,911,2200,960,2222,filing,49,22,filing,OTHER
17018,17021,1057,2201,1097,2222,copy,40,21,copy,OTHER
17051,17054,200,2220,258,2245,wage,58,25,wage,OTHER
17056,17058,285,2217,320,2240,and,35,23,and,OTHER
17060,17062,349,2220,379,2243,tax,30,23,tax,OTHER
17137,17140,842,2218,901,2244,wage,59,26,wage,OTHER
17142,17147,1580,2201,1629,2224,filing,49,23,filing,OTHER
17152,17154,918,2218,957,2243,and,39,25,and,OTHER
17156,17158,985,2220,1016,2240,tax,31,20,tax,OTHER
17160,17163,1724,2199,1766,2220,copy,42,21,copy,OTHER
17237,17240,1511,2219,1569,2246,wage,58,27,wage,OTHER
17245,17247,1587,2217,1624,2240,and,37,23,and,OTHER
17257,17259,1653,2219,1684,2241,tax,31,22,tax,OTHER
17261,17263,20,2250,87,2279,w-2,67,29,w-2,OTHER
17289,17297,195,2249,285,2269,statement,90,20,statement,OTHER
17321,17324,412,2251,485,2279,2018,73,28,2018,OTHER
17348,17350,652,2249,718,2281,w-2,66,32,w-2,OTHER
17376,17384,835,2247,927,2268,statement,92,21,statement,OTHER
17408,17411,1050,2253,1126,2281,2018,76,28,2018,OTHER
17443,17445,1320,2250,1381,2282,w-2,61,32,w-2,OTHER
17474,17482,1506,2247,1594,2269,statement,88,22,statement,OTHER
17506,17509,1715,2251,1789,2280,2018,74,29,2018,OTHER
17511,17514,18,2291,48,2309,copy,30,18,copy,OTHER
17516,17516,50,2291,61,2309,b,11,18,b,OTHER
17518,17519,62,2291,77,2309,to,15,18,to,OTHER
17521,17522,79,2291,95,2309,be,16,18,be,OTHER
17524,17528,96,2291,121,2310,filed,25,19,filed,OTHER
17530,17533,123,2291,149,2310,with,26,19,with,OTHER
17535,17544,151,2290,217,2310,employee's,66,20,employee's,OTHER
17546,17552,219,2290,263,2310,federal,44,20,federal,OTHER
17554,17559,265,2289,311,2310,income,46,21,income,OTHER
17561,17563,313,2289,335,2309,tax,22,20,tax,OTHER
17565,17570,337,2288,381,2309,return,44,21,return,OTHER
17572,17574,398,2287,427,2308,omb,29,21,omb,OTHER
17576,17578,430,2286,454,2307,no.,24,21,no.,OTHER
17580,17588,457,2285,518,2307,1545-0008,61,22,1545-0008,OTHER
17597,17600,647,2290,679,2311,copy,32,21,copy,OTHER
17602,17602,1350,2290,1357,2310,2,7,20,2,OTHER
17604,17605,691,2290,704,2310,to,13,20,to,OTHER
17607,17608,707,2290,721,2310,be,14,20,be,OTHER
17610,17614,725,2290,749,2310,filed,24,20,filed,OTHER
17616,17619,753,2290,777,2310,with,24,20,with,OTHER
17621,17630,781,2290,847,2309,employee's,66,19,employee's,OTHER
17632,17636,851,2289,879,2309,state,28,20,state,OTHER
17638,17643,883,2289,927,2309,income,44,20,income,OTHER
17645,17647,931,2289,951,2309,tax,20,20,tax,OTHER
17649,17654,955,2288,1001,2308,return,46,20,return,OTHER
17656,17658,1032,2288,1062,2309,omb,30,21,omb,OTHER
17660,17662,1065,2288,1087,2308,no.,22,20,no.,OTHER
17664,17672,1091,2286,1152,2308,1545-0008,61,22,1545-0008,OTHER
17692,17695,1316,2290,1347,2310,copy,31,20,copy,OTHER
17699,17700,1360,2290,1373,2310,to,13,20,to,OTHER
17702,17703,1376,2290,1390,2310,be,14,20,be,OTHER
17705,17709,1393,2290,1418,2310,filed,25,20,filed,OTHER
17711,17714,1421,2290,1445,2310,with,24,20,with,OTHER
17716,17725,1448,2289,1513,2310,employee's,65,21,employee's,OTHER
17727,17730,1516,2289,1541,2310,city,25,21,city,OTHER
17732,17733,1544,2289,1554,2310,or,10,21,or,OTHER
17735,17739,1557,2289,1589,2310,local,32,21,local,OTHER
17741,17746,1592,2288,1636,2310,income,44,22,income,OTHER
17748,17750,1639,2288,1661,2309,tax,22,21,tax,OTHER
17752,17757,1664,2288,1697,2309,return,33,21,return,OTHER
17759,17761,1700,2288,1729,2309,omb,29,21,omb,OTHER
17763,17765,1733,2287,1755,2309,no.,22,22,no.,OTHER
17767,17775,1759,2286,1824,2308,1545-0008,65,22,1545-0008,OTHER
