start_index,end_index,x_top_left,y_top_left,x_bottom_right,y_bottom_right,transcript,box_width,box_height,combined_text,predicted_field
39,39,505,198,525,228,a,20,30,a,OTHER
41,50,538,196,673,231,employee's,135,35,employee's,OTHER
52,57,677,196,747,231,social,70,35,social,OTHER
59,66,752,196,846,231,security,94,35,security,OTHER
68,73,850,196,933,231,number,83,35,number,OTHER
129,133,1586,193,1653,228,"safe,",67,35,"safe,",OTHER
135,143,1659,196,1796,233,accurate.,137,37,accurate.,OTHER
162,166,2090,194,2147,228,visit,57,34,visit,OTHER
168,170,2153,195,2197,229,the,44,34,the,OTHER
172,174,2203,195,2253,230,irs,50,35,irs,OTHER
176,182,2259,193,2366,231,website,107,38,website,OTHER
332,334,1833,218,1946,263,rev,113,45,rev,OTHER
336,339,1956,220,2046,263,file,90,43,file,OTHER
396,406,702,238,981,276,102-22-3590,279,38,102-22-3590,ssnOfEmployee
445,447,1273,241,1324,273,omb,51,32,omb,OTHER
449,451,1330,241,1371,274,no.,41,33,no.,OTHER
453,461,1377,241,1491,274,1545-0008,114,33,1545-0008,OTHER
470,474,1589,242,1676,276,fast!,87,34,fast!,OTHER
476,477,1682,242,1722,278,us,40,36,us,OTHER
502,503,2092,239,2116,275,at,24,36,at,OTHER
505,521,2123,240,2340,279,www.irs.gov/efile,217,39,www.irs.gov/efile,OTHER
524,524,114,288,139,321,b,25,33,b,OTHER
526,533,146,288,248,321,employer,102,33,employer,OTHER
535,548,252,289,388,321,identification,136,32,identification,OTHER
550,555,393,289,476,319,number,83,30,number,OTHER
557,561,482,289,536,317,(ein),54,28,(ein),OTHER
639,644,1447,289,1531,322,"wages,",84,33,"wages,",OTHER
646,650,1536,292,1582,322,"tips,",46,30,"tips,",OTHER
652,656,1587,292,1644,322,other,57,30,other,OTHER
658,669,1649,287,1806,321,compensation,157,34,compensation,OTHER
675,675,1944,283,1972,322,2,28,39,2,OTHER
677,683,2002,291,2085,321,federal,83,30,federal,OTHER
685,690,2089,290,2170,321,income,81,31,income,OTHER
692,694,2174,290,2209,321,tax,35,31,tax,OTHER
696,703,2213,287,2300,320,withheld,87,33,withheld,OTHER
715,724,218,330,473,365,52-8087700,255,35,52-8087700,einEmployerIdentificationNumber
825,831,1477,328,1650,367,66074.9,173,39,66074.9,box1WagesTipsAndOtherCompensations
858,864,1975,329,2148,369,19111.2,173,40,19111.2,box2FederalIncomeTaxWithheld
868,868,119,378,142,412,c,23,34,c,OTHER
870,879,148,379,264,414,employer's,116,35,employer's,OTHER
881,885,269,382,341,414,"name,",72,32,"name,",OTHER
887,894,347,382,440,414,"address,",93,32,"address,",OTHER
896,898,446,382,487,414,and,41,32,and,OTHER
900,902,492,381,531,414,zip,39,33,zip,OTHER
904,907,536,380,599,413,code,63,33,code,OTHER
986,991,1451,383,1515,413,social,64,30,social,OTHER
993,1000,1521,380,1604,413,security,83,33,security,OTHER
1002,1006,1609,379,1677,414,wages,68,35,wages,OTHER
1038,1043,2006,385,2071,413,social,65,28,social,OTHER
1045,1052,2076,383,2159,412,security,83,29,security,OTHER
1054,1056,2164,382,2197,410,tax,33,28,tax,OTHER
1058,1065,2202,380,2281,410,withheld,79,30,withheld,OTHER
1078,1084,217,427,402,465,hawkins,185,38,hawkins,employerName
1086,1088,428,427,506,465,inc,78,38,inc,employerName
1090,1092,528,425,611,464,ltd,83,39,ltd,employerName
1189,1193,1477,426,1602,461,74810,125,35,74810,box3SocialSecurityWages
1195,1195,1610,426,1628,463,.,18,37,.,box3SocialSecurityWages
1197,1198,1634,427,1677,466,38,43,39,38,box3SocialSecurityWages
1238,1242,1980,426,2102,463,5722.,122,37,5722.,box4SocialSecurityTaxWithheld
1244,1245,2108,428,2148,465,99,40,37,99,box4SocialSecurityTaxWithheld
1257,1261,218,486,346,521,77504,128,35,77504,employerAddressStreet_name
1263,1270,369,486,579,524,michelle,210,38,michelle,employerAddressStreet_name
1272,1281,609,486,866,524,trafficway,257,38,trafficway,employerAddressStreet_name
1283,1287,893,486,1021,524,suite,128,38,suite,employerAddressStreet_name
1289,1291,1050,486,1128,523,996,78,37,996,OTHER
1368,1375,1451,471,1548,503,medicare,97,32,medicare,OTHER
1377,1381,1552,474,1626,503,wages,74,29,wages,OTHER
1383,1385,1630,474,1672,502,and,42,28,and,OTHER
1387,1390,1677,472,1717,501,tips,40,29,tips,OTHER
1415,1415,1943,471,1970,507,6,27,36,6,OTHER
1417,1424,2003,472,2103,501,medicare,100,29,medicare,OTHER
1426,1428,2108,472,2143,502,tax,35,30,tax,OTHER
1430,1437,2147,473,2227,505,withheld,80,32,withheld,OTHER
1562,1566,1477,512,1603,549,72094,126,37,72094,OTHER
1568,1568,1609,512,1628,549,.,19,37,.,OTHER
1570,1571,1633,512,1681,550,12,48,38,12,OTHER
1620,1623,2097,516,2196,554,2090,99,38,2090,OTHER
1625,1625,2205,515,2226,550,.,21,35,.,OTHER
1627,1628,2231,515,2276,551,73,45,36,73,OTHER
1640,1643,217,546,318,582,lake,101,36,lake,employerAddressCity
1645,1650,354,548,504,586,joshua,150,38,joshua,employerAddressCity
1678,1679,631,543,681,579,ut,50,36,ut,employerAddressState
1693,1702,817,543,1065,583,29180-9610,248,40,29180-9610,employerAddressZip
1798,1798,1946,557,1966,588,8,20,31,8,OTHER
1800,1808,2004,557,2102,590,allocated,98,33,allocated,OTHER
1810,1813,1609,560,1656,596,tips,47,36,tips,OTHER
1936,1941,1454,559,1514,595,social,60,36,social,OTHER
1943,1950,1521,559,1603,595,security,82,36,security,OTHER
1952,1955,2107,558,2140,591,tips,33,33,tips,OTHER
2079,2083,1477,605,1602,642,74810,125,37,74810,OTHER
2085,2087,1609,609,1676,644,.38,67,35,.38,OTHER
2138,2142,2100,607,2225,642,72094,125,35,72094,OTHER
2144,2144,2232,609,2251,643,.,19,34,.,OTHER
2146,2147,2255,609,2302,644,12,47,35,12,OTHER
2150,2150,121,649,140,678,d,19,29,d,OTHER
2152,2158,149,649,227,680,control,78,31,control,OTHER
2160,2165,232,647,310,680,number,78,33,number,OTHER
2316,2317,1933,649,1959,670,10,26,21,10,OTHER
2319,2327,2002,650,2124,679,dependent,122,29,dependent,OTHER
2329,2332,2129,649,2176,679,care,47,30,care,OTHER
2334,2341,2181,648,2262,678,benefits,81,30,benefits,OTHER
2525,2527,2098,695,2166,733,286,68,38,286,OTHER
2530,2530,118,748,134,771,e,16,23,e,OTHER
2532,2541,149,747,273,771,employee's,124,24,employee's,OTHER
2543,2547,277,746,317,770,first,40,24,first,OTHER
2549,2552,321,745,386,770,name,65,25,name,OTHER
2554,2556,389,744,432,769,and,43,25,and,OTHER
2558,2564,435,742,497,769,initial,62,27,initial,OTHER
2576,2579,626,745,675,768,last,49,23,last,OTHER
2581,2584,678,741,741,768,name,63,27,name,OTHER
2635,2639,1299,739,1361,769,suff.,62,30,suff.,OTHER
2641,2642,1379,739,1412,768,11,33,29,11,OTHER
2644,2655,1447,742,1582,769,nonqualified,135,27,nonqualified,OTHER
2657,2661,1587,742,1650,772,plans,63,30,plans,OTHER
2696,2698,1935,745,1970,769,12a,35,24,12a,OTHER
2706,2717,2054,743,2196,770,instructions,142,27,instructions,OTHER
2719,2721,2200,742,2234,769,for,34,27,for,OTHER
2723,2725,2238,741,2285,769,box,47,28,box,OTHER
2727,2728,2289,740,2318,768,12,29,28,12,OTHER
2853,2855,1478,803,1548,833,186,70,30,186,OTHER
2914,2917,2100,799,2196,835,4545,96,36,4545,OTHER
2929,2935,221,833,407,869,sabrina,186,36,sabrina,employeeName
2962,2967,571,828,738,868,thomas,167,40,thomas,employeeName
3083,3084,1380,847,1408,875,13,28,28,13,OTHER
3086,3094,1413,849,1500,875,statutory,87,26,statutory,OTHER
3096,3105,1580,849,1672,876,retirement,92,27,retirement,OTHER
3118,3126,1767,852,1834,874,ird-party,67,22,ird-party,OTHER
3136,3137,1934,845,1963,876,12,29,31,12,OTHER
3255,3262,1414,879,1498,907,employee,84,28,employee,OTHER
3267,3270,1580,883,1622,908,plan,42,25,plan,OTHER
3286,3289,1745,880,1780,906,sick,35,26,sick,OTHER
3291,3293,1785,879,1825,905,pay,40,26,pay,OTHER
3305,3308,221,910,338,951,4777,117,41,4777,OTHER
3310,3315,362,912,538,952,andrea,176,40,andrea,OTHER
3317,3321,567,913,711,954,lodge,144,41,lodge,OTHER
3442,3442,1759,913,1787,951,x,28,38,x,OTHER
3479,3480,2100,915,2149,948,14,49,33,14,OTHER
3491,3494,217,975,336,1020,lake,119,45,lake,OTHER
3496,3504,362,975,626,1021,kerriport,264,46,kerriport,OTHER
3542,3543,770,974,826,1017,ak,56,43,ak,OTHER
3545,3554,858,977,1148,1019,48656-2276,290,42,48656-2276,OTHER
3595,3596,1377,961,1412,992,14,35,31,14,OTHER
3598,3602,1450,962,1508,992,other,58,30,other,OTHER
3778,3778,2017,1028,2035,1054,s,18,26,s,OTHER
3784,3786,2097,1025,2166,1060,942,69,35,942,OTHER
3971,3973,2097,1132,2169,1172,604,72,40,604,OTHER
4149,4149,2014,1131,2037,1166,m,23,35,m,OTHER
4151,4151,114,1190,137,1223,1,23,33,1,OTHER
4153,4162,149,1190,272,1222,employee's,123,32,employee's,OTHER
4164,4170,277,1189,364,1220,address,87,31,address,OTHER
4172,4174,369,1189,411,1218,and,42,29,and,OTHER
4176,4178,416,1188,454,1217,zip,38,29,zip,OTHER
4180,4183,458,1188,522,1216,code,64,28,code,OTHER
4185,4186,110,1212,136,1243,15,26,31,15,OTHER
4188,4192,149,1210,212,1244,state,63,34,state,OTHER
4194,4203,260,1219,379,1248,employer's,119,29,employer's,OTHER
4205,4209,384,1217,438,1248,state,54,31,state,OTHER
4211,4212,443,1217,467,1248,id,24,31,id,OTHER
4214,4219,473,1216,561,1250,number,88,34,number,OTHER
4244,4245,756,1211,789,1250,16,33,39,16,OTHER
4247,4251,796,1213,849,1250,state,53,37,state,OTHER
4253,4258,857,1215,930,1251,"wages,",73,36,"wages,",OTHER
4260,4264,937,1217,982,1251,"tips,",45,34,"tips,",OTHER
4266,4269,990,1218,1028,1251,etc.,38,33,etc.,OTHER
4276,4277,1121,1211,1156,1249,17,35,38,17,OTHER
4279,4283,1162,1213,1215,1250,state,53,37,state,OTHER
4285,4290,1222,1214,1299,1250,income,77,36,income,OTHER
4292,4294,1306,1215,1350,1249,tax,44,34,tax,OTHER
4307,4308,1477,1211,1509,1250,18,32,39,18,OTHER
4310,4314,1515,1213,1573,1250,local,58,37,local,OTHER
4316,4321,1580,1216,1655,1250,"wages,",75,34,"wages,",OTHER
4323,4327,1662,1218,1706,1249,"tips,",44,31,"tips,",OTHER
4329,4332,1714,1217,1758,1248,etc.,44,31,etc.,OTHER
4347,4348,1864,1215,1897,1249,19,33,34,19,OTHER
4350,4354,1902,1215,1962,1248,local,60,33,local,OTHER
4356,4361,1967,1216,2046,1248,income,79,32,income,OTHER
4363,4365,2051,1219,2088,1249,tax,37,30,tax,OTHER
4376,4377,2222,1219,2252,1248,20,30,29,20,OTHER
4379,4386,2259,1220,2341,1249,locality,82,29,locality,OTHER
4388,4391,2346,1218,2410,1248,name,64,30,name,OTHER
4394,4395,129,1264,178,1298,pa,49,34,pa,OTHER
4413,4422,351,1258,603,1294,954-36-499,252,36,954-36-499,OTHER
4453,4457,756,1261,880,1300,30372,124,39,30372,box16StateWagesTips
4459,4459,886,1261,905,1300,.,19,39,.,box16StateWagesTips
4461,4462,911,1262,964,1302,48,53,40,48,box16StateWagesTips
4485,4488,1122,1257,1222,1298,2400,100,41,2400,box17StateIncomeTax
4490,4490,1229,1259,1243,1298,.,14,39,.,box17StateIncomeTax
4492,4493,1250,1259,1302,1297,88,52,38,88,OTHER
4515,4519,1475,1259,1603,1298,50744,128,39,50744,OTHER
4521,4521,1610,1259,1624,1295,.,14,36,.,OTHER
4523,4524,1631,1259,1678,1296,15,47,37,15,OTHER
4555,4558,1866,1261,1967,1297,7599,101,36,7599,OTHER
4560,4560,1974,1261,1988,1296,.,14,35,.,OTHER
4562,4563,1995,1262,2046,1298,65,51,36,65,OTHER
4584,4589,2220,1268,2329,1302,kelsey,109,34,kelsey,OTHER
4591,4596,2340,1268,2446,1298,rapids,106,30,rapids,OTHER
4600,4601,130,1351,177,1385,az,47,34,az,OTHER
4621,4630,350,1351,602,1388,440-29-402,252,37,440-29-402,OTHER
4655,4660,755,1348,904,1393,31427.,149,45,31427.,OTHER
4662,4663,911,1348,955,1390,63,44,42,63,OTHER
4690,4693,1120,1346,1222,1390,3253,102,44,3253,OTHER
4695,4695,1227,1346,1249,1389,.,22,43,.,OTHER
4697,4698,1255,1344,1307,1388,75,52,44,75,OTHER
4722,4726,1477,1349,1603,1388,58149,126,39,58149,OTHER
4728,4730,1610,1349,1687,1390,.14,77,41,.14,OTHER
4761,4765,1865,1345,1988,1389,7124.,123,44,7124.,OTHER
4767,4768,1994,1346,2049,1389,03,55,43,03,OTHER
4790,4793,2217,1352,2304,1392,mark,87,40,mark,OTHER
4795,4800,2320,1352,2451,1395,bridge,131,43,bridge,OTHER
4825,4828,363,1402,481,1448,wage,118,46,wage,OTHER
4830,4832,489,1406,572,1449,and,83,43,and,OTHER
4834,4836,580,1407,651,1450,tax,71,43,tax,OTHER
4894,4897,1140,1406,1408,1502,2019,268,96,2019,taxYear
4953,4962,1754,1413,1903,1450,department,149,37,department,OTHER
4964,4965,1910,1415,1934,1450,of,24,35,of,OTHER
4967,4969,1941,1416,1986,1450,the,45,34,the,OTHER
4971,4988,1993,1416,2221,1451,treasury--internal,228,35,treasury--internal,OTHER
4990,4996,2227,1416,2346,1451,revenue,119,35,revenue,OTHER
4998,5004,2352,1415,2455,1451,service,103,36,service,OTHER
5006,5009,99,1470,169,1510,form,70,40,form,OTHER
5011,5013,182,1474,231,1509,w-2,49,35,w-2,OTHER
5024,5032,358,1458,573,1508,statement,215,50,statement,OTHER
5034,5037,101,1510,180,1550,copy,79,40,copy,OTHER
5039,5043,187,1510,271,1549,b--to,84,39,b--to,OTHER
5045,5046,278,1510,321,1548,be,43,38,be,OTHER
5048,5052,327,1510,401,1548,filed,74,38,filed,OTHER
5054,5057,408,1510,474,1547,with,66,37,with,OTHER
5059,5068,481,1510,656,1547,employee's,175,37,employee's,OTHER
5070,5076,663,1511,815,1548,federal,152,37,federal,OTHER
5078,5080,821,1512,877,1549,tax,56,37,tax,OTHER
5082,5087,884,1512,992,1550,return,108,38,return,OTHER
5089,5092,104,1551,162,1586,this,58,35,this,OTHER
5094,5104,168,1551,328,1586,information,160,35,information,OTHER
5106,5107,334,1551,360,1586,is,26,35,is,OTHER
5109,5113,366,1551,448,1586,being,82,35,being,OTHER
5115,5123,454,1551,586,1587,furnished,132,36,furnished,OTHER
5125,5126,593,1551,620,1587,to,27,36,to,OTHER
5128,5130,627,1551,675,1587,the,48,36,the,OTHER
5132,5139,682,1551,789,1588,internal,107,37,internal,OTHER
5141,5147,795,1551,927,1588,revenue,132,37,revenue,OTHER
5149,5156,934,1551,1055,1589,service.,121,38,service.,OTHER
5240,5242,1006,1643,1045,1685,cut,39,42,cut,OTHER
5244,5247,1052,1643,1097,1685,here,45,42,here,OTHER
5249,5249,1104,1644,1118,1684,.,14,40,.,OTHER
5251,5254,1126,1644,1187,1684,keep,61,40,keep,OTHER
5256,5260,1194,1644,1255,1684,lower,61,40,lower,OTHER
5262,5268,1263,1644,1345,1684,portion,82,40,portion,OTHER
5270,5272,1353,1644,1383,1683,for,30,39,for,OTHER
5274,5277,1391,1644,1441,1683,your,50,39,your,OTHER
5279,5285,1448,1644,1531,1683,records,83,39,records,OTHER
5287,5287,1538,1644,1547,1682,.,9,38,.,OTHER
5329,5338,538,1739,671,1776,employee's,133,37,employee's,OTHER
5340,5345,677,1739,744,1776,social,67,37,social,OTHER
5347,5354,750,1739,842,1776,security,92,37,security,OTHER
5356,5361,849,1739,929,1775,number,80,36,number,OTHER
5414,5417,1528,1740,1570,1771,this,42,31,this,OTHER
5419,5429,1575,1740,1694,1773,information,119,33,information,OTHER
5431,5432,1700,1741,1717,1773,is,17,32,is,OTHER
5434,5438,1722,1741,1784,1773,being,62,32,being,OTHER
5440,5448,1790,1741,1889,1774,furnished,99,33,furnished,OTHER
5450,5451,1895,1742,1915,1774,to,20,32,to,OTHER
5453,5455,1921,1742,1956,1774,the,35,32,the,OTHER
5457,5464,1962,1742,2042,1774,internal,80,32,internal,OTHER
5466,5472,2048,1742,2147,1774,revenue,99,32,revenue,OTHER
5474,5481,2152,1742,2245,1774,service.,93,32,service.,OTHER
5483,5484,2250,1742,2265,1773,if,15,31,if,OTHER
5486,5488,2271,1741,2310,1773,you,39,32,you,OTHER
5490,5492,2315,1741,2351,1773,are,36,32,are,OTHER
5494,5501,2356,1741,2452,1772,required,96,31,required,OTHER
5556,5566,698,1781,982,1822,402-22-3590,284,41,402-22-3590,OTHER
5607,5609,1272,1783,1324,1819,omb,52,36,omb,OTHER
5611,5613,1331,1782,1369,1820,no.,38,38,no.,OTHER
5615,5623,1376,1782,1505,1822,1545-0008,129,40,1545-0008,OTHER
5624,5625,1523,1773,1545,1805,to,22,32,to,OTHER
5627,5630,1550,1773,1582,1805,file,32,32,file,OTHER
5632,5632,1588,1773,1601,1805,a,13,32,a,OTHER
5634,5636,1607,1772,1639,1805,tax,32,33,tax,OTHER
5638,5644,1645,1772,1716,1804,"return,",71,32,"return,",OTHER
5646,5646,1722,1772,1735,1804,a,13,32,a,OTHER
5648,5657,1741,1772,1857,1804,negligence,116,32,negligence,OTHER
5659,5665,1863,1771,1943,1803,penalty,80,32,penalty,OTHER
5667,5668,1948,1771,1972,1803,or,24,32,or,OTHER
5670,5674,1978,1771,2033,1803,other,55,32,other,OTHER
5676,5683,2038,1771,2128,1804,sanction,90,33,sanction,OTHER
5685,5687,2133,1771,2178,1804,may,45,33,may,OTHER
5689,5690,2183,1771,2212,1804,be,29,33,be,OTHER
5692,5698,2216,1771,2311,1805,imposed,95,34,imposed,OTHER
5700,5701,2315,1772,2344,1805,on,29,33,on,OTHER
5703,5705,2348,1772,2388,1806,you,40,34,you,OTHER
5707,5708,2392,1772,2416,1806,if,24,34,if,OTHER
5833,5836,1524,1804,1562,1834,this,38,30,this,OTHER
5838,5843,1567,1803,1646,1835,income,79,32,income,OTHER
5845,5846,1652,1802,1670,1835,is,18,33,is,OTHER
5848,5854,1675,1802,1756,1835,taxable,81,33,taxable,OTHER
5856,5858,1762,1802,1801,1835,and,39,33,and,OTHER
5860,5862,1807,1802,1847,1835,you,40,33,you,OTHER
5864,5867,1852,1802,1882,1835,fail,30,33,fail,OTHER
5869,5870,1888,1802,1910,1835,to,22,33,to,OTHER
5872,5877,1915,1802,1979,1836,report,64,34,report,OTHER
5879,5881,1984,1803,2010,1836,it.,26,33,it.,OTHER
5884,5884,115,1832,136,1863,b,21,31,b,OTHER
5886,5893,147,1832,248,1864,employer,101,32,employer,OTHER
5895,5908,254,1832,388,1864,identification,134,32,identification,OTHER
5910,5915,393,1831,466,1864,number,73,33,number,OTHER
5998,6003,1447,1831,1531,1864,"wages,",84,33,"wages,",OTHER
6005,6009,1537,1833,1583,1864,"tips,",46,31,"tips,",OTHER
6011,6015,1588,1834,1644,1863,other,56,29,other,OTHER
6017,6028,1650,1831,1809,1862,compensation,159,31,compensation,OTHER
6053,6059,2002,1831,2084,1865,federal,82,34,federal,OTHER
6061,6066,2091,1833,2168,1865,income,77,32,income,OTHER
6068,6070,2175,1834,2208,1864,tax,33,30,tax,OTHER
6072,6079,2215,1834,2299,1863,withheld,84,29,withheld,OTHER
6091,6100,219,1876,475,1911,52-8087700,256,35,52-8087700,OTHER
6200,6206,1477,1875,1647,1911,66074.9,170,36,66074.9,OTHER
6250,6255,1978,1878,2126,1914,19111.,148,36,19111.,OTHER
6257,6257,2132,1878,2146,1915,2,14,37,2,OTHER
6260,6260,118,1920,141,1954,c,23,34,c,OTHER
6262,6271,147,1921,265,1955,employer's,118,34,employer's,OTHER
6273,6277,271,1922,339,1955,"name,",68,33,"name,",OTHER
6279,6286,346,1922,439,1955,"address,",93,33,"address,",OTHER
6288,6290,445,1922,486,1954,and,41,32,and,OTHER
6292,6294,492,1921,529,1954,zip,37,33,zip,OTHER
6296,6299,535,1920,598,1954,code,63,34,code,OTHER
6373,6378,1450,1920,1515,1955,social,65,35,social,OTHER
6380,6387,1521,1920,1603,1954,security,82,34,security,OTHER
6389,6393,1609,1921,1672,1957,wages,63,36,wages,OTHER
6428,6433,2003,1919,2070,1952,social,67,33,social,OTHER
6435,6442,2075,1921,2157,1953,security,82,32,security,OTHER
6444,6446,2162,1921,2196,1953,tax,34,32,tax,OTHER
6448,6455,2201,1919,2288,1953,withheld,87,34,withheld,OTHER
6468,6474,220,1967,401,2006,hawkins,181,39,hawkins,OTHER
6476,6478,428,1966,504,2005,inc,76,39,inc,OTHER
6480,6482,529,1964,608,2006,ltd,79,42,ltd,OTHER
6576,6580,1479,1963,1602,2000,74810,123,37,74810,OTHER
6582,6582,1610,1963,1626,1999,.,16,36,.,OTHER
6584,6585,1632,1964,1681,2000,38,49,36,38,OTHER
6626,6632,1981,1968,2155,2003,5722.99,174,35,5722.99,OTHER
6751,6758,1453,2007,1545,2044,medicare,92,37,medicare,OTHER
6760,6764,1551,2010,1624,2044,wages,73,34,wages,OTHER
6766,6768,1629,2010,1670,2044,and,41,34,and,OTHER
6770,6773,1675,2009,1713,2043,tips,38,34,tips,OTHER
6805,6812,2003,2009,2102,2043,medicare,99,34,medicare,OTHER
6814,6816,2107,2009,2142,2044,tax,35,35,tax,OTHER
6818,6825,2147,2009,2237,2046,withheld,90,37,withheld,OTHER
6836,6840,219,2024,349,2062,77504,130,38,77504,OTHER
6842,6849,367,2026,579,2064,michelle,212,38,michelle,OTHER
6851,6860,609,2026,867,2065,trafficway,258,39,trafficway,OTHER
6862,6866,894,2025,1022,2064,suite,128,39,suite,OTHER
6868,6870,1050,2024,1128,2063,996,78,39,996,OTHER
6991,6995,1478,2054,1604,2094,72094,126,40,72094,OTHER
6997,6997,1610,2057,1627,2094,.,17,37,.,OTHER
6999,7000,1632,2057,1684,2095,12,52,38,12,OTHER
7052,7055,2099,2056,2198,2092,2090,99,36,2090,OTHER
7057,7059,2206,2055,2280,2092,.73,74,37,.73,OTHER
7070,7073,216,2086,318,2122,lake,102,36,lake,OTHER
7075,7080,353,2088,504,2125,joshua,151,37,joshua,OTHER
7109,7110,633,2088,683,2119,ut,50,31,ut,OTHER
7125,7134,818,2081,1066,2121,29180-9610,248,40,29180-9610,OTHER
7178,7183,1453,2097,1514,2133,social,61,36,social,OTHER
7185,7192,1520,2095,1602,2133,security,82,38,security,OTHER
7194,7197,1608,2095,1658,2134,tips,50,39,tips,OTHER
7232,7240,2003,2095,2101,2131,allocated,98,36,allocated,OTHER
7242,7245,2107,2095,2152,2129,tips,45,34,tips,OTHER
7365,7370,1477,2143,1628,2181,74810.,151,38,74810.,OTHER
7372,7373,1632,2147,1673,2181,38,41,34,38,OTHER
7426,7430,2101,2146,2225,2183,72094,124,37,72094,OTHER
7432,7432,2231,2146,2249,2183,.,18,37,.,OTHER
7434,7435,2255,2145,2302,2184,12,47,39,12,OTHER
7438,7438,119,2192,138,2220,d,19,28,d,OTHER
7440,7446,148,2192,226,2222,control,78,30,control,OTHER
7448,7453,231,2192,312,2224,number,81,32,number,OTHER
7601,7602,1933,2190,1960,2213,10,27,23,10,OTHER
7604,7612,2004,2193,2122,2222,dependent,118,29,dependent,OTHER
7614,7617,2127,2192,2176,2221,care,49,29,care,OTHER
7619,7626,2181,2190,2269,2219,benefits,88,29,benefits,OTHER
7637,7643,219,2235,397,2269,9070105,178,34,9070105,OTHER
7808,7810,2099,2238,2165,2270,286,66,32,286,OTHER
7813,7813,119,2289,135,2313,e,16,24,e,OTHER
7815,7824,148,2286,274,2313,employee's,126,27,employee's,OTHER
7826,7830,278,2285,318,2311,first,40,26,first,OTHER
7832,7835,322,2284,386,2311,name,64,27,name,OTHER
7837,7839,389,2282,432,2311,and,43,29,and,OTHER
7841,7847,435,2281,496,2311,initial,61,30,initial,OTHER
7859,7862,626,2283,673,2313,last,47,30,last,OTHER
7864,7867,677,2281,746,2311,name,69,30,name,OTHER
7918,7922,1299,2279,1359,2311,suff.,60,32,suff.,OTHER
7924,7925,1380,2277,1411,2309,11,31,32,11,OTHER
7927,7938,1448,2283,1581,2314,nonqualified,133,31,nonqualified,OTHER
7940,7944,1587,2283,1657,2311,plans,70,28,plans,OTHER
7976,7978,1937,2282,1977,2305,12a,40,23,12a,OTHER
7980,7982,2007,2282,2050,2312,see,43,30,see,OTHER
7984,7995,2055,2283,2196,2312,instructions,141,29,instructions,OTHER
7997,7999,2201,2283,2233,2312,for,32,29,for,OTHER
8001,8003,2238,2282,2286,2311,box,48,29,box,OTHER
8005,8006,2290,2281,2317,2310,12,27,29,12,OTHER
8130,8132,1478,2339,1539,2366,186,61,27,186,OTHER
8192,8195,2101,2334,2195,2370,4545,94,36,4545,OTHER
8207,8213,220,2366,422,2407,sabrina,202,41,sabrina,OTHER
8240,8245,569,2362,744,2407,thomas,175,45,thomas,OTHER
8360,8361,1377,2386,1409,2417,13,32,31,13,OTHER
8363,8371,1414,2386,1504,2414,statutory,90,28,statutory,OTHER
8373,8382,1579,2386,1687,2413,retirement,108,27,retirement,OTHER
8395,8405,1747,2386,1836,2414,third-party,89,28,third-party,OTHER
8414,8416,1936,2384,1978,2410,12b,42,26,12b,OTHER
8533,8540,1413,2409,1495,2437,employee,82,28,employee,OTHER
8544,8547,1578,2412,1621,2437,plan,43,25,plan,OTHER
8565,8568,1746,2411,1781,2447,sick,35,36,sick,OTHER
8570,8572,1785,2410,1825,2446,pay,40,36,pay,OTHER
8583,8586,220,2435,341,2478,4777,121,43,4777,OTHER
8588,8593,362,2436,540,2478,andrea,178,42,andrea,OTHER
8595,8599,568,2439,708,2482,lodge,140,43,lodge,OTHER
8722,8722,1761,2441,1790,2482,x,29,41,x,OTHER
8758,8760,2103,2433,2169,2472,144,66,39,144,OTHER
8773,8776,220,2504,332,2545,lake,112,41,lake,OTHER
8778,8786,363,2504,617,2547,kerriport,254,43,kerriport,OTHER
8822,8823,768,2500,825,2543,ak,57,43,ak,OTHER
8825,8834,858,2497,1148,2545,48656-2276,290,48,48656-2276,OTHER
8876,8877,1377,2488,1415,2523,14,38,35,14,OTHER
8879,8883,1449,2495,1510,2522,other,61,27,other,OTHER
8885,8888,1514,2496,1563,2522,(see,49,26,(see,OTHER
8890,8897,1568,2496,1666,2522,enclosed,98,26,enclosed,OTHER
8899,8904,1671,2496,1741,2522,notice,70,26,notice,OTHER
8906,8907,1746,2496,1767,2522,to,21,26,to,OTHER
8909,8917,1772,2494,1898,2522,employee),126,28,employee),OTHER
8919,8919,1903,2493,1922,2520,|,19,27,|,OTHER
8921,8923,1934,2492,1979,2520,12c,45,28,12c,OTHER
9099,9099,2018,2548,2037,2576,s,19,28,s,OTHER
9109,9111,2103,2542,2166,2583,942,63,41,942,OTHER
9280,9282,1935,2594,1975,2621,12d,40,27,12d,OTHER
9458,9458,2015,2653,2035,2682,w,20,29,w,OTHER
9460,9462,2098,2653,2170,2688,604,72,35,604,OTHER
9464,9464,115,2713,135,2741,f,20,28,f,OTHER
9466,9475,148,2712,275,2741,employee's,127,29,employee's,OTHER
9477,9483,278,2711,367,2741,address,89,30,address,OTHER
9485,9487,370,2710,413,2740,and,43,30,and,OTHER
9489,9491,416,2710,457,2739,zip,41,29,zip,OTHER
9493,9496,460,2709,516,2738,code,56,29,code,OTHER
9498,9498,115,2733,136,2761,5,21,28,5,OTHER
9500,9504,148,2730,211,2762,state,63,32,state,OTHER
9506,9515,259,2737,380,2767,employer's,121,30,employer's,OTHER
9517,9521,385,2738,438,2767,state,53,29,state,OTHER
9523,9524,443,2738,467,2767,id,24,29,id,OTHER
9526,9531,472,2736,558,2767,number,86,31,number,OTHER
9554,9555,757,2734,789,2768,16,32,34,16,OTHER
9557,9561,795,2735,850,2768,state,55,33,state,OTHER
9563,9568,856,2737,933,2768,"wages,",77,31,"wages,",OTHER
9570,9574,940,2737,985,2768,"tips,",45,31,"tips,",OTHER
9576,9579,991,2736,1037,2767,etc.,46,31,etc.,OTHER
9589,9590,1124,2735,1155,2766,17,31,31,17,OTHER
9592,9596,1163,2736,1216,2767,state,53,31,state,OTHER
9598,9603,1222,2736,1301,2767,income,79,31,income,OTHER
9605,9607,1306,2736,1346,2766,tax,40,30,tax,OTHER
9620,9621,1477,2734,1511,2768,18,34,34,18,OTHER
9623,9627,1516,2736,1573,2768,local,57,32,local,OTHER
9629,9634,1579,2738,1656,2767,"wages,",77,29,"wages,",OTHER
9636,9640,1662,2738,1707,2768,"tips,",45,30,"tips,",OTHER
9642,9645,1714,2737,1748,2768,etc.,34,31,etc.,OTHER
9660,9661,1866,2738,1898,2770,19,32,32,19,OTHER
9663,9667,1903,2738,1961,2769,local,58,31,local,OTHER
9669,9674,1967,2738,2045,2769,income,78,31,income,OTHER
9676,9678,2051,2739,2089,2770,tax,38,31,tax,OTHER
9689,9690,2222,2737,2252,2767,20,30,30,20,OTHER
9692,9699,2259,2739,2341,2768,locality,82,29,locality,OTHER
9701,9704,2346,2737,2412,2768,name,66,31,name,OTHER
9708,9709,130,2785,177,2816,pa,47,31,pa,OTHER
9725,9734,348,2777,608,2814,954-36-499,260,37,954-36-499,OTHER
9762,9766,756,2778,882,2818,30372,126,40,30372,OTHER
9768,9768,888,2778,907,2818,.,19,40,.,OTHER
9770,9771,913,2778,965,2820,48,52,42,48,OTHER
9797,9800,1121,2779,1220,2823,2400,99,44,2400,OTHER
9802,9802,1227,2778,1245,2820,.,18,42,.,OTHER
9804,9805,1252,2778,1304,2820,88,52,42,88,OTHER
9828,9832,1474,2779,1603,2822,50744,129,43,50744,OTHER
9834,9834,1610,2778,1626,2818,.,16,40,.,OTHER
9836,9837,1633,2778,1683,2818,15,50,40,15,OTHER
9868,9872,1866,2778,1989,2819,7599.,123,41,7599.,OTHER
9874,9875,1996,2780,2039,2819,65,43,39,65,OTHER
10068,10073,2219,2792,2330,2828,kelsey,111,36,kelsey,OTHER
10075,10080,2340,2792,2442,2824,rapids,102,32,rapids,OTHER
10085,10086,129,2872,181,2905,az,52,33,az,OTHER
10105,10114,354,2869,593,2910,440-29-402,239,41,440-29-402,OTHER
10142,10147,757,2865,904,2909,31427.,147,44,31427.,OTHER
10149,10150,911,2864,963,2908,63,52,44,63,OTHER
10174,10177,1120,2865,1220,2909,3253,100,44,3253,OTHER
10179,10179,1228,2865,1246,2908,.,18,43,.,OTHER
10181,10182,1254,2865,1294,2909,75,40,44,75,OTHER
10205,10209,1475,2866,1604,2907,58149,129,41,58149,OTHER
10211,10211,1610,2866,1627,2907,.,17,41,.,OTHER
10213,10214,1633,2865,1685,2907,14,52,42,14,OTHER
10245,10249,1867,2866,1986,2907,7124.,119,41,7124.,OTHER
10251,10252,1994,2865,2040,2907,03,46,42,03,OTHER
10275,10278,2229,2876,2306,2913,mark,77,37,mark,OTHER
10280,10285,2321,2875,2446,2915,bridge,125,40,bridge,OTHER
10311,10314,369,2925,477,2964,wage,108,39,wage,OTHER
10316,10318,490,2925,574,2965,and,84,40,and,OTHER
10320,10322,582,2924,645,2967,tax,63,43,tax,OTHER
10379,10382,1143,2924,1406,3018,2019,263,94,2019,OTHER
10438,10447,1757,2936,1905,2968,department,148,32,department,OTHER
10449,10450,1910,2937,1936,2968,of,26,31,of,OTHER
10452,10454,1941,2937,1988,2968,the,47,31,the,OTHER
10456,10473,1993,2938,2222,2968,treasury--internal,229,30,treasury--internal,OTHER
10475,10481,2227,2937,2347,2968,revenue,120,31,revenue,OTHER
10483,10489,2352,2936,2453,2969,service,101,33,service,OTHER
10491,10494,100,2985,166,3019,form,66,34,form,OTHER
10496,10498,182,2985,239,3020,w-2,57,35,w-2,OTHER
10508,10516,368,2979,575,3024,statement,207,45,statement,OTHER
10650,10654,1859,2983,1931,3013,"safe,",72,30,"safe,",OTHER
10656,10664,1935,2984,2071,3021,"accurate,",136,37,"accurate,",OTHER
10842,10845,2097,2999,2170,3042,inse,73,43,inse,OTHER
10847,10847,2181,2999,2213,3041,~,32,42,~,OTHER
10849,10852,2226,2999,2317,3045,file,91,46,file,OTHER
10855,10858,109,3028,183,3059,copy,74,31,copy,OTHER
10860,10860,189,3028,209,3059,c,20,31,c,OTHER
10862,10864,219,3028,274,3059,for,55,31,for,OTHER
10866,10875,280,3028,484,3060,employee's,204,32,employee's,OTHER
10877,10884,493,3028,661,3062,records.,168,34,records.,OTHER
10886,10889,666,3028,737,3063,(see,71,35,(see,OTHER
10891,10896,741,3028,843,3065,notice,102,37,notice,OTHER
10898,10899,846,3028,881,3066,to,35,38,to,OTHER
11013,11017,1863,3016,1953,3048,fast!,90,32,fast!,OTHER
11019,11021,1959,3016,2017,3048,use,58,32,use,OTHER
11023,11030,102,3070,254,3103,employee,152,33,employee,OTHER
11032,11033,260,3070,300,3100,on,40,30,on,OTHER
11035,11037,306,3070,356,3100,the,50,30,the,OTHER
11039,11042,362,3069,438,3100,back,76,31,back,OTHER
11044,11045,445,3068,477,3101,of,32,33,of,OTHER
11047,11050,484,3066,562,3102,copy,78,36,copy,OTHER
11052,11055,568,3065,618,3103,b.)',50,38,b.)',OTHER
