start_index,end_index,x_top_left,y_top_left,x_bottom_right,y_bottom_right,transcript,box_width,box_height,combined_text,predicted_field
115,117,1043,19,1074,40,wat,31,21,wat,OTHER
119,121,1077,17,1099,37,the,22,20,the,OTHER
123,125,1102,14,1129,34,irs,27,20,irs,OTHER
127,133,1133,9,1189,31,website,56,22,website,OTHER
226,230,781,39,817,59,"safe,",36,20,"safe,",OTHER
232,240,820,33,899,56,accurate.,79,23,accurate.,OTHER
242,247,904,34,1022,66,defile,118,32,defile,OTHER
248,249,1046,43,1058,62,at,12,19,at,OTHER
251,253,1061,40,1095,61,www,34,21,www,OTHER
255,256,1098,37,1118,58,is,20,21,is,OTHER
258,266,1121,31,1181,55,govieffie,60,24,govieffie,OTHER
359,363,780,59,831,82,fast!,51,23,fast!,OTHER
365,367,834,56,868,79,use,34,23,use,OTHER
403,404,295,82,307,104,'s,12,22,'s,OTHER
406,411,310,79,349,104,social,39,25,social,OTHER
413,418,352,74,401,101,soouty,49,27,soouty,OTHER
420,425,404,68,453,96,number,49,28,number,OTHER
480,487,989,84,1100,119,38999.68,111,35,38999.68,box2FederalIncomeTaxWithheld
525,535,315,90,467,126,766-63-6654,152,36,766-63-6654,ssnOfEmployee
576,582,730,111,826,143,179098.,96,32,179098.,box1WagesTipsAndOtherCompensations
584,585,829,108,858,136,72,29,28,72,OTHER
698,705,994,140,1105,171,16406.89,111,31,16406.89,box4SocialSecurityTaxWithheld
709,718,73,165,214,201,23-8630038,141,36,23-8630038,einEmployerIdentificationNumber
794,802,735,162,860,195,214469.15,125,33,214469.15,box3SocialSecurityWages
922,928,1063,188,1160,217,4852.11,97,29,4852.11,OTHER
933,938,78,224,164,254,thomas,86,30,thomas,employerName
940,944,173,216,246,246,group,73,30,group,employerName
946,948,258,210,302,238,led,44,28,led,OTHER
1018,1026,738,212,864,246,167314.24,126,34,167314.24,OTHER
1146,1154,1067,235,1190,269,167314.24,123,34,167314.24,OTHER
1159,1161,79,261,125,288,199,46,27,199,OTHER
1163,1171,134,249,265,284,katherine,131,35,katherine,employerName
1173,1177,274,242,348,272,grove,74,30,grove,employerAddressStreet_name
1179,1183,358,234,432,264,suite,74,30,suite,employerAddressStreet_name
1185,1187,443,228,487,257,627,44,29,627,OTHER
1244,1252,743,263,869,297,214469.15,126,34,214469.15,OTHER
1270,1271,276,278,308,304,wa,32,26,wa,employerAddressState
1273,1282,321,266,461,300,61880-6838,140,34,61880-6838,employerAddressZip
1373,1375,1072,293,1110,317,199,38,24,199,OTHER
1380,1389,82,288,223,321,huangmouth,141,33,huangmouth,employerAddressCity
1510,1511,1025,360,1053,380,hh,28,20,hh,OTHER
1513,1516,1077,352,1132,378,9666,55,26,9666,OTHER
1525,1531,92,375,188,403,6110081,96,28,6110081,OTHER
1607,1609,753,384,790,404,300,37,20,300,OTHER
1611,1611,38,413,52,434,.,14,21,.,OTHER
1613,1621,55,407,122,432,englyer's,67,25,englyer's,OTHER
1623,1626,125,405,148,425,foot,23,20,foot,OTHER
1628,1631,151,401,184,423,tone,33,22,tone,OTHER
1633,1635,187,399,210,420,and,23,21,and,OTHER
1637,1639,213,396,245,417,mia,32,21,mia,OTHER
1738,1740,1086,418,1120,440,803,34,22,803,OTHER
1750,1754,96,452,178,484,larry,82,32,larry,OTHER
1756,1761,189,442,291,478,martin,102,36,martin,OTHER
1890,1892,1088,478,1125,501,245,37,23,245,OTHER
1903,1906,102,497,170,531,2283,68,34,2283,OTHER
1908,1915,179,486,313,524,victoria,134,38,victoria,OTHER
1917,1924,325,472,453,511,turnpike,128,39,turnpike,OTHER
1956,1957,343,517,377,546,co,34,29,co,OTHER
1959,1968,392,503,550,542,38311-3780,158,39,38311-3780,OTHER
1979,1982,103,538,171,569,lake,68,31,lake,employerName
1984,1989,182,530,281,562,morgan,99,32,morgan,employerName
2097,2099,1092,533,1134,561,566,42,28,566,OTHER
2239,2246,1180,578,1228,603,locality,48,25,locality,OTHER
2248,2251,1230,573,1268,598,fame,38,25,fame,OTHER
2367,2374,977,613,1089,645,30903.74,112,32,30903.74,OTHER
2392,2397,1166,603,1235,630,jensen,69,27,jensen,OTHER
2399,2401,1245,598,1284,623,via,39,25,via,OTHER
2477,2483,591,649,687,680,4054.14,96,31,4054.14,OTHER
2485,2493,774,629,900,664,218638.19,126,35,218638.19,OTHER
2545,2552,398,666,509,697,89096.28,111,31,89096.28,OTHER
2595,2602,981,664,1091,698,22396.81,110,34,22396.81,OTHER
2620,2625,1163,655,1235,683,miller,72,28,miller,OTHER
2627,2630,1242,649,1286,678,fork,44,29,fork,OTHER
2649,2658,184,680,322,714,528-81-489,138,34,528-81-489,OTHER
2714,2721,780,678,891,715,172856.8,111,37,172856.8,OTHER
2725,2726,69,705,96,722,mi,27,17,mi,OTHER
2797,2803,593,699,697,733,5180.25,104,34,5180.25,OTHER
2815,2824,920,709,1003,738,department,83,29,department,OTHER
2826,2827,1006,708,1019,731,of,13,23,of,OTHER
2829,2831,1022,706,1045,730,the,23,24,the,OTHER
2833,2849,1048,696,1167,727,treasury-internal,119,31,treasury-internal,OTHER
2851,2857,1171,690,1232,716,revenue,61,26,revenue,OTHER
2859,2865,1236,685,1288,710,service,52,25,service,OTHER
2918,2925,402,714,516,749,85795.28,114,35,85795.28,OTHER
2930,2931,74,754,103,774,ky,29,20,ky,OTHER
2945,2954,188,729,328,767,378-44-774,140,38,378-44-774,OTHER
3002,3005,609,734,762,797,2019,153,63,2019,taxYear
3027,3030,201,771,266,801,wage,65,30,wage,OTHER
3032,3034,270,766,319,794,and,49,28,and,OTHER
3036,3038,323,763,363,790,tax,40,27,tax,OTHER
3061,3069,204,798,318,830,statement,114,32,statement,OTHER
3073,3076,66,823,105,844,form,39,21,form,OTHER
3078,3080,110,819,143,841,w-2,33,22,w-2,OTHER
3084,3087,70,845,114,868,copy,44,23,copy,OTHER
3089,3092,116,840,162,864,b-to,46,24,b-to,OTHER
3094,3095,164,838,188,860,be,24,22,be,OTHER
3096,3099,161,862,187,885,tion,26,23,tion,OTHER
3100,3105,190,834,229,858,filled,39,24,filled,OTHER
3127,3128,190,860,205,882,is,15,22,is,OTHER
3130,3134,208,856,250,880,being,42,24,being,OTHER
3135,3138,231,831,267,855,with,36,24,with,OTHER
3139,3146,253,849,322,876,famished,69,27,famished,OTHER
3183,3192,269,822,362,851,employee's,93,29,employee's,OTHER
3196,3202,364,815,445,844,federal,81,29,federal,OTHER
3204,3210,430,834,495,859,revenue,65,25,revenue,OTHER
3253,3254,325,848,340,869,to,15,21,to,OTHER
3256,3258,343,845,368,867,the,25,22,the,OTHER
3260,3267,371,840,427,864,internal,56,24,internal,OTHER
3269,3271,447,812,477,837,tax,30,25,tax,OTHER
3273,3278,479,807,536,834,return,57,27,return,OTHER
3344,3350,498,829,554,854,service,56,25,service,OTHER
3355,3358,72,869,103,889,this,31,20,this,OTHER
3360,3366,105,864,160,887,isforms,55,23,isforms,OTHER
3417,3427,389,961,544,996,766-63-6654,155,35,766-63-6654,OTHER
3494,3499,1065,961,1147,988,38999.,82,27,38999.,OTHER
3501,3502,1149,958,1176,982,68,27,24,68,OTHER
3599,3607,805,978,933,1013,179098.72,128,35,179098.72,OTHER
3702,3704,788,1013,824,1038,how,36,25,how,OTHER
3706,3713,827,1008,874,1034,seoulity,47,26,seoulity,OTHER
3715,3719,877,1004,921,1030,wages,44,26,wages,OTHER
3733,3740,1069,1007,1183,1040,16406.89,114,33,16406.89,OTHER
3754,3763,149,1035,288,1070,23-8630038,139,35,23-8630038,OTHER
3837,3845,809,1029,934,1063,214469.15,125,34,214469.15,OTHER
3975,3979,1140,1058,1206,1085,4852.,66,27,4852.,OTHER
3981,3982,1208,1055,1234,1079,11,26,24,11,OTHER
3997,4002,154,1092,240,1122,thomas,86,30,thomas,OTHER
4004,4008,250,1083,322,1114,group,72,31,group,OTHER
4010,4012,334,1077,378,1106,led,44,29,led,OTHER
4080,4088,813,1081,940,1114,167314.24,127,33,167314.24,OTHER
4219,4227,1143,1103,1270,1136,167314.24,127,33,167314.24,OTHER
4242,4244,156,1128,201,1155,199,45,27,199,OTHER
4246,4254,209,1116,340,1151,katherine,131,35,katherine,OTHER
4256,4260,350,1109,423,1140,grove,73,31,grove,OTHER
4262,4266,435,1101,508,1132,suite,73,31,suite,OTHER
4268,4270,519,1095,561,1125,627,42,30,627,OTHER
4325,4333,819,1131,943,1165,214469.15,124,34,214469.15,OTHER
4361,4362,353,1146,384,1172,wa,31,26,wa,OTHER
4364,4373,397,1133,535,1168,61880-6838,138,35,61880-6838,OTHER
4388,4397,157,1154,300,1190,huangmouth,143,36,huangmouth,OTHER
4511,4513,1148,1163,1188,1185,199,40,22,199,OTHER
4644,4645,1101,1223,1131,1247,hh,30,24,hh,OTHER
4647,4650,1152,1216,1208,1244,9666,56,28,9666,OTHER
4667,4673,167,1242,267,1273,6110081,100,31,6110081,OTHER
4749,4751,829,1250,868,1268,300,39,18,300,OTHER
4761,4770,131,1273,199,1300,employer's,68,27,employer's,OTHER
4772,4775,201,1271,223,1292,wist,22,21,wist,OTHER
4777,4780,226,1268,260,1290,tone,34,22,tone,OTHER
4782,4784,262,1266,285,1287,and,23,21,and,OTHER
4786,4788,287,1264,321,1285,men,34,21,men,OTHER
4883,4883,1111,1276,1131,1305,l,20,29,l,OTHER
4885,4887,1157,1269,1200,1301,803,43,32,803,OTHER
4905,4909,172,1315,254,1348,larry,82,33,larry,OTHER
4911,4916,265,1306,365,1341,martin,100,35,martin,OTHER
5025,5027,1161,1325,1197,1359,245,36,34,245,OTHER
5045,5048,176,1355,245,1387,2283,69,32,2283,OTHER
5050,5057,253,1343,388,1381,victoria,135,38,victoria,OTHER
5059,5066,400,1330,529,1369,turnpike,129,39,turnpike,OTHER
5105,5106,418,1376,452,1404,co,34,28,co,OTHER
5108,5117,467,1359,629,1401,38311-3780,162,42,38311-3780,OTHER
5200,5200,1122,1388,1143,1417,p,21,29,p,OTHER
5218,5221,178,1396,246,1425,lake,68,29,lake,OTHER
5223,5228,255,1386,357,1420,morgan,102,34,morgan,OTHER
5379,5379,1238,1435,1252,1455,"""",14,20,"""",OTHER
5381,5388,1256,1431,1302,1454,locality,46,23,locality,OTHER
5390,5393,1305,1427,1341,1450,fine,36,23,fine,OTHER
5517,5524,1052,1464,1164,1498,30903.74,112,34,30903.74,OTHER
5544,5549,1239,1457,1309,1484,jensen,70,27,jensen,OTHER
5551,5553,1318,1451,1356,1476,via,38,25,via,OTHER
5636,5639,667,1505,719,1533,4054,52,28,4054,OTHER
5641,5643,722,1502,763,1528,.14,41,26,.14,OTHER
5655,5663,848,1484,972,1518,218638.19,124,34,218638.19,OTHER
5713,5720,474,1518,583,1550,89096.28,109,32,89096.28,OTHER
5788,5795,1055,1515,1167,1551,22396.81,112,36,22396.81,OTHER
5809,5810,143,1556,172,1574,mt,29,18,mt,OTHER
5823,5832,258,1534,397,1567,528-81-489,139,33,528-81-489,OTHER
5878,5884,666,1551,768,1587,5180.25,102,36,5180.25,OTHER
5897,5904,853,1533,968,1569,172856.8,115,36,172856.8,OTHER
5954,5961,477,1566,588,1601,85795.28,111,35,85795.28,OTHER
6021,6030,995,1561,1078,1590,department,83,29,department,OTHER
6032,6033,1079,1560,1093,1583,of,14,23,of,OTHER
6035,6037,1095,1557,1121,1581,the,26,24,the,OTHER
6039,6055,1123,1547,1243,1579,treasury-internal,120,32,treasury-internal,OTHER
6057,6063,1246,1542,1307,1568,revenue,61,26,revenue,OTHER
6065,6071,1311,1538,1359,1562,service,48,24,service,OTHER
6099,6108,264,1583,401,1620,378-44-774,137,37,378-44-774,OTHER
6155,6158,683,1584,840,1651,2019,157,67,2019,OTHER
6197,6201,1061,1586,1097,1609,"safe,",36,23,"safe,",OTHER
6203,6211,1100,1582,1174,1607,accurate.,74,25,accurate.,OTHER
6213,6218,1207,1580,1302,1613,exfile,95,33,exfile,OTHER
6232,6233,149,1606,176,1626,ky,27,20,ky,OTHER
6344,6348,1061,1607,1112,1630,fast!,51,23,fast!,OTHER
6350,6352,1115,1605,1149,1627,use,34,22,use,OTHER
6382,6385,274,1623,342,1652,wage,68,29,wage,OTHER
6387,6389,346,1619,391,1646,and,45,27,and,OTHER
6391,6393,399,1615,437,1641,tax,38,26,tax,OTHER
6423,6431,277,1652,388,1683,statement,111,31,statement,OTHER
6445,6448,142,1673,180,1696,form,38,23,form,OTHER
6450,6452,185,1670,216,1691,w-2,31,21,w-2,OTHER
6466,6469,144,1695,187,1720,copy,43,25,copy,OTHER
6471,6471,190,1693,203,1715,c,13,22,c,OTHER
6473,6475,206,1690,236,1714,for,30,24,for,OTHER
6477,6486,238,1680,345,1711,employee's,107,31,employee's,OTHER
6488,6495,348,1672,438,1701,records.,90,29,records.,OTHER
6497,6500,440,1669,477,1693,(see,37,24,(see,OTHER
6502,6507,480,1664,533,1690,notice,53,26,notice,OTHER
6509,6510,535,1663,554,1685,to,19,22,to,OTHER
6525,6532,147,1716,224,1741,employee,77,25,employee,OTHER
6534,6535,226,1713,249,1734,on,23,21,on,OTHER
6537,6539,251,1711,278,1731,the,27,20,the,OTHER
6541,6544,280,1706,321,1729,back,41,23,back,OTHER
6546,6547,324,1705,341,1725,of,17,20,of,OTHER
6549,6552,344,1700,387,1724,copy,43,24,copy,OTHER
6554,6556,389,1697,419,1720,b.y,30,23,b.y,OTHER
