start_index,end_index,x_top_left,y_top_left,x_bottom_right,y_bottom_right,transcript,box_width,box_height,combined_text,predicted_field
0,0,1372,923,1452,950,265682.25,80,27,265682.25,OTHER
0,0,1316,2503,1347,2535,tips.,31,32,tips.,OTHER
111,114,1035,253,1156,305,2018,121,52,2018,OTHER
135,137,1171,254,1276,306,w-2,105,52,w-2,OTHER
150,152,1288,255,1389,307,and,101,52,and,OTHER
169,176,1401,255,1691,307,earnings,290,52,earnings,OTHER
198,204,1709,253,1996,306,summary,287,53,summary,OTHER
261,263,2225,245,2311,291,adp,86,46,adp,OTHER
282,289,222,317,319,344,employee,97,27,employee,OTHER
303,311,393,313,497,346,reference,104,33,reference,OTHER
317,320,592,316,643,343,copy,51,27,copy,OTHER
369,371,964,314,1006,344,his,42,30,his,OTHER
373,376,1011,314,1070,343,blue,59,29,blue,OTHER
378,385,1075,314,1197,343,earnings,122,29,earnings,OTHER
387,393,1202,314,1329,342,summary,127,28,summary,OTHER
395,401,1334,314,1429,342,section,95,28,section,OTHER
403,404,1434,314,1460,342,is,26,28,is,OTHER
406,413,1465,314,1579,342,included,114,28,included,OTHER
415,418,1584,314,1639,342,with,55,28,with,OTHER
420,423,1644,314,1705,342,your,61,28,your,OTHER
425,427,1711,314,1767,342,w-2,56,28,w-2,OTHER
429,430,1773,314,1799,342,to,26,28,to,OTHER
432,435,1804,314,1865,343,help,61,29,help,OTHER
437,444,1876,313,1984,344,describe,108,31,describe,OTHER
446,453,1989,313,2097,344,portions,108,31,portions,OTHER
455,456,2102,313,2128,345,in,26,32,in,OTHER
458,461,2134,312,2206,346,more,72,34,more,OTHER
463,469,2215,312,2288,346,detail.,73,34,detail.,OTHER
501,504,329,351,386,376,wage,57,25,wage,OTHER
506,508,428,346,464,370,and,36,24,and,OTHER
510,512,506,344,545,372,tax,39,28,tax,OTHER
574,575,965,343,999,370,he,34,27,he,OTHER
577,583,1006,343,1107,370,reverse,101,27,reverse,OTHER
585,588,1114,343,1169,370,side,55,27,side,OTHER
590,597,1174,343,1289,370,includes,115,27,includes,OTHER
599,605,1294,343,1393,370,general,99,27,general,OTHER
607,617,1398,343,1546,370,information,148,27,information,OTHER
619,622,1554,343,1607,370,that,53,27,that,OTHER
624,626,1611,343,1660,370,you,49,27,you,OTHER
628,630,1665,343,1726,370,may,61,27,may,OTHER
632,635,1731,343,1785,370,also,54,27,also,OTHER
637,640,1793,343,1842,370,find,49,27,find,OTHER
642,649,1847,343,1945,370,helpful.,98,27,helpful.,OTHER
654,656,113,381,168,417,n-2,55,36,n-2,OTHER
681,689,324,371,405,396,statement,81,25,statement,OTHER
699,702,582,386,668,418,2018,86,32,2018,taxYear
705,708,100,432,134,458,copy,34,26,copy,OTHER
710,710,137,432,148,455,c,11,23,c,OTHER
712,714,150,431,172,454,for,22,23,for,OTHER
716,725,175,431,251,455,employee's,76,24,employee's,OTHER
727,734,253,432,321,461,records.,68,29,records.,OTHER
751,753,563,422,595,448,omb,32,26,omb,OTHER
755,757,599,422,625,448,no.,26,26,no.,OTHER
759,767,630,422,708,448,1545-0008,78,26,1545-0008,OTHER
814,815,1025,425,1048,455,1.,23,30,1.,OTHER
817,819,1052,425,1097,455,the,45,30,the,OTHER
821,829,1101,425,1211,455,following,110,30,following,OTHER
831,841,1215,424,1353,454,information,138,30,information,OTHER
843,850,1357,424,1448,454,reflects,91,30,reflects,OTHER
852,855,1452,424,1508,454,your,56,30,your,OTHER
857,861,1512,424,1566,454,final,54,30,final,OTHER
863,866,1570,424,1626,454,2018,56,30,2018,OTHER
868,870,1630,424,1677,455,pay,47,31,pay,OTHER
872,875,1681,424,1733,455,stub,52,31,stub,OTHER
877,880,1737,424,1791,455,plus,54,31,plus,OTHER
882,884,1795,424,1840,455,any,45,31,any,OTHER
886,896,1844,424,1991,456,adjustments,147,32,adjustments,OTHER
898,906,1995,424,2113,456,submitted,118,32,submitted,OTHER
908,909,2117,425,2150,456,by,33,31,by,OTHER
911,914,2154,425,2210,457,your,56,32,your,OTHER
916,924,2214,425,2338,457,employer.,124,32,employer.,OTHER
927,927,99,449,117,475,d,18,26,d,OTHER
929,935,129,449,184,475,control,55,26,control,OTHER
937,942,186,445,257,474,number,71,29,number,OTHER
944,948,306,449,348,487,dept.,42,38,dept.,OTHER
950,951,351,459,379,490,50,28,31,50,OTHER
978,985,614,449,678,480,emplover,64,31,emplover,OTHER
987,989,682,449,708,480,use,26,31,use,OTHER
991,994,714,452,751,484,only,37,32,only,OTHER
996,997,756,458,780,489,36,24,31,36,OTHER
999,1003,97,474,144,500,63088,47,26,63088,OTHER
1005,1006,145,473,174,498,68,29,25,68,OTHER
1116,1120,1102,472,1144,499,gross,42,27,gross,OTHER
1122,1124,1148,468,1181,498,pay,33,30,pay,OTHER
1132,1138,1262,468,1322,495,265682.,60,27,265682.,OTHER
1161,1168,1639,465,1706,494,12267.52,67,29,12267.52,OTHER
1178,1185,1835,474,1900,497,ms.state,65,23,ms.state,OTHER
1187,1192,1904,472,1960,497,income,56,25,income,OTHER
1194,1196,1964,470,1985,496,tax,21,26,tax,OTHER
1198,1204,2069,466,2124,496,9890.81,55,30,9890.81,OTHER
1353,1355,1458,488,1480,515,tax,22,27,tax,OTHER
1357,1364,1484,485,1560,515,withheld,76,30,withheld,OTHER
1386,1388,1838,497,1865,518,box,27,21,box,OTHER
1390,1391,1867,498,1887,518,17,20,20,17,OTHER
1392,1397,1877,513,1936,537,income,59,24,income,OTHER
1588,1589,1889,499,1906,519,of,17,20,of,OTHER
1591,1593,1907,500,1944,521,w-2,37,21,w-2,OTHER
1742,1744,1458,509,1482,537,box,24,28,box,OTHER
1746,1746,1484,509,1496,536,4,12,27,4,OTHER
1748,1749,1498,509,1513,535,of,15,26,of,OTHER
1751,1753,1516,509,1555,536,w-2,39,27,w-2,OTHER
1774,1778,1834,511,1876,535,local,42,24,local,OTHER
1789,1790,1937,514,1954,537,ta,17,23,ta,OTHER
1794,1801,2070,509,2135,539,36199.41,65,30,36199.41,OTHER
1810,1817,155,536,266,566,"collins,",111,30,"collins,",employerName
1819,1825,270,536,370,564,roberts,100,28,roberts,employerName
1827,1829,375,536,423,563,and,48,27,and,employerName
1831,1835,426,536,499,564,smith,73,28,smith,employerName
1837,1839,506,536,553,565,and,47,29,and,employerName
1841,1844,556,537,616,566,sons,60,29,sons,employerName
1982,1984,1836,532,1865,560,box,29,28,box,OTHER
1986,1987,1868,532,1886,559,19,18,27,19,OTHER
1989,1990,1889,532,1903,559,of,14,27,of,OTHER
1992,1993,1906,533,1926,560,w-,20,27,w-,OTHER
1995,1995,1928,535,1939,560,2,11,25,2,OTHER
2003,2006,155,566,213,597,4735,58,31,4735,employerAddressStreet_name
2008,2014,217,566,318,597,cynthia,101,31,cynthia,employerAddressStreet_name
2016,2024,322,566,449,595,stravenue,127,29,stravenue,employerAddressStreet_name
2115,2118,1102,568,1132,595,fed.,30,27,fed.,OTHER
2120,2125,1136,568,1199,594,income,63,26,income,OTHER
2129,2136,1258,566,1327,591,51408.58,69,25,51408.58,OTHER
2143,2150,1453,567,1520,595,medicare,67,28,medicare,OTHER
2152,2154,1524,566,1550,593,tax,26,27,tax,OTHER
2162,2168,1669,566,1732,592,4779.05,63,26,4779.05,OTHER
2176,2187,150,592,318,623,michaelshire,168,31,michaelshire,employerAddressCity
2189,2190,322,594,357,623,id,35,29,id,employerAddressState
2192,2201,375,594,509,623,02057-9694,134,29,02057-9694,employerAddressZip
2287,2289,1101,592,1128,619,tax,27,27,tax,OTHER
2291,2298,1130,591,1198,618,withheld,68,27,withheld,OTHER
2317,2324,1454,592,1530,618,withheld,76,26,withheld,OTHER
2445,2447,1106,615,1129,642,box,23,27,box,OTHER
2449,2449,1134,617,1142,643,2,8,26,2,OTHER
2451,2452,1146,618,1162,644,of,16,26,of,OTHER
2454,2456,1166,618,1194,644,w-2,28,26,w-2,OTHER
2472,2474,1453,612,1483,642,box,30,30,box,OTHER
2476,2476,1485,616,1495,642,6,10,26,6,OTHER
2478,2479,1498,616,1513,643,of,15,27,of,OTHER
2481,2481,1516,616,1528,643,w,12,27,w,OTHER
2483,2483,1530,616,1535,643,-,5,27,-,OTHER
2485,2485,1538,614,1558,642,2,20,28,2,OTHER
2507,2509,1843,614,1865,640,box,22,26,box,OTHER
2511,2512,1869,613,1887,639,14,18,26,14,OTHER
2514,2515,1890,614,1903,642,of,13,28,of,OTHER
2517,2518,1906,616,1929,645,w-,23,29,w-,OTHER
2557,2561,407,682,475,713,batch,68,31,batch,OTHER
2589,2594,589,677,676,711,#02021,87,34,#02021,OTHER
2596,2598,97,728,128,754,eff,31,26,eff,OTHER
2600,2608,132,728,216,755,employees,84,27,employees,OTHER
2610,2614,218,728,266,756,name.,48,28,name.,OTHER
2616,2622,268,728,330,756,address,62,28,address,OTHER
2624,2626,332,727,362,755,and,30,28,and,OTHER
2628,2630,364,727,390,755,zip,26,28,zip,OTHER
2632,2635,393,726,439,754,code,46,28,code,OTHER
2747,2748,1023,753,1047,781,2.,24,28,2.,OTHER
2750,2753,1053,753,1112,782,your,59,29,your,OTHER
2755,2759,1117,753,1187,782,gross,70,29,gross,OTHER
2761,2763,1192,754,1237,783,pay,45,29,pay,OTHER
2765,2767,1242,754,1290,783,was,48,29,was,OTHER
2769,2776,1295,754,1399,783,adjusted,104,29,adjusted,OTHER
2778,2779,1403,754,1432,783,as,29,29,as,OTHER
2781,2787,1436,753,1524,783,follows,88,30,follows,OTHER
2789,2790,1528,753,1553,783,to,25,30,to,OTHER
2792,2798,1558,753,1658,783,produce,100,30,produce,OTHER
2800,2803,1662,753,1719,783,your,57,30,your,OTHER
2805,2807,1723,752,1771,783,w-2,48,31,w-2,OTHER
2809,2818,1774,751,1901,782,statement.,127,31,statement.,OTHER
2827,2831,153,784,225,814,diana,72,30,diana,employeeName
2833,2834,242,784,266,814,ma,24,30,ma,OTHER
2843,2845,155,811,199,845,867,44,34,867,OTHER
2847,2852,205,811,291,842,andrew,86,31,andrew,OTHER
2854,2857,296,812,354,845,walk,58,33,walk,OTHER
2986,2991,1333,817,1389,844,"wages,",56,27,"wages,",OTHER
2993,2997,1394,816,1431,844,"tips,",37,28,"tips,",OTHER
2999,3002,1435,814,1465,842,othe,30,28,othe,OTHER
3009,3014,1581,814,1625,845,social,44,31,social,OTHER
3016,3020,1630,813,1674,843,secur,44,30,secur,OTHER
3023,3028,1679,813,1730,841,medica,51,28,medica,OTHER
3046,3048,1839,812,1859,843,ms.,20,31,ms.,OTHER
3050,3054,1864,812,1900,843,state,36,31,state,OTHER
3056,3060,1905,809,1951,843,wages,46,34,wages,OTHER
3062,3062,1957,809,1963,840,",",6,31,",",OTHER
3064,3070,1991,814,2055,842,madison,64,28,madison,OTHER
3072,3078,2059,809,2119,840,terrace,60,31,terrace,OTHER
3089,3090,179,842,214,878,st,35,36,st,OTHER
3092,3103,218,840,383,876,soniaborough,165,36,soniaborough,OTHER
3105,3106,387,840,422,872,co,35,32,co,OTHER
3108,3117,426,841,561,871,23387-9035,135,30,23387-9035,OTHER
3231,3233,1334,857,1362,887,box,28,30,box,OTHER
3235,3235,1367,859,1376,888,1,9,29,1,OTHER
3237,3238,1381,859,1393,888,of,12,29,of,OTHER
3240,3240,1399,860,1406,888,w,7,28,w,OTHER
3242,3242,1412,860,1414,888,-,2,28,-,OTHER
3244,3244,1420,860,1435,888,2,15,28,2,OTHER
3254,3258,1582,841,1644,871,wages,62,30,wages,OTHER
3259,3263,1679,829,1742,860,waves,63,31,waves,OTHER
3290,3292,1837,856,1866,886,box,29,30,box,OTHER
3294,3295,1870,856,1887,886,16,17,30,16,OTHER
3297,3298,1625,860,1638,892,of,13,32,of,OTHER
3300,3300,1642,860,1653,891,w,11,31,w,OTHER
3302,3302,1657,860,1662,891,-,5,31,-,OTHER
3304,3304,1665,860,1674,891,2,9,31,2,OTHER
3308,3312,1992,842,2031,868,local,39,26,local,OTHER
3314,3319,2035,841,2092,867,"wages,",57,26,"wages,",OTHER
3493,3495,1578,860,1609,893,box,31,33,box,OTHER
3497,3497,1612,860,1621,892,3,9,32,3,OTHER
3499,3500,1725,860,1738,890,of,13,30,of,OTHER
3502,3502,1742,860,1753,890,w,11,30,w,OTHER
3504,3504,1757,860,1760,890,-,3,30,-,OTHER
3506,3506,1763,860,1779,890,2,16,30,2,OTHER
3508,3510,1678,860,1706,891,box,28,31,box,OTHER
3512,3512,1710,860,1721,891,5,11,31,5,OTHER
3514,3515,1891,856,1905,888,of,14,32,of,OTHER
3517,3517,1908,858,1920,889,w,12,31,w,OTHER
3519,3519,1924,859,1926,890,-,2,31,-,OTHER
3521,3521,1930,860,1939,892,2,9,32,2,OTHER
3550,3553,1994,870,2023,901,tips,29,31,tips,OTHER
3555,3556,2025,874,2044,904,18,19,30,18,OTHER
3558,3559,2046,876,2060,905,of,14,29,of,OTHER
3561,3562,2062,877,2086,907,w2,24,30,w2,OTHER
3567,3576,135,905,216,931,employer's,81,26,employer's,OTHER
3578,3580,220,906,252,931,fed,32,25,fed,OTHER
3582,3583,255,906,272,931,id,17,25,id,OTHER
3585,3590,276,905,335,932,number,59,27,number,OTHER
3607,3616,434,904,522,931,employee's,88,27,employee's,OTHER
3618,3620,524,904,557,932,ssa,33,28,ssa,OTHER
3622,3627,558,906,629,937,number,71,31,number,OTHER
3635,3644,151,920,258,951,01-4622758,107,31,01-4622758,einEmployerIdentificationNumber
3693,3703,561,920,666,949,550-66-1832,105,29,550-66-1832,ssnOfEmployee
3746,3746,1071,933,1088,961,t,17,28,t,OTHER
3748,3752,1102,926,1139,954,gross,37,28,gross,OTHER
3754,3756,1144,926,1172,952,pay,28,26,pay,OTHER
3781,3787,1998,920,2057,947,265682.,59,27,265682.,OTHER
3788,3788,627,1029,640,1060,2,13,31,2,OTHER
3789,3789,620,1028,626,1059,5,6,31,5,OTHER
3814,3820,1694,921,1747,950,65682.3,53,29,65682.3,OTHER
3836,3843,1841,922,1904,948,265682.3,63,26,265682.3,OTHER
3857,3857,1180,1674,1203,1707,2,23,33,2,OTHER
3858,3858,1179,1757,1201,1797,6,22,40,6,OTHER
3859,3859,1011,1772,1020,1800,5,9,28,5,OTHER
3860,3861,218,1028,241,1060,68,23,32,68,OTHER
3862,3862,1991,1675,2012,1708,2,21,33,2,OTHER
3863,3863,611,976,616,1004,.,5,28,.,box2FederalIncomeTaxWithheld
3910,3916,434,957,489,990,federal,55,33,federal,OTHER
3918,3923,492,959,550,992,income,58,33,income,OTHER
3925,3927,551,960,576,993,tax,25,33,tax,OTHER
4015,4018,1334,939,1380,970,9289,46,31,9289,OTHER
4047,4050,1680,941,1724,971,9289,44,30,9289,OTHER
4071,4074,1837,945,1879,971,9289,42,26,9289,OTHER
4092,4095,1993,947,2033,969,9289,40,22,9289,OTHER
4324,4326,1989,960,2026,988,,37,28,,OTHER
4333,4338,137,963,187,990,"wages,",50,27,"wages,",OTHER
4340,4344,190,962,225,988,"tips,",35,26,"tips,",OTHER
4346,4350,227,961,268,987,other,41,26,other,OTHER
4352,4356,270,960,318,988,comp.,48,28,comp.,OTHER
4389,4393,560,976,609,1005,51408,49,29,51408,box2FederalIncomeTaxWithheld
4395,4395,211,1031,216,1061,.,5,30,.,box3SocialSecurityWages
4397,4398,618,977,649,1004,58,31,27,58,box2FederalIncomeTaxWithheld
4438,4441,1022,966,1057,993,less,35,27,less,OTHER
4443,4445,1061,965,1082,991,401,21,26,401,OTHER
4447,4449,1087,964,1106,990,(k),19,26,(k),OTHER
4451,4456,1110,962,1160,989,(d-box,50,27,(d-box,OTHER
4458,4459,1165,961,1184,987,2),19,26,2),OTHER
4478,4482,1335,972,1373,1002,51408,38,30,51408,OTHER
4484,4486,1378,972,1396,1001,.58,18,29,.58,OTHER
4501,4508,1581,969,1647,1005,$1408.58,66,36,$1408.58,OTHER
4510,4511,1678,963,1715,992,,37,29,,OTHER
4624,4631,1022,1000,1090,1026,reported,68,26,reported,OTHER
4633,4635,1094,999,1122,1026,w-2,28,27,w-2,OTHER
4637,4641,1127,994,1182,1024,wages,55,30,wages,OTHER
4663,4666,1336,995,1365,1026,2020,29,31,2020,OTHER
4668,4669,1370,996,1381,1027,06,11,31,06,OTHER
4671,4673,1386,997,1411,1028,.15,25,31,.15,OTHER
4685,4691,1580,993,1634,1023,202006.,54,30,202006.,OTHER
4693,4694,1637,994,1666,1023,15,29,29,15,OTHER
4696,4703,1679,995,1748,1023,202006.1,69,28,202006.1,OTHER
4749,4754,435,1018,482,1049,social,47,31,social,OTHER
4756,4763,485,1019,544,1052,security,59,33,security,OTHER
4765,4767,546,1023,570,1054,tax,24,31,tax,OTHER
4769,4772,572,1024,599,1056,with,27,32,with,OTHER
4774,4776,601,1026,619,1058,the,18,32,the,box4SocialSecurityTaxWithheld
4778,4778,107,2502,123,2526,5,16,24,5,OTHER
4780,4780,906,2778,913,2804,2,7,26,2,OTHER
4787,4792,151,1032,209,1063,160359,58,31,160359,box3SocialSecurityWages
4794,4794,470,1382,476,1416,.,6,34,.,OTHER
4797,4797,405,1146,424,1175,8,19,29,8,OTHER
4799,4800,243,1023,270,1056,wa,27,33,wa,OTHER
4807,4814,140,1089,200,1117,medicare,60,28,medicare,OTHER
4816,4820,204,1088,252,1113,wages,48,25,wages,OTHER
4822,4824,256,1087,284,1111,and,28,24,and,OTHER
4826,4829,288,1087,326,1110,tips,38,23,tips,OTHER
4846,4853,433,1089,502,1115,medicare,69,26,medicare,OTHER
4855,4857,505,1089,530,1114,tax,25,25,tax,OTHER
4859,4866,533,1089,603,1115,withheld,70,26,withheld,OTHER
4927,4933,562,1104,624,1133,4779.05,62,29,4779.05,OTHER
4978,4979,1023,1085,1046,1115,3.,23,30,3.,OTHER
4981,4988,1051,1085,1169,1115,employee,118,30,employee,OTHER
4990,4992,1175,1085,1221,1115,w-4,46,30,w-4,OTHER
4994,5001,1226,1085,1313,1116,profile.,87,31,profile.,OTHER
5003,5004,1318,1085,1348,1116,to,30,31,to,OTHER
5006,5011,1354,1085,1440,1116,change,86,31,change,OTHER
5013,5016,1445,1085,1500,1116,your,55,31,your,OTHER
5018,5025,1505,1085,1624,1116,employee,119,31,employee,OTHER
5027,5029,1628,1085,1676,1116,w-4,48,31,w-4,OTHER
5031,5037,1680,1085,1758,1116,profile,78,31,profile,OTHER
5039,5050,1761,1085,1907,1117,"information,",146,32,"information,",OTHER
5052,5055,1910,1086,1949,1117,file,39,31,file,OTHER
5057,5057,1952,1086,1969,1117,a,17,31,a,OTHER
5059,5061,1972,1086,2023,1117,new,51,31,new,OTHER
5063,5065,2028,1086,2077,1117,w-4,49,31,w-4,OTHER
5067,5070,2079,1086,2133,1117,with,54,31,with,OTHER
5072,5075,2135,1086,2193,1118,your,58,32,your,OTHER
5077,5083,2195,1086,2284,1118,payroll,89,32,payroll,OTHER
5085,5089,2286,1086,2358,1118,dept.,72,32,dept.,OTHER
5097,5105,151,1107,248,1134,164794.74,97,27,164794.74,OTHER
5148,5148,406,2056,428,2089,8,22,33,8,OTHER
5150,5158,436,1145,503,1176,allocated,67,31,allocated,OTHER
5160,5163,506,1147,547,1182,tips,41,35,tips,OTHER
5313,5318,1837,1151,1879,1180,social,42,29,social,OTHER
5320,5327,1883,1151,1937,1178,security,54,27,security,OTHER
5329,5333,1941,1152,1992,1177,numbe,51,25,numbe,OTHER
5347,5355,2078,1148,2150,1175,50-66-183,72,27,50-66-183,OTHER
5363,5371,151,1160,247,1190,160359.68,96,30,160359.68,OTHER
5417,5422,561,1165,617,1193,164794,56,28,164794,OTHER
5424,5426,621,1166,653,1194,.74,32,28,.74,OTHER
5479,5483,1102,1171,1179,1199,diana,77,28,diana,OTHER
5485,5491,1202,1169,1304,1201,mathews,102,32,mathews,OTHER
5495,5506,134,1208,218,1235,verification,84,27,verification,OTHER
5508,5511,221,1208,260,1233,code,39,25,code,OTHER
5535,5535,413,1207,432,1233,0,19,26,0,OTHER
5537,5545,439,1207,520,1234,dependent,81,27,dependent,OTHER
5547,5550,523,1207,557,1234,care,34,27,care,OTHER
5552,5559,560,1207,621,1234,benefits,61,27,benefits,OTHER
5615,5617,1102,1207,1153,1238,867,51,31,867,OTHER
5619,5624,1160,1208,1254,1238,andrew,94,30,andrew,OTHER
5626,5629,1263,1207,1320,1237,walk,57,30,walk,OTHER
5698,5704,1835,1201,1905,1229,federal,70,28,federal,OTHER
5706,5706,1907,1199,1926,1228,:,19,29,:,OTHER
5830,5841,1099,1250,1280,1276,michaelshire,181,26,michaelshire,OTHER
5843,5844,1292,1250,1323,1277,id,31,27,id,OTHER
5846,5852,1350,1249,1454,1277,02057-9,104,28,02057-9,OTHER
5913,5917,1834,1233,1897,1268,local,63,35,local,OTHER
5920,5920,107,1265,123,1288,1,16,23,1,OTHER
5922,5933,136,1266,231,1288,nonqualified,95,22,nonqualified,OTHER
5961,5962,413,1261,437,1287,2a,24,26,2a,OTHER
5964,5966,440,1262,468,1289,see,28,27,see,OTHER
5968,5979,471,1263,558,1290,instructions,87,27,instructions,OTHER
5981,5983,562,1263,585,1290,for,23,27,for,OTHER
5985,5987,588,1262,617,1290,box,29,28,box,OTHER
5989,5990,621,1261,637,1288,12,16,27,12,OTHER
5997,5999,153,1279,188,1303,168,35,24,168,OTHER
6001,6005,233,1265,274,1287,plans,41,22,plans,OTHER
6008,6008,108,1326,122,1348,4,14,22,4,OTHER
6010,6014,142,1325,187,1349,other,45,24,other,OTHER
6056,6057,412,1349,440,1378,20,28,29,20,OTHER
6078,6080,563,1341,601,1370,445,38,29,445,OTHER
6121,6121,411,1379,415,1412,a,4,33,a,OTHER
6123,6126,421,1379,441,1414,stat,20,35,stat,OTHER
6128,6130,447,1381,465,1415,emp,18,34,emp,OTHER
6132,6132,621,1498,625,1527,.,4,29,.,OTHER
6134,6136,481,1382,504,1417,fet,23,35,fet,OTHER
6138,6141,508,1383,549,1417,plan,41,34,plan,OTHER
6143,6145,560,1383,577,1417,ard,17,34,ard,OTHER
6147,6151,581,1382,608,1416,party,27,34,party,OTHER
6153,6156,611,1381,633,1415,sick,22,34,sick,OTHER
6158,6160,636,1380,662,1413,pay,26,33,pay,OTHER
6164,6168,138,1430,182,1451,state,44,21,state,OTHER
6179,6188,231,1425,306,1455,emblovers',75,30,emblovers',OTHER
6190,6194,309,1424,342,1453,state,33,29,state,OTHER
6196,6197,345,1423,360,1453,id,15,30,id,OTHER
6199,6201,363,1422,397,1452,no.,34,30,no.,OTHER
6203,6204,405,1422,432,1452,16,27,30,16,OTHER
6206,6210,444,1422,483,1453,state,39,31,state,OTHER
6212,6217,485,1422,538,1454,wanes.,53,32,wanes.,OTHER
6219,6223,541,1423,576,1455,"tips,",35,32,"tips,",OTHER
6225,6228,578,1425,619,1457,etc.,41,32,etc.,OTHER
6231,6232,100,1483,123,1507,17,23,24,17,OTHER
6234,6238,142,1483,179,1510,state,37,27,state,OTHER
6246,6249,152,1498,188,1528,9890,36,30,9890,box17StateIncomeTax
6250,6255,183,1484,239,1510,income,56,26,income,OTHER
6269,6271,191,1500,228,1527,.81,37,27,.81,OTHER
6273,6275,242,1483,271,1510,tax,29,27,tax,OTHER
6313,6318,562,1494,617,1526,223404,55,32,223404,OTHER
6320,6320,199,1557,205,1588,.,6,31,.,OTHER
6322,6323,628,1499,644,1528,77,16,29,77,OTHER
6369,6376,444,1541,500,1575,locality,56,34,locality,OTHER
6378,6381,505,1546,556,1579,name,51,33,name,OTHER
6383,6389,561,1550,634,1585,madison,73,35,madison,OTHER
6391,6397,639,1557,704,1589,terrace,65,32,terrace,OTHER
6404,6408,152,1557,195,1590,35189,43,33,35189,OTHER
6410,6410,183,1678,186,1705,.,3,27,.,OTHER
6412,6413,209,1556,240,1588,41,31,32,41,OTHER
6509,6509,1023,1558,1034,1588,@,11,30,@,OTHER
6511,6514,1039,1557,1073,1588,2018,34,31,2018,OTHER
6516,6518,1078,1557,1105,1586,adp,27,29,adp,OTHER
6520,6520,1110,1556,1113,1586,",",3,30,",",OTHER
6522,6524,1118,1556,1156,1585,llc,38,29,llc,OTHER
6528,6528,99,1678,118,1706,1,19,28,1,OTHER
6530,6534,132,1678,178,1706,wades,46,28,wades,OTHER
6536,6536,313,1674,321,1702,.,8,28,.,OTHER
6538,6541,191,1678,214,1705,tips,23,27,tips,OTHER
6543,6543,219,1678,223,1704,",",4,26,",",OTHER
6545,6549,228,1676,266,1704,other,38,28,other,OTHER
6551,6554,271,1674,307,1703,comp,36,29,comp,OTHER
6556,6556,986,1676,991,1705,.,5,29,.,OTHER
6570,6576,435,1673,489,1706,federal,54,33,federal,OTHER
6578,6583,494,1675,547,1707,income,53,32,income,OTHER
6585,6587,551,1676,575,1708,tax,24,32,tax,OTHER
6589,6592,579,1677,606,1708,with,27,31,with,OTHER
6594,6595,610,1678,631,1709,he,21,31,he,OTHER
6618,6618,865,1676,890,1708,1,25,32,1,OTHER
6620,6624,902,1677,946,1707,wages,44,30,wages,OTHER
6626,6626,952,1677,952,1706,",",0,29,",",OTHER
6628,6631,958,1677,980,1706,tips,22,29,tips,OTHER
6633,6633,1080,1672,1085,1702,.,5,30,.,OTHER
6635,6639,997,1675,1033,1705,other,36,30,other,OTHER
6641,6644,1040,1672,1074,1703,comp,34,31,comp,OTHER
6646,6646,1764,1677,1769,1707,.,5,30,.,OTHER
6653,6653,1719,2778,1726,2805,2,7,27,2,OTHER
6655,6661,1209,1674,1260,1707,federal,51,33,federal,OTHER
6663,6668,1266,1675,1320,1707,income,54,32,income,OTHER
6670,6672,1326,1675,1347,1707,tax,21,32,tax,OTHER
6674,6681,1352,1674,1411,1707,withheld,59,33,withheld,OTHER
6716,6720,1714,1674,1759,1707,wages,45,33,wages,OTHER
6722,6722,1801,1677,1806,1707,.,5,30,.,OTHER
6724,6727,1774,1677,1796,1707,tips,22,30,tips,OTHER
6729,6729,1894,1670,1902,1702,.,8,32,.,OTHER
6731,6735,1811,1675,1848,1707,other,37,32,other,OTHER
6737,6740,1854,1671,1889,1705,comp,35,34,comp,OTHER
6742,6742,210,1738,216,1763,.,6,25,.,OTHER
6751,6757,2021,1674,2075,1707,federal,54,33,federal,OTHER
6759,6764,2081,1674,2133,1706,income,52,32,income,OTHER
6766,6768,2138,1675,2158,1706,tax,20,31,tax,OTHER
6770,6776,2164,1676,2218,1709,withhel,54,33,withhel,OTHER
6783,6788,133,1723,181,1747,social,48,24,social,OTHER
6790,6797,183,1723,242,1746,security,59,23,security,OTHER
6819,6819,406,1715,427,1754,4,21,39,4,OTHER
6821,6826,435,1715,479,1753,social,44,38,social,OTHER
6828,6835,486,1715,542,1751,security,56,36,security,OTHER
6837,6839,548,1715,568,1747,tax,20,32,tax,OTHER
6841,6848,574,1714,641,1746,withheld,67,32,withheld,OTHER
6873,6878,902,1719,946,1750,social,44,31,social,OTHER
6880,6887,951,1719,1009,1746,security,58,27,security,OTHER
6889,6890,218,1736,246,1763,68,28,27,68,OTHER
7003,7004,1013,1721,1038,1747,wa,25,26,wa,OTHER
7019,7024,1209,1716,1253,1754,social,44,38,social,OTHER
7026,7033,1258,1715,1314,1752,security,56,37,security,OTHER
7035,7037,1320,1715,1342,1748,tax,22,33,tax,OTHER
7039,7046,1348,1712,1412,1746,withheld,64,34,withheld,OTHER
7083,7088,1716,1718,1759,1749,social,43,31,social,OTHER
7090,7097,1764,1717,1822,1745,security,58,28,security,OTHER
7099,7100,1825,1717,1848,1742,wa,23,25,wa,OTHER
7115,7115,1994,1716,2017,1750,4,23,34,4,OTHER
7117,7122,2023,1716,2066,1750,social,43,34,social,OTHER
7124,7131,2071,1717,2128,1750,security,57,33,security,OTHER
7133,7135,2133,1717,2154,1749,tax,21,32,tax,OTHER
7137,7144,2159,1716,2225,1748,withheld,66,32,withheld,OTHER
7151,7156,151,1738,208,1763,160359,57,25,160359,OTHER
7162,7162,608,1736,617,1768,.,9,32,.,OTHER
7164,7165,1012,1736,1042,1765,68,30,29,68,OTHER
7166,7170,245,1722,292,1746,wages,47,24,wages,OTHER
7204,7208,562,1736,607,1769,12267,45,33,12267,OTHER
7210,7210,2194,1736,2201,1768,.,7,32,.,OTHER
7212,7213,618,1736,636,1767,52,18,31,52,OTHER
7214,7215,610,1772,642,1807,05,32,35,05,OTHER
7259,7266,434,1759,499,1796,medicare,65,37,medicare,OTHER
7268,7270,506,1759,526,1796,tax,20,37,tax,OTHER
7272,7280,533,1761,602,1802,"withheld,",69,41,"withheld,",OTHER
7381,7387,944,1736,1010,1764,160359.,66,28,160359.,OTHER
7422,7429,1334,1738,1405,1769,12267.5:,71,31,12267.5:,OTHER
7476,7481,1757,1738,1813,1765,160359,56,27,160359,OTHER
7483,7485,1815,1737,1853,1765,.68,38,28,.68,OTHER
7523,7527,2147,1735,2192,1771,12267,45,36,12267,OTHER
7529,7529,1211,1811,1227,1840,.,16,29,.,OTHER
7531,7532,2203,1736,2221,1767,52,18,31,52,OTHER
7661,7668,1208,1758,1272,1797,medicare,64,39,medicare,OTHER
7670,7672,1279,1760,1298,1796,tax,19,36,tax,OTHER
7674,7681,1305,1762,1391,1799,withheld,86,37,withheld,OTHER
7726,7732,1728,1773,1782,1801,edicare,54,28,edicare,OTHER
7734,7738,200,1767,252,1800,wages,52,33,wages,OTHER
7740,7742,256,1764,285,1797,and,29,33,and,OTHER
7744,7747,288,1760,328,1795,tips,40,35,tips,OTHER
7775,7777,2130,1766,2145,1798,ith,15,32,ith,OTHER
7779,7782,2149,1768,2193,1803,heng,44,35,heng,OTHER
7784,7785,2196,1772,2217,1805,os,21,33,os,OTHER
7791,7796,152,1772,197,1803,isay's,45,31,isay's,OTHER
7798,7802,1787,1770,1834,1801,wages,47,31,wages,OTHER
7804,7806,1023,1768,1051,1799,and,28,31,and,OTHER
7808,7809,1054,1765,1067,1796,ti,13,31,ti,OTHER
7884,7889,944,1773,1007,1801,164794,63,28,164794,OTHER
7893,7895,1838,1767,1865,1798,and,27,31,and,OTHER
7900,7906,130,1811,182,1844,control,52,33,control,OTHER
7908,7913,186,1807,254,1838,number,68,31,number,OTHER
7915,7919,308,1811,359,1844,dept.,51,33,dept.,OTHER
7921,7925,406,1805,445,1836,corp.,39,31,corp.,OTHER
7970,7977,614,1807,677,1839,employer,63,32,employer,OTHER
7979,7981,682,1809,709,1840,use,27,31,use,OTHER
7983,7986,713,1811,754,1844,only,41,33,only,OTHER
8015,8017,1125,1824,1161,1855,150,36,31,150,OTHER
8018,8021,1180,1811,1206,1840,corp,26,29,corp,OTHER
8023,8023,2088,2289,2091,2327,.,3,38,.,OTHER
8050,8057,1387,1805,1452,1838,employer,65,33,employer,OTHER
8059,8061,1457,1808,1483,1838,use,26,30,use,OTHER
8063,8066,1487,1808,1529,1838,only,42,30,only,OTHER
8116,8120,1912,1811,1966,1841,dept.,54,30,dept.,OTHER
8121,8125,1993,1809,2037,1839,corp.,44,30,corp.,OTHER
8148,8155,2201,1807,2266,1839,employer,65,32,employer,OTHER
8157,8159,2270,1811,2295,1841,use,25,30,use,OTHER
8161,8164,2299,1813,2338,1847,only,39,34,only,OTHER
8166,8167,2343,1819,2370,1852,36,27,33,36,OTHER
8260,8266,898,1812,952,1843,control,54,31,control,OTHER
8268,8273,955,1804,1025,1836,number,70,32,number,OTHER
8356,8364,1690,1812,1766,1848,20control,76,36,20control,OTHER
8366,8371,1770,1803,1835,1838,number,65,35,number,OTHER
8373,8382,133,1841,216,1876,employer's,83,35,employer's,OTHER
8384,8388,219,1847,267,1879,"name,",48,32,"name,",OTHER
8390,8396,270,1848,325,1880,address,55,32,address,OTHER
8398,8398,327,1849,335,1880,",",8,31,",",OTHER
8400,8402,338,1850,367,1880,and,29,30,and,OTHER
8404,8406,369,1849,395,1879,zip,26,30,zip,OTHER
8408,8411,397,1848,442,1878,code,45,30,code,OTHER
8463,8472,902,1842,983,1876,employer's,81,34,employer's,OTHER
8474,8477,987,1847,1026,1878,name,39,31,name,OTHER
8479,8479,1029,1848,1033,1879,",",4,31,",",OTHER
8481,8487,1037,1849,1093,1880,address,56,31,address,OTHER
8489,8489,1096,1850,1102,1880,",",6,30,",",OTHER
8491,8493,1105,1850,1134,1881,and,29,31,and,OTHER
8495,8497,1136,1851,1164,1881,zip,28,30,zip,OTHER
8499,8502,1166,1851,1214,1881,code,48,30,code,OTHER
8560,8569,1714,1843,1797,1877,employer's,83,34,employer's,OTHER
8571,8575,1800,1847,1847,1878,"name,",47,31,"name,",OTHER
8577,8584,1850,1848,1915,1878,"address,",65,30,"address,",OTHER
8586,8588,1918,1849,1948,1878,and,30,29,and,OTHER
8590,8592,1952,1849,1976,1878,zip,24,29,zip,OTHER
8594,8597,1979,1847,2026,1877,code,47,30,code,OTHER
8604,8610,153,1871,244,1906,collins,91,35,collins,OTHER
8612,8612,248,1876,264,1906,",",16,30,",",OTHER
8614,8620,268,1877,372,1907,roberts,104,30,roberts,OTHER
8622,8622,376,1877,390,1907,a,14,30,a,OTHER
8697,8703,945,1875,1037,1907,collins,92,32,collins,OTHER
8705,8705,1041,1874,1058,1905,",",17,31,",",OTHER
8707,8713,1062,1873,1163,1905,roberts,101,32,roberts,OTHER
8715,8717,1169,1873,1214,1904,and,45,31,and,OTHER
8719,8723,1220,1874,1291,1904,smith,71,30,smith,OTHER
8725,8727,1299,1875,1346,1904,and,47,29,and,OTHER
8729,8732,1350,1876,1405,1905,sons,55,29,sons,OTHER
8794,8800,1758,1874,1848,1904,collins,90,30,collins,OTHER
8802,8802,1853,1876,1870,1904,",",17,28,",",OTHER
8804,8810,1875,1876,1973,1906,roberts,98,30,roberts,OTHER
8812,8814,1981,1876,2026,1906,and,45,30,and,OTHER
8816,8820,2033,1876,2102,1906,smith,69,30,smith,OTHER
8822,8824,2110,1875,2157,1906,and,47,31,and,OTHER
8826,8829,2162,1875,2218,1905,sons,56,30,sons,OTHER
8836,8839,154,1902,213,1938,4735,59,36,4735,OTHER
8841,8847,218,1900,320,1935,cynthia,102,35,cynthia,OTHER
8849,8857,324,1900,450,1935,stravenue,126,35,stravenue,OTHER
8932,8934,960,1907,1005,1939,735,45,32,735,OTHER
8936,8942,1010,1905,1111,1938,cynthia,101,33,cynthia,OTHER
8944,8952,1115,1905,1241,1936,stravenue,126,31,stravenue,OTHER
9035,9041,1825,1904,1924,1939,cynthia,99,35,cynthia,OTHER
9043,9045,1930,1904,1957,1935,st.,27,31,st.,OTHER
9052,9063,149,1933,319,1968,michaelshire,170,35,michaelshire,OTHER
9065,9066,324,1934,359,1966,id,35,32,id,OTHER
9068,9077,375,1933,508,1966,02057-9694,133,33,02057-9694,OTHER
9147,9158,946,1935,1110,1966,michaelshire,164,31,michaelshire,OTHER
9160,9161,1115,1936,1147,1966,id,32,30,id,OTHER
9163,9172,1167,1933,1302,1966,02057-9694,135,33,02057-9694,OTHER
9244,9255,1756,1934,1924,1965,michaelshire,168,31,michaelshire,OTHER
9257,9258,1931,1934,1962,1964,id,31,30,id,OTHER
9260,9269,1981,1934,2111,1964,02057-9694,130,30,02057-9694,OTHER
9276,9285,135,1997,215,2027,employer's,80,30,employer's,OTHER
9287,9289,220,1999,250,2027,fed,30,28,fed,OTHER
9291,9292,255,1999,270,2027,id,15,28,id,OTHER
9294,9299,275,1997,335,2027,number,60,30,number,OTHER
9312,9312,407,2000,426,2032,a,19,32,a,OTHER
9314,9323,434,1998,520,2031,employee's,86,33,employee's,OTHER
9325,9327,525,1998,554,2030,ssa,29,32,ssa,OTHER
9329,9334,559,1998,614,2030,number,55,32,number,OTHER
9369,9378,943,2012,1053,2044,01-4522758,110,32,01-4522758,OTHER
9401,9401,1179,1998,1203,2032,a,24,34,a,OTHER
9403,9412,1208,1997,1294,2032,employee's,86,35,employee's,OTHER
9414,9416,1299,1997,1328,2030,ssa,29,33,ssa,OTHER
9418,9423,1332,1997,1392,2029,number,60,32,number,OTHER
9462,9471,1715,1997,1798,2027,employer's,83,30,employer's,OTHER
9473,9475,1802,1999,1832,2028,fed,30,29,fed,OTHER
9477,9478,1836,2000,1853,2029,id,17,29,id,OTHER
9480,9485,1857,2000,1926,2030,number,69,30,number,OTHER
9498,9498,1992,1999,2012,2031,a,20,32,a,OTHER
9500,9509,2022,1998,2109,2031,employee's,87,33,employee's,OTHER
9511,9513,2114,1998,2143,2031,ssa,29,33,ssa,OTHER
9515,9520,2148,1998,2207,2030,number,59,32,number,OTHER
9527,9536,150,2016,255,2048,01-4622758,105,32,01-4622758,OTHER
9716,9725,1757,2016,1863,2046,01-4622758,106,30,01-4622758,OTHER
9732,9737,137,2065,179,2095,social,42,30,social,OTHER
9739,9746,182,2066,240,2095,security,58,29,security,OTHER
9748,9751,1868,1762,1907,1796,tips,39,34,tips,OTHER
9768,9768,1179,2053,1202,2088,8,23,35,8,OTHER
9770,9778,436,2056,502,2088,allocated,66,32,allocated,OTHER
9780,9783,243,2066,266,2094,tips,23,28,tips,OTHER
9821,9826,901,2061,947,2092,social,46,31,social,OTHER
9828,9835,951,2063,1009,2096,security,58,33,security,OTHER
9837,9840,1012,2066,1040,2098,bigs,28,32,bigs,OTHER
9858,9858,411,2555,435,2585,8,24,30,8,OTHER
9860,9868,1210,2054,1275,2088,allocated,65,34,allocated,OTHER
9870,9873,508,2058,550,2089,tips,42,31,tips,OTHER
9917,9922,1715,2060,1761,2092,social,46,32,social,OTHER
9924,9931,1765,2065,1822,2093,security,57,28,security,OTHER
9933,9936,1281,2057,1325,2088,tips,44,31,tips,OTHER
9955,9963,2023,2056,2089,2088,allocated,66,32,allocated,OTHER
9965,9968,1826,2066,1853,2093,tips,27,27,tips,OTHER
10029,10037,562,2072,651,2102,164794.74,89,30,164794.74,OTHER
10120,10128,1334,2074,1428,2105,164794.74,94,31,164794.74,OTHER
10217,10224,2147,2073,2231,2101,164794.7,84,28,164794.7,OTHER
10229,10240,132,2116,216,2146,verification,84,30,verification,OTHER
10242,10245,220,2116,263,2145,code,43,29,code,OTHER
10267,10268,408,2117,432,2149,10,24,32,10,OTHER
10270,10278,438,2118,519,2149,dependent,81,31,dependent,OTHER
10280,10283,524,2118,553,2148,care,29,30,care,OTHER
10285,10291,558,2117,610,2146,benefit,52,29,benefit,OTHER
10320,10331,901,2116,984,2148,verification,83,32,verification,OTHER
10333,10336,988,2116,1027,2147,code,39,31,code,OTHER
10357,10358,1178,2115,1208,2148,10,30,33,10,OTHER
10360,10368,1213,2117,1293,2148,dependent,80,31,dependent,OTHER
10370,10373,1298,2119,1327,2148,care,29,29,care,OTHER
10375,10382,1332,2118,1389,2147,benefits,57,29,benefits,OTHER
10416,10427,1715,2117,1797,2147,verification,82,30,verification,OTHER
10429,10432,1802,2118,1837,2146,code,35,28,code,OTHER
10453,10454,1992,2115,2021,2146,10,29,31,10,OTHER
10456,10464,2026,2116,2106,2148,dependent,80,32,dependent,OTHER
10466,10469,2110,2118,2141,2148,care,31,30,care,OTHER
10471,10477,2146,2117,2197,2147,benefit,51,30,benefit,OTHER
10537,10539,561,2140,600,2168,252,39,28,252,OTHER
10626,10628,1335,2140,1372,2168,252,37,28,252,OTHER
10724,10726,2148,2140,2187,2170,252,39,30,252,OTHER
10729,10729,107,2176,124,2202,1,17,26,1,OTHER
10731,10742,136,2178,230,2205,nonqualified,94,27,nonqualified,OTHER
10744,10748,233,2178,282,2205,plans,49,27,plans,OTHER
10770,10771,415,2175,434,2207,2a,19,32,2a,OTHER
10773,10775,440,2176,465,2207,see,25,31,see,OTHER
10777,10788,471,2175,557,2207,instructions,86,32,instructions,OTHER
10790,10792,563,2175,582,2205,for,19,30,for,OTHER
10794,10796,588,2175,616,2205,box,28,30,box,OTHER
10798,10799,621,2175,639,2204,12,18,29,12,OTHER
10823,10834,905,2175,996,2205,nonqualified,91,30,nonqualified,OTHER
10836,10840,1001,2175,1048,2205,plans,47,30,plans,OTHER
10860,10861,1186,2176,1208,2207,2a,22,31,2a,OTHER
10863,10865,1213,2176,1239,2207,see,26,31,see,OTHER
10867,10878,1243,2176,1331,2207,instructions,88,31,instructions,OTHER
10880,10882,1335,2176,1355,2206,for,20,30,for,OTHER
10884,10886,1359,2175,1390,2205,box,31,30,box,OTHER
10888,10889,1394,2174,1412,2204,12,18,30,12,OTHER
10917,10928,1717,2176,1811,2207,nonqualified,94,31,nonqualified,OTHER
10930,10934,1816,2176,1868,2207,plans,52,31,plans,OTHER
10957,10958,2002,2178,2022,2208,2a,20,30,2a,OTHER
10960,10962,2026,2177,2052,2207,see,26,30,see,OTHER
10964,10975,2057,2175,2146,2207,instructions,89,32,instructions,OTHER
10977,10979,2149,2175,2170,2207,for,21,32,for,OTHER
10981,10983,2174,2174,2203,2207,box,29,33,box,OTHER
10985,10986,2206,2174,2227,2207,12,21,33,12,OTHER
11078,11079,867,2233,891,2259,14,24,26,14,OTHER
11081,11083,910,2232,942,2256,oth,32,24,oth,OTHER
11175,11175,1689,2233,1703,2256,4,14,23,4,OTHER
11177,11181,1731,2229,1764,2261,other,33,32,other,OTHER
11229,11229,2126,2227,2144,2269,1,18,42,1,OTHER
11231,11233,2148,2222,2192,2266,702,44,44,702,OTHER
11476,11476,2126,2249,2142,2288,1,16,39,1,OTHER
11478,11480,2145,2252,2194,2293,445,49,41,445,OTHER
11515,11516,402,2301,414,2337,"""3",12,36,"""3",OTHER
11518,11521,419,2301,442,2337,star,23,36,star,OTHER
11523,11525,448,2301,475,2337,emp,27,36,emp,OTHER
11527,11530,481,2300,503,2336,"ret,",22,36,"ret,",OTHER
11532,11535,509,2297,552,2335,plan,43,38,plan,OTHER
11537,11539,561,2296,576,2333,ard,15,37,ard,OTHER
11541,11545,583,2293,611,2332,party,28,39,party,OTHER
11547,11550,618,2291,637,2329,sick,19,38,sick,OTHER
11552,11554,643,2287,672,2327,pay,29,40,pay,OTHER
11608,11609,1175,2298,1188,2338,13,13,40,13,OTHER
11611,11614,1194,2298,1214,2338,stat,20,40,stat,OTHER
11616,11618,1220,2298,1248,2338,emp,28,40,emp,OTHER
11620,11623,1254,2297,1276,2337,ret.,22,40,ret.,OTHER
11625,11628,1283,2296,1325,2336,plan,42,40,plan,OTHER
11630,11632,1333,2295,1349,2335,ard,16,40,ard,OTHER
11634,11638,1356,2294,1383,2334,party,27,40,party,OTHER
11640,11643,1390,2293,1411,2332,sick,21,39,sick,OTHER
11645,11647,1418,2291,1448,2330,pay,30,39,pay,OTHER
11702,11704,1990,2285,2001,2325,i'd,11,40,i'd,OTHER
11706,11709,2008,2286,2029,2326,stat,21,40,stat,OTHER
11711,11713,2036,2288,2060,2327,emp,24,39,emp,OTHER
11715,11717,2067,2289,2083,2327,ret,16,38,ret,OTHER
11719,11719,1028,2336,1032,2366,.,4,30,.,OTHER
11721,11724,2095,2290,2140,2328,plan,45,38,plan,OTHER
11726,11728,2147,2291,2163,2327,ard,16,36,ard,OTHER
11730,11734,2170,2291,2197,2327,party,27,36,party,OTHER
11736,11739,2204,2291,2225,2326,sick,21,35,sick,OTHER
11741,11743,2232,2290,2259,2325,pay,27,35,pay,OTHER
11745,11747,98,2335,128,2362,eff,30,27,eff,OTHER
11749,11757,133,2336,215,2367,employees,82,31,employees,OTHER
11759,11763,219,2337,265,2367,name.,46,30,name.,OTHER
11765,11771,269,2335,329,2367,address,60,32,address,OTHER
11773,11775,333,2334,360,2365,and,27,31,and,OTHER
11777,11779,364,2332,390,2364,zip,26,32,zip,OTHER
11781,11784,394,2327,439,2362,code,45,35,code,OTHER
11835,11837,866,2335,897,2364,elf,31,29,elf,OTHER
11839,11847,900,2336,982,2366,employees,82,30,employees,OTHER
11849,11852,986,2336,1024,2366,name,38,30,name,OTHER
11854,11854,1308,2502,1311,2533,.,3,31,.,OTHER
11856,11862,1036,2335,1097,2366,address,61,31,address,OTHER
11864,11866,1101,2334,1128,2365,and,27,31,and,OTHER
11868,11870,1132,2333,1157,2364,zip,25,31,zip,OTHER
11872,11875,1162,2331,1208,2363,code,46,32,code,OTHER
11930,11932,1679,2336,1711,2365,elf,32,29,elf,OTHER
11934,11942,1715,2336,1795,2367,employees,80,31,employees,OTHER
11944,11948,1800,2337,1846,2367,name.,46,30,name.,OTHER
11950,11956,1850,2336,1908,2367,address,58,31,address,OTHER
11958,11960,1913,2335,1940,2365,and,27,30,and,OTHER
11962,11964,1945,2333,1970,2364,zip,25,31,zip,OTHER
11966,11969,1975,2331,2021,2363,code,46,32,code,OTHER
11977,11981,152,2381,223,2411,diana,71,30,diana,OTHER
11983,11989,243,2378,341,2407,mathews,98,29,mathews,OTHER
12071,12075,946,2381,1018,2410,diana,72,29,diana,OTHER
12077,12083,1036,2378,1136,2408,mathews,100,30,mathews,OTHER
12164,12168,1758,2381,1831,2410,diana,73,29,diana,OTHER
12170,12176,1847,2379,1948,2408,mathews,101,29,mathews,OTHER
12185,12186,167,2406,199,2437,67,32,31,67,OTHER
12188,12193,205,2406,290,2435,andrew,85,29,andrew,OTHER
12195,12198,296,2406,356,2436,walk,60,30,walk,OTHER
12279,12281,949,2407,992,2436,867,43,29,867,OTHER
12283,12288,998,2407,1082,2435,andrew,84,28,andrew,OTHER
12290,12292,1088,2407,1126,2434,wal,38,27,wal,OTHER
12373,12374,1772,2407,1807,2437,67,35,30,67,OTHER
12376,12381,1811,2406,1896,2436,andrew,85,30,andrew,OTHER
12383,12385,1902,2406,1935,2435,wal,33,29,wal,OTHER
12393,12396,151,2434,213,2465,east,62,31,east,OTHER
12398,12409,218,2434,382,2465,soniaborough,164,31,soniaborough,OTHER
12411,12412,388,2434,422,2465,co,34,31,co,OTHER
12414,12423,427,2432,562,2465,23387-9035,135,33,23387-9035,OTHER
12486,12489,945,2433,1004,2463,east,59,30,east,OTHER
12491,12502,1012,2434,1173,2465,soniaborough,161,31,soniaborough,OTHER
12504,12505,1181,2434,1212,2465,co,31,31,co,OTHER
12507,12516,1220,2431,1356,2465,23387-9035,136,34,23387-9035,OTHER
12581,12584,1758,2435,1819,2466,east,61,31,east,OTHER
12586,12597,1825,2434,1988,2466,soniaborough,163,32,soniaborough,OTHER
12599,12600,1993,2433,2028,2465,co,35,32,co,OTHER
12602,12611,2034,2432,2169,2464,23387-9035,135,32,23387-9035,OTHER
12616,12620,139,2500,184,2530,state,45,30,state,OTHER
12629,12638,228,2501,304,2536,implovers',76,35,implovers',OTHER
12640,12644,309,2499,340,2531,state,31,32,state,OTHER
12646,12647,345,2498,357,2530,id,12,32,id,OTHER
12649,12651,362,2497,400,2529,no.,38,32,no.,OTHER
12653,12654,405,2497,433,2529,16,28,32,16,OTHER
12656,12660,445,2497,482,2529,state,37,32,state,OTHER
12662,12667,487,2498,537,2532,"wages,",50,34,"wages,",OTHER
12669,12672,2094,2057,2135,2088,tips,41,31,tips,OTHER
12673,12673,2122,2500,2125,2533,.,3,33,.,OTHER
12675,12678,579,2504,616,2537,elf.,37,33,elf.,OTHER
12680,12680,621,2508,623,2538,1,2,30,1,OTHER
12682,12682,628,2509,638,2539,1,10,30,1,OTHER
12703,12704,869,2501,890,2526,15,21,25,15,OTHER
12706,12710,906,2502,951,2533,state,45,31,state,OTHER
12722,12731,1021,2499,1096,2533,emplovers',75,34,emplovers',OTHER
12733,12737,1102,2498,1133,2530,state,31,32,state,OTHER
12739,12740,1138,2498,1149,2529,10,11,31,10,OTHER
12742,12743,1154,2498,1175,2529,no,21,31,no,OTHER
12745,12746,1181,2497,1207,2529,16,26,32,16,OTHER
12748,12752,1219,2498,1254,2530,state,35,32,state,OTHER
12754,12758,1259,2500,1302,2532,wanes,43,32,wanes,OTHER
12760,12760,535,2557,539,2588,.,4,31,.,OTHER
12762,12766,541,2501,574,2534,tips.,33,33,tips.,OTHER
12768,12769,1352,2505,1387,2538,50,35,33,50,OTHER
12771,12772,1393,2509,1411,2540,11,18,31,11,OTHER
12799,12800,1679,2499,1706,2528,15,27,29,15,OTHER
12802,12806,1718,2498,1768,2533,state,50,35,state,OTHER
12818,12827,1833,2498,1910,2534,emplovers',77,36,emplovers',OTHER
12829,12833,1916,2496,1946,2531,state,30,35,state,OTHER
12835,12836,1951,2496,1963,2530,id,12,34,id,OTHER
12838,12839,1968,2496,1988,2530,no,20,34,no,OTHER
12841,12842,1993,2496,2022,2530,16,29,34,16,OTHER
12844,12848,2031,2497,2068,2531,state,37,34,state,OTHER
12850,12854,2074,2498,2116,2533,wades,42,35,wades,OTHER
12856,12856,602,2561,612,2589,.,10,28,.,OTHER
12858,12862,2130,2501,2162,2535,"tips,",32,34,"tips,",OTHER
12864,12865,2168,2504,2183,2537,$6,15,33,$6,OTHER
12867,12867,2189,2506,2202,2538,0,13,32,0,OTHER
12869,12869,2208,2508,2211,2539,1,3,31,1,OTHER
12871,12871,2216,2509,2223,2540,1,7,31,1,OTHER
12874,12875,103,2557,121,2579,17,18,22,17,OTHER
12877,12881,142,2559,180,2583,state,38,24,state,OTHER
12883,12888,182,2559,238,2583,income,56,24,income,OTHER
12890,12892,240,2558,265,2583,tax,25,25,tax,OTHER
12920,12924,442,2555,483,2586,local,41,31,local,OTHER
12926,12930,486,2556,531,2587,wanes,45,31,wanes,OTHER
12932,12932,1308,2558,1312,2587,.,4,29,.,OTHER
12934,12937,543,2558,567,2588,tips,24,30,tips,OTHER
12939,12939,571,2559,575,2588,",",4,29,",",OTHER
12941,12943,579,2559,598,2589,etc,19,30,etc,OTHER
12945,12945,1344,2560,1348,2588,.,4,28,.,OTHER
13003,13004,1178,2553,1210,2586,18,32,33,18,OTHER
13006,13010,1217,2554,1255,2586,local,38,32,local,OTHER
13012,13016,1259,2555,1304,2587,wades,45,32,wades,OTHER
13018,13018,2123,2556,2127,2587,.,4,31,.,OTHER
13020,13023,1316,2558,1340,2588,tips,24,30,tips,OTHER
13025,13025,2158,2558,2165,2589,.,7,31,.,OTHER
13027,13030,1352,2560,1399,2590,etc.,47,30,etc.,OTHER
13059,13060,1681,2555,1706,2580,17,25,25,17,OTHER
13062,13066,1723,2556,1761,2583,state,38,27,state,OTHER
13068,13073,1763,2558,1820,2585,income,57,27,income,OTHER
13075,13076,1821,2560,1839,2586,ta,18,26,ta,OTHER
13103,13104,1994,2555,2020,2585,18,26,30,18,OTHER
13106,13110,2029,2555,2071,2585,local,42,30,local,OTHER
13112,13116,2074,2555,2119,2587,wanes,45,32,wanes,OTHER
13118,13118,620,2575,625,2602,.,5,27,.,OTHER
13120,13123,2130,2557,2155,2588,tips,25,31,tips,OTHER
13125,13125,200,2629,207,2656,.,7,27,.,OTHER
13127,13130,2168,2559,2211,2592,etc.,43,33,etc.,OTHER
13136,13139,152,2574,189,2599,9890,37,25,9890,OTHER
13141,13143,190,2571,230,2597,.81,40,26,.81,OTHER
13195,13200,562,2573,616,2602,223404,54,29,223404,OTHER
13202,13202,993,2628,1000,2654,.,7,26,.,OTHER
13204,13205,629,2576,646,2602,77,17,26,77,OTHER
13228,13231,945,2572,982,2596,9890,37,24,9890,OTHER
13233,13235,983,2573,1021,2598,.81,38,25,.81,OTHER
13238,13239,100,2616,126,2644,19,26,28,19,OTHER
13241,13245,152,2629,198,2658,36199,46,29,36199,OTHER
13253,13253,141,2615,157,2642,l,16,27,l,OTHER
13255,13255,1806,2630,1814,2655,.,8,25,.,OTHER
13257,13259,209,2622,260,2655,412,51,33,412,OTHER
13291,13292,409,2616,431,2642,20,22,26,20,OTHER
13294,13301,443,2616,502,2644,locality,59,28,locality,OTHER
13303,13306,505,2616,557,2646,name,52,30,name,OTHER
13345,13349,945,2627,991,2655,36199,46,28,36199,OTHER
13353,13354,1002,2624,1028,2653,41,26,29,41,OTHER
13378,13379,1179,2613,1205,2641,20,26,28,20,OTHER
13381,13388,1216,2614,1277,2644,locality,61,30,locality,OTHER
13390,13393,1280,2616,1331,2646,name,51,30,name,OTHER
13441,13445,1758,2629,1804,2655,36199,46,26,36199,OTHER
13449,13450,1816,2626,1842,2653,41,26,27,41,OTHER
13470,13477,2028,2614,2087,2647,locality,59,33,locality,OTHER
13479,13482,2091,2621,2142,2651,name,51,30,name,OTHER
13484,13490,2146,2626,2220,2657,madison,74,31,madison,OTHER
13492,13498,638,2634,706,2662,terrace,68,28,terrace,OTHER
13563,13569,560,2630,637,2659,madison,77,29,madison,OTHER
13571,13577,1411,2633,1479,2659,terrace,68,26,terrace,OTHER
13645,13651,1333,2631,1408,2659,madison,75,28,madison,OTHER
13653,13659,2224,2631,2287,2661,terrace,63,30,terrace,OTHER
13679,13685,230,2677,315,2706,federal,85,29,federal,OTHER
13705,13710,417,2681,468,2705,filing,51,24,filing,OTHER
13731,13734,592,2678,643,2701,copy,51,23,copy,OTHER
13772,13774,1014,2672,1050,2706,ms.,36,34,ms.,OTHER
13776,13780,1055,2673,1112,2710,state,57,37,state,OTHER
13794,13799,1189,2684,1237,2705,filing,48,21,filing,OTHER
13811,13814,1368,2675,1416,2702,copy,48,27,copy,OTHER
13866,13869,1813,2675,1849,2705,city,36,30,city,OTHER
13871,13872,1854,2675,1876,2705,or,22,30,or,OTHER
13874,13878,1880,2675,1945,2713,local,65,38,local,OTHER
13880,13885,2002,2681,2053,2708,filing,51,27,filing,OTHER
13905,13908,2179,2677,2230,2700,copy,51,23,copy,OTHER
13941,13944,325,2706,388,2734,wage,63,28,wage,OTHER
13946,13948,426,2702,468,2725,and,42,23,and,OTHER
13950,13952,504,2705,539,2727,tax,35,22,tax,OTHER
14040,14042,1198,2699,1240,2728,and,42,29,and,OTHER
14044,14046,1277,2702,1310,2727,tax,33,25,tax,OTHER
14125,14128,1921,2705,1983,2734,wage,62,29,wage,OTHER
14130,14132,2011,2702,2052,2732,and,41,30,and,OTHER
14134,14136,2090,2702,2127,2726,tax,37,24,tax,OTHER
14169,14177,319,2731,417,2756,statement,98,25,statement,OTHER
14204,14207,583,2741,668,2774,2018,85,33,2018,OTHER
14228,14230,106,2742,174,2771,w-2,68,29,w-2,OTHER
14260,14267,1110,2730,1203,2757,tatement,93,27,tatement,OTHER
14286,14289,1359,2740,1444,2772,2018,85,32,2018,OTHER
14326,14328,1686,2741,1754,2773,w-2,68,32,w-2,OTHER
14352,14360,1911,2729,2010,2753,statement,99,24,statement,OTHER
14380,14383,2166,2742,2252,2774,2018,86,32,2018,OTHER
14386,14388,874,2744,943,2770,w-2,69,26,w-2,OTHER
14390,14393,99,2779,132,2806,copy,33,27,copy,OTHER
14395,14395,136,2780,148,2807,b,12,27,b,OTHER
14397,14398,152,2780,163,2807,to,11,27,to,OTHER
14400,14401,168,2780,185,2807,be,17,27,be,OTHER
14403,14407,189,2780,218,2807,filed,29,27,filed,OTHER
14409,14412,223,2781,250,2807,with,27,26,with,OTHER
14414,14423,255,2781,329,2807,employee's,74,26,employee's,OTHER
14425,14431,334,2781,385,2806,federal,51,25,federal,OTHER
14433,14438,391,2780,440,2806,income,49,26,income,OTHER
14440,14442,445,2780,468,2805,tax,23,25,tax,OTHER
14444,14449,473,2779,520,2804,return,47,25,return,OTHER
14451,14453,561,2778,596,2809,ome,35,31,ome,OTHER
14455,14457,600,2776,626,2806,no.,26,30,no.,OTHER
14459,14467,630,2777,702,2809,1545-0008,72,32,1545-0008,OTHER
14480,14483,867,2778,901,2805,copy,34,27,copy,OTHER
14487,14488,918,2778,930,2804,to,12,26,to,OTHER
14490,14491,935,2778,951,2804,be,16,26,be,OTHER
14493,14497,956,2778,983,2806,filed,27,28,filed,OTHER
14499,14499,989,2780,997,2807,w,8,27,w,OTHER
14505,14509,1061,2780,1097,2807,yee's,36,27,yee's,OTHER
14511,14515,1100,2780,1136,2807,state,36,27,state,OTHER
14517,14522,1140,2779,1192,2806,income,52,27,income,OTHER
14524,14526,1196,2779,1220,2805,tax,24,26,tax,OTHER
14528,14533,1225,2779,1270,2804,return,45,25,return,OTHER
14535,14537,1334,2777,1368,2809,omb,34,32,omb,OTHER
14539,14541,1373,2775,1398,2805,no.,25,30,no.,OTHER
14543,14551,1402,2775,1472,2807,1545-0008,70,32,1545-0008,OTHER
14576,14579,1680,2778,1714,2805,copy,34,27,copy,OTHER
14583,14584,1731,2778,1742,2806,to,11,28,to,OTHER
14586,14587,1747,2778,1764,2806,be,17,28,be,OTHER
14589,14593,1769,2779,1797,2807,filed,28,28,filed,OTHER
14595,14598,1803,2780,1831,2807,with,28,27,with,OTHER
14611,14612,1987,2782,2000,2804,al,13,22,al,OTHER
14614,14619,2002,2781,2056,2806,income,54,25,income,OTHER
14621,14623,2058,2781,2084,2807,tax,26,26,tax,OTHER
14625,14630,2087,2780,2139,2807,return,52,27,return,OTHER
14632,14634,2148,2779,2184,2807,omb,36,28,omb,OTHER
14636,14638,2186,2779,2214,2807,no.,28,28,no.,OTHER
14640,14648,2216,2777,2297,2807,1545-0008,81,30,1545-0008,OTHER
