start_index,end_index,x_top_left,y_top_left,x_bottom_right,y_bottom_right,transcript,box_width,box_height,combined_text,predicted_field
0,0,403,173,426,196,ew,23,23,ew,OTHER
0,0,450,173,514,196,8000-spel,64,23,8000-spel,OTHER
0,0,125,1089,210,1117,716-88-921,85,28,716-88-921,OTHER
0,0,1033,2055,1093,2074,43272.3,60,19,43272.3,OTHER
0,0,1443,2140,1459,2160,tax,16,20,tax,OTHER
0,0,1665,2287,1730,2310,returnonb,65,23,returnonb,OTHER
97,100,784,30,892,71,2018,108,41,2018,OTHER
102,104,903,32,992,72,w-2,89,40,w-2,OTHER
106,108,1007,32,1091,73,and,84,41,and,OTHER
110,117,1105,32,1354,73,earnings,249,41,earnings,OTHER
119,125,1371,30,1615,73,summary,244,43,summary,OTHER
184,186,1767,20,1834,58,adp,67,38,adp,OTHER
205,212,118,84,201,105,employee,83,21,employee,OTHER
214,222,254,82,348,102,reference,94,20,reference,OTHER
235,237,420,81,457,101,cop,37,20,cop,OTHER
280,283,716,77,764,103,this,48,26,this,OTHER
285,288,767,78,819,103,blue,52,25,blue,OTHER
290,297,823,78,929,103,earnings,106,25,earnings,OTHER
299,305,932,79,1043,103,summary,111,24,summary,OTHER
307,313,1047,80,1130,103,section,83,23,section,OTHER
315,316,1134,80,1156,103,is,22,23,is,OTHER
318,325,1159,80,1258,103,included,99,23,included,OTHER
327,330,1262,80,1312,103,with,50,23,with,OTHER
332,335,1316,80,1368,103,your,52,23,your,OTHER
337,339,1372,80,1421,103,w-2,49,23,w-2,OTHER
341,342,1426,80,1448,103,to,22,23,to,OTHER
344,347,1453,79,1506,103,help,53,24,help,OTHER
349,356,1511,79,1607,103,describe,96,24,describe,OTHER
358,365,1611,78,1704,103,portions,93,25,portions,OTHER
367,368,1709,78,1731,103,in,22,25,in,OTHER
370,373,1735,77,1798,103,more,63,26,more,OTHER
375,381,1806,77,1867,102,detail.,61,25,detail.,OTHER
414,417,203,106,255,133,wage,52,27,wage,OTHER
419,421,286,110,312,129,and,26,19,and,OTHER
423,425,351,111,381,131,tax,30,20,tax,OTHER
475,477,717,103,758,129,the,41,26,the,OTHER
479,485,762,104,848,130,reverse,86,26,reverse,OTHER
487,490,853,105,902,130,side,49,25,side,OTHER
492,499,906,106,1003,130,includes,97,24,includes,OTHER
501,507,1007,107,1093,130,general,86,23,general,OTHER
509,519,1098,107,1227,130,information,129,23,information,OTHER
521,524,1232,107,1275,130,that,43,23,that,OTHER
526,528,1280,107,1321,130,you,41,23,you,OTHER
530,532,1326,107,1378,130,may,52,23,may,OTHER
534,537,1383,106,1431,130,also,48,24,also,OTHER
539,542,1436,106,1479,130,find,43,24,find,OTHER
544,550,1484,104,1560,130,helpful,76,26,helpful,OTHER
552,554,20,138,82,167,w-2,62,29,w-2,OTHER
583,591,203,128,269,153,statement,66,25,statement,OTHER
597,600,413,139,483,168,2018,70,29,2018,taxYear
602,605,17,183,48,201,copy,31,18,copy,OTHER
607,607,50,182,60,201,c,10,19,c,OTHER
609,611,63,182,79,201,for,16,19,for,OTHER
613,622,82,182,148,201,employee's,66,19,employee's,OTHER
624,631,151,182,197,202,records.,46,20,records.,OTHER
703,704,778,179,798,204,1.,20,25,1.,OTHER
706,708,803,179,839,204,the,36,25,the,OTHER
710,718,844,179,934,204,following,90,25,following,OTHER
720,730,939,179,1056,205,information,117,26,information,OTHER
732,739,1061,179,1137,205,reflects,76,26,reflects,OTHER
741,744,1142,179,1189,205,your,47,26,your,OTHER
746,750,1194,179,1237,205,final,43,26,final,OTHER
752,755,1242,179,1291,205,2018,49,26,2018,OTHER
757,759,1295,180,1334,205,pay,39,25,pay,OTHER
761,764,1339,180,1384,205,stub,45,25,stub,OTHER
766,769,1389,180,1434,205,plus,45,25,plus,OTHER
771,773,1439,180,1475,205,any,36,25,any,OTHER
775,785,1480,180,1607,205,adjustments,127,25,adjustments,OTHER
787,795,1612,180,1712,205,submitted,100,25,submitted,OTHER
797,798,1717,180,1743,205,by,26,25,by,OTHER
800,803,1748,181,1795,206,your,47,25,your,OTHER
805,813,1800,181,1908,206,employer.,108,25,employer.,OTHER
822,827,57,204,91,227,introl,34,23,introl,OTHER
829,834,93,200,154,227,number,61,27,number,OTHER
836,838,217,211,246,235,150,29,24,150,OTHER
840,844,270,204,306,228,corp.,36,24,corp.,OTHER
864,871,444,205,500,229,employer,56,24,employer,OTHER
928,928,443,1036,446,1065,s,3,29,s,OTHER
930,930,436,791,450,813,0,14,22,0,OTHER
931,931,275,1695,288,1714,0,13,19,0,OTHER
932,932,912,1692,926,1715,0,14,23,0,OTHER
933,935,503,205,525,228,use,22,23,use,OTHER
998,998,270,1644,281,1662,8,11,18,8,OTHER
1000,1003,528,205,563,229,only,35,24,only,OTHER
1005,1011,18,214,80,237,7675575,62,23,7675575,OTHER
1113,1117,840,216,874,240,gross,34,24,gross,OTHER
1119,1121,879,217,902,240,pay,23,23,pay,OTHER
1127,1134,976,217,1026,238,113780.5,50,21,113780.5,OTHER
1141,1146,1131,221,1173,240,social,42,19,social,OTHER
1148,1155,1175,222,1225,242,security,50,20,security,OTHER
1157,1163,1281,214,1330,236,6007.46,49,22,6007.46,OTHER
1171,1173,1444,219,1464,238,dc.,20,19,dc.,OTHER
1175,1179,1468,219,1499,238,state,31,19,state,OTHER
1181,1186,1503,219,1552,237,income,49,18,income,OTHER
1188,1190,1555,219,1578,238,tax,23,19,tax,OTHER
1192,1198,1638,218,1682,239,4006.82,44,21,4006.82,OTHER
1336,1338,1131,236,1155,257,tax,24,21,tax,OTHER
1476,1478,1446,238,1471,255,box,25,17,box,OTHER
1480,1480,1159,253,1167,274,4,8,21,4,OTHER
1481,1488,1157,236,1224,257,withheld,67,21,withheld,OTHER
1633,1634,1491,238,1504,255,of,13,17,of,OTHER
1636,1638,1185,252,1219,274,w.2,34,22,w.2,OTHER
1657,1659,1130,250,1156,274,box,26,24,box,OTHER
1661,1666,1481,254,1533,274,income,52,20,income,OTHER
1840,1841,1473,238,1489,255,17,16,17,17,OTHER
1843,1844,1170,253,1182,274,of,12,21,of,OTHER
1846,1848,1506,238,1537,255,w-2,31,17,w-2,OTHER
1857,1865,58,258,115,282,mplayer's,57,24,mplayer's,OTHER
1867,1871,120,258,161,282,name.,41,24,name.,OTHER
1873,1880,165,259,218,282,"address,",53,23,"address,",OTHER
1882,1884,222,259,246,281,and,24,22,and,OTHER
1886,1888,250,259,270,280,zip,20,21,zip,OTHER
1890,1893,274,259,315,280,code,41,21,code,OTHER
2031,2033,1534,255,1558,275,tax,24,20,tax,OTHER
2037,2044,1637,254,1691,275,13058.76,54,21,13058.76,OTHER
2053,2059,62,276,148,303,collins,86,27,collins,employerName
2061,2063,152,277,190,301,and,38,24,and,employerName
2065,2068,194,277,247,300,sons,53,23,sons,employerName
2070,2072,250,278,291,300,and,41,22,and,employerName
2074,2077,295,279,339,300,sons,44,21,sons,employerName
2212,2214,1444,276,1470,297,box,26,21,box,OTHER
2216,2217,1474,276,1488,297,19,14,21,19,OTHER
2219,2220,1491,276,1503,297,of,12,21,of,OTHER
2222,2224,1506,277,1535,298,w-2,29,21,w-2,OTHER
2233,2237,62,301,124,327,81342,62,26,81342,employerAddressStreet_name
2239,2242,129,301,179,325,cook,50,24,cook,employerAddressStreet_name
2244,2247,183,300,230,324,view,47,24,view,employerAddressStreet_name
2334,2337,839,303,866,326,fed.,27,23,fed.,OTHER
2339,2344,870,303,924,325,income,54,22,income,OTHER
2346,2353,969,301,1027,321,18624.36,58,20,18624.36,OTHER
2361,2368,1129,303,1191,324,medicare,62,21,medicare,OTHER
2370,2372,1194,303,1218,323,tax,24,20,tax,OTHER
2381,2387,1306,301,1354,321,2638.04,48,20,2638.04,OTHER
2397,2404,63,327,159,352,chadfort,96,25,chadfort,employerAddressCity
2406,2407,162,328,189,352,sc,27,24,sc,employerAddressState
2409,2418,240,328,352,351,12614-7580,112,23,12614-7580,employerAddressZip
2497,2499,840,329,863,354,tax,23,25,tax,OTHER
2501,2508,867,329,922,351,withheld,55,22,withheld,OTHER
2524,2531,1127,335,1194,357,withheld,67,22,withheld,OTHER
2556,2566,1446,330,1519,353,sui/sdi/fli,73,23,sui/sdi/fli,OTHER
2677,2679,842,352,865,375,box,23,23,box,OTHER
2681,2681,869,352,877,374,2,8,22,2,OTHER
2683,2684,880,351,891,374,of,11,23,of,OTHER
2686,2688,895,350,930,373,w-2,35,23,w-2,OTHER
2704,2706,1130,351,1155,373,box,25,22,box,OTHER
2708,2708,1158,351,1167,372,6,9,21,6,OTHER
2710,2711,1170,351,1182,372,of,12,21,of,OTHER
2713,2715,1184,352,1214,373,w.2,30,21,w.2,OTHER
2735,2737,1446,351,1470,375,box,24,24,box,OTHER
2739,2740,1473,350,1488,373,14,15,23,14,OTHER
2742,2743,1492,350,1503,373,of,11,23,of,OTHER
2745,2747,1507,352,1529,374,w-2,22,22,w-2,OTHER
2783,2787,268,409,329,432,batch,61,23,batch,OTHER
2789,2794,415,407,485,432,#02021,70,25,#02021,OTHER
2799,2807,48,449,119,470,employees,71,21,employees,OTHER
2809,2813,122,450,163,470,"name,",41,20,"name,",OTHER
2815,2821,167,450,217,470,address,50,20,address,OTHER
2823,2825,220,450,244,470,and,24,20,and,OTHER
2827,2829,247,450,268,470,zip,21,20,zip,OTHER
2831,2834,271,450,305,469,code,34,19,code,OTHER
2937,2938,775,469,798,496,2.,23,27,2.,OTHER
2940,2943,802,469,851,497,your,49,28,your,OTHER
2945,2949,855,470,916,497,gross,61,27,gross,OTHER
2951,2953,921,470,959,497,pay,38,27,pay,OTHER
2955,2957,964,470,1005,497,was,41,27,was,OTHER
2959,2966,1010,470,1099,497,adjusted,89,27,adjusted,OTHER
2968,2969,1104,471,1127,497,as,23,26,as,OTHER
2971,2977,1132,471,1204,497,follows,72,26,follows,OTHER
2979,2980,1209,471,1230,497,to,21,26,to,OTHER
2982,2988,1235,471,1319,497,produce,84,26,produce,OTHER
2990,2993,1324,471,1371,497,your,47,26,your,OTHER
2995,2997,1375,471,1419,497,w-2,44,26,w-2,OTHER
2999,3008,1423,472,1529,497,statement.,106,25,statement.,OTHER
3016,3021,61,500,134,524,ashley,73,24,ashley,employeeName
3023,3029,186,503,251,524,johnson,65,21,johnson,employeeName
3037,3039,63,524,100,548,132,37,24,132,OTHER
3041,3048,103,524,201,548,martinez,98,24,martinez,OTHER
3050,3056,205,524,289,547,prairie,84,23,prairie,OTHER
3058,3062,294,523,355,546,suite,61,23,suite,OTHER
3064,3066,360,523,394,545,042,34,22,042,OTHER
3172,3177,1031,527,1079,550,"wages,",48,23,"wages,",OTHER
3179,3183,1083,527,1114,549,"tips,",31,22,"tips,",OTHER
3185,3188,1117,528,1143,550,othe,26,22,othe,OTHER
3193,3198,1236,526,1277,546,social,41,20,social,OTHER
3200,3204,1280,526,1313,547,secui,33,21,secui,OTHER
3206,3212,1315,527,1365,549,medical,50,22,medical,OTHER
3225,3227,1444,526,1464,547,dc.,20,21,dc.,OTHER
3229,3233,1467,526,1500,548,state,33,22,state,OTHER
3235,3240,1503,526,1561,549,wages.,58,23,wages.,OTHER
3242,3248,1572,526,1617,548,jeffrey,45,22,jeffrey,OTHER
3250,3253,1620,525,1653,548,club,33,23,club,OTHER
3262,3265,63,547,114,573,west,51,26,west,OTHER
3267,3275,118,550,221,573,scottberg,103,23,scottberg,OTHER
3277,3278,225,549,255,572,ne,30,23,ne,OTHER
3280,3289,295,548,398,574,67152-6768,103,26,67152-6768,OTHER
3396,3407,1031,551,1129,573,compensation,98,22,compensation,OTHER
3416,3420,1234,552,1286,577,wages,52,25,wages,OTHER
3421,3425,1314,550,1368,579,wages,54,29,wages,OTHER
3449,3453,1445,553,1474,574,tips.,29,21,tips.,OTHER
3455,3458,1476,553,1512,580,etc.,36,27,etc.,OTHER
3460,3464,1571,553,1608,574,local,37,21,local,OTHER
3466,3471,1610,551,1662,574,"wages,",52,23,"wages,",OTHER
3614,3616,1032,568,1059,588,box,27,20,box,OTHER
3618,3618,1061,569,1069,588,1,8,19,1,OTHER
3620,3621,1071,570,1085,588,of,14,18,of,OTHER
3623,3625,1087,570,1112,589,w-2,25,19,w-2,OTHER
3634,3636,1234,569,1261,592,box,27,23,box,OTHER
3638,3638,1263,570,1273,592,3,10,22,3,OTHER
3640,3641,1275,570,1288,593,of,13,23,of,OTHER
3643,3644,1290,570,1304,593,w.,14,23,w.,OTHER
3646,3646,1307,571,1312,593,2,5,22,2,OTHER
3648,3650,1314,571,1342,593,box,28,22,box,OTHER
3652,3652,1344,571,1353,593,5,9,22,5,OTHER
3654,3655,1355,572,1368,593,of,13,21,of,OTHER
3657,3659,1370,572,1401,593,w-2,31,21,w-2,OTHER
3667,3669,1444,568,1471,592,box,27,24,box,OTHER
3671,3672,1474,569,1488,592,16,14,23,16,OTHER
3674,3675,1491,570,1503,593,of,12,23,of,OTHER
3677,3679,1506,571,1534,595,w-2,28,24,w-2,OTHER
3723,3732,296,605,372,628,employee's,76,23,employee's,OTHER
3734,3744,398,619,488,643,623-61-4393,90,24,623-61-4393,ssnOfEmployee
3800,3802,375,606,400,628,ssa,25,22,ssa,OTHER
3804,3809,167,605,219,627,number,52,22,number,OTHER
3958,3960,1573,587,1599,609,box,26,22,box,OTHER
3962,3963,1601,587,1616,609,18,15,22,18,OTHER
3965,3966,1618,586,1632,609,of,14,23,of,OTHER
3968,3969,1634,586,1655,608,w2,21,22,w2,OTHER
3976,3985,49,606,119,627,employer's,70,21,employer's,OTHER
3993,4002,60,619,152,645,91-8778248,92,26,91-8778248,einEmployerIdentificationNumber
4004,4006,122,606,146,627,fed,24,21,fed,OTHER
4008,4009,149,606,164,627,id,15,21,id,OTHER
4011,4016,403,606,464,632,number,61,26,number,OTHER
4160,4161,1034,631,1052,656,92,18,25,92,OTHER
4163,4171,1066,626,1131,647,113780.48,65,21,113780.48,OTHER
4179,4184,1235,625,1277,648,113780,42,23,113780,OTHER
4186,4193,1323,626,1374,649,715780.5,51,23,715780.5,OTHER
4297,4300,779,653,805,678,less,26,25,less,OTHER
4302,4307,809,651,844,675,401/k),35,24,401/k),OTHER
4309,4314,848,650,891,672,(d.box,43,22,(d.box,OTHER
4316,4317,895,650,909,671,3),14,21,3),OTHER
4338,4340,1033,655,1059,674,964,26,19,964,OTHER
4357,4360,1235,642,1270,662,9294,35,20,9294,OTHER
4368,4373,54,661,95,684,"wages,",41,23,"wages,",OTHER
4375,4379,99,660,126,683,"tips,",27,23,"tips,",OTHER
4381,4385,129,660,163,682,other,34,22,other,OTHER
4387,4391,167,660,206,682,comp.,39,22,comp.,OTHER
4405,4411,299,661,345,684,federal,46,23,federal,OTHER
4413,4418,348,661,396,684,income,48,23,income,OTHER
4420,4422,399,661,419,683,tax,20,22,tax,OTHER
4424,4431,422,660,478,682,withheld,56,22,withheld,OTHER
4504,4511,1235,666,1291,692,18624.36,56,26,18624.36,OTHER
4523,4530,1033,671,1087,695,18624.36,54,24,18624.36,OTHER
4556,4563,1445,671,1501,696,18624.36,56,25,18624.36,OTHER
4577,4580,1580,668,1610,688,8624,30,20,8624,OTHER
4582,4582,1611,672,1621,690,3,10,18,3,OTHER
4686,4689,778,679,804,705,less,26,26,less,OTHER
4691,4695,808,675,844,700,other,36,25,other,OTHER
4696,4698,838,692,862,714,w-2,24,22,w-2,OTHER
4699,4702,848,673,878,696,cafe,30,23,cafe,OTHER
4703,4707,866,691,912,712,wages,46,21,wages,OTHER
4812,4819,780,693,833,716,reported,53,23,reported,OTHER
4830,4832,882,672,910,693,125,28,21,125,OTHER
4851,4855,1033,687,1070,706,29148,37,19,29148,OTHER
4857,4858,1072,687,1091,707,66,19,20,66,OTHER
4870,4877,1234,685,1297,709,89146.66,63,24,89146.66,OTHER
4879,4886,1316,691,1370,711,39148.66,54,20,39148.66,OTHER
4903,4907,1444,684,1480,707,29148,36,23,29148,OTHER
4909,4910,1483,688,1499,709,66,16,21,66,OTHER
4917,4922,51,713,89,734,social,38,21,social,OTHER
4924,4931,92,713,142,734,security,50,21,security,OTHER
4933,4937,144,712,187,734,wages,43,22,wages,OTHER
4954,4959,296,712,337,733,social,41,21,social,OTHER
4961,4968,339,712,390,734,security,51,22,security,OTHER
4969,4975,398,723,464,746,6007.46,66,23,6007.46,OTHER
5035,5037,392,713,414,733,tax,22,20,tax,OTHER
5039,5045,416,712,466,733,withhel,50,21,withhel,OTHER
5052,5059,47,774,107,795,medicare,60,21,medicare,OTHER
5061,5065,110,773,154,793,wages,44,20,wages,OTHER
5067,5069,157,773,181,792,and,24,19,and,OTHER
5071,5074,184,773,212,791,tips,28,18,tips,OTHER
5088,5095,295,774,356,793,medicare,61,19,medicare,OTHER
5097,5099,359,773,380,792,tax,21,19,tax,OTHER
5101,5104,397,787,429,812,2638,32,25,2638,OTHER
5160,5167,383,773,443,793,withheld,60,20,withheld,OTHER
5208,5209,779,769,796,794,3.,17,25,3.,OTHER
5211,5218,801,769,902,794,employee,101,25,employee,OTHER
5220,5222,907,769,947,793,w-4,40,24,w-4,OTHER
5224,5231,952,769,1025,793,profile.,73,24,profile.,OTHER
5233,5234,1030,769,1056,793,to,26,24,to,OTHER
5236,5241,1061,769,1136,793,change,75,24,change,OTHER
5243,5246,1141,769,1187,793,your,46,24,your,OTHER
5248,5255,1192,769,1293,793,employee,101,24,employee,OTHER
5257,5259,1298,769,1339,793,w-4,41,24,w-4,OTHER
5261,5267,1344,769,1408,794,profile,64,25,profile,OTHER
5269,5280,1413,770,1535,794,"information,",122,24,"information,",OTHER
5282,5285,1540,770,1572,794,file,32,24,file,OTHER
5287,5287,1576,770,1588,794,a,12,24,a,OTHER
5289,5291,1592,770,1634,794,new,42,24,new,OTHER
5293,5295,1640,770,1681,794,w-4,41,24,w-4,OTHER
5297,5300,1685,770,1727,795,with,42,25,with,OTHER
5302,5305,1732,770,1777,795,your,45,25,your,OTHER
5307,5313,1781,771,1855,795,payroll,74,24,payroll,OTHER
5315,5319,1860,771,1905,795,dept.,45,24,dept.,OTHER
5328,5335,60,789,133,813,90967.05,73,24,90967.05,OTHER
5380,5380,431,791,434,812,.,3,21,.,OTHER
5389,5394,52,829,88,851,social,36,22,social,OTHER
5396,5403,92,828,141,850,security,49,22,security,OTHER
5405,5408,145,827,173,848,tips,28,21,tips,OTHER
5425,5433,296,826,356,850,allocated,60,24,allocated,OTHER
5435,5438,359,826,391,849,tips,32,23,tips,OTHER
5440,5447,400,839,462,864,30967.05,62,25,30967.05,OTHER
5577,5582,1444,830,1481,850,social,37,20,social,OTHER
5584,5591,1484,831,1532,850,security,48,19,security,OTHER
5593,5598,1535,831,1582,850,number,47,19,number,OTHER
5608,5618,1636,826,1713,846,683-61-4393,77,20,683-61-4393,OTHER
5845,5851,1636,840,1700,862,married,64,22,married,OTHER
5965,5970,843,847,923,871,ashley,80,24,ashley,OTHER
5976,5982,988,848,1078,870,johnson,90,22,johnson,OTHER
6046,6056,1441,861,1515,882,exemptions/,74,21,exemptions/,OTHER
6058,6068,1516,857,1592,881,allowances:,76,24,allowances:,OTHER
6074,6085,46,878,122,900,verification,76,22,verification,OTHER
6087,6090,124,878,155,899,code,31,21,code,OTHER
6109,6110,272,877,292,901,10,20,24,10,OTHER
6112,6120,299,878,369,901,dependent,70,23,dependent,OTHER
6122,6125,372,878,400,901,care,28,23,care,OTHER
6127,6134,403,876,453,900,benefits,50,24,benefits,OTHER
6182,6184,844,884,884,908,132,40,24,132,OTHER
6186,6193,892,884,1003,908,martinez,111,24,martinez,OTHER
6195,6201,1012,884,1106,907,prairie,94,23,prairie,OTHER
6203,6207,1116,883,1186,907,suite,70,24,suite,OTHER
6209,6211,1194,882,1237,906,042,43,24,042,OTHER
6264,6268,1446,890,1484,908,state,38,18,state,OTHER
6270,6270,1486,891,1498,908,:,12,17,:,OTHER
6384,6391,843,916,951,940,chadfort,108,24,chadfort,OTHER
6393,6394,961,917,984,939,sc,23,22,sc,OTHER
6400,6405,1052,917,1129,942,12614-,77,25,12614-,OTHER
6467,6472,1443,907,1493,930,local:,50,23,local:,OTHER
6479,6490,50,930,132,950,nonqualified,82,20,nonqualified,OTHER
6492,6496,135,931,174,949,plans,39,18,plans,OTHER
6508,6510,270,931,296,954,12a,26,23,12a,OTHER
6512,6514,300,930,324,954,see,24,24,see,OTHER
6516,6527,328,929,400,953,instructions,72,24,instructions,OTHER
6529,6531,403,928,422,952,for,19,24,for,OTHER
6533,6535,425,928,452,951,box,27,23,box,OTHER
6537,6538,455,928,476,951,12,21,23,12,OTHER
6546,6548,61,946,92,965,106,31,19,106,OTHER
6554,6558,55,983,94,1003,other,39,20,other,OTHER
6603,6603,385,973,395,995,1,10,22,1,OTHER
6605,6608,398,971,434,994,9294,36,23,9294,OTHER
6643,6645,268,1008,306,1043,120,38,35,120,OTHER
6680,6681,269,1031,277,1066,13,8,35,13,OTHER
6683,6686,283,1032,299,1066,stat,16,34,stat,OTHER
6688,6690,305,1032,326,1066,ers,21,34,ers,OTHER
6692,6693,332,1033,349,1066,re,17,33,re,OTHER
6695,6698,355,1034,391,1066,plan,36,32,plan,OTHER
6700,6702,398,1035,409,1066,ard,11,31,ard,OTHER
6704,6708,416,1036,437,1066,darty,21,30,darty,OTHER
6712,6713,452,1036,459,1065,ck,7,29,ck,OTHER
6715,6717,466,1037,486,1065,fay,20,28,fay,OTHER
6719,6720,18,1075,38,1097,15,20,22,15,OTHER
6722,6726,52,1075,90,1099,state,38,24,state,OTHER
6729,6730,270,1072,290,1097,16,20,25,16,OTHER
6732,6732,1572,1645,1585,1665,8,13,20,8,OTHER
6733,6733,276,2089,288,2109,8,12,20,8,OTHER
6735,6735,648,1694,659,1709,9,11,15,9,OTHER
6736,6736,682,2290,688,2311,2,6,21,2,OTHER
6737,6737,1317,1296,1330,1316,1,13,20,1,OTHER
6749,6758,125,1074,188,1097,employers',63,23,employers',OTHER
6760,6764,191,1074,219,1097,state,28,23,state,OTHER
6766,6767,222,1073,233,1097,id,11,24,id,OTHER
6769,6771,236,1073,264,1097,no.,28,24,no.,OTHER
6773,6773,656,1748,668,1768,1,12,20,1,OTHER
6776,6780,305,1071,336,1097,state,31,26,state,OTHER
6782,6786,340,1071,378,1096,wages,38,25,wages,OTHER
6788,6788,381,1071,386,1096,",",5,25,",",OTHER
6790,6793,389,1070,409,1096,tips,20,26,tips,OTHER
6847,6851,399,1088,434,1113,43272,35,25,43272,OTHER
6852,6852,412,1070,417,1096,",",5,26,",",OTHER
6854,6856,420,1070,436,1096,etc,16,26,etc,OTHER
6858,6858,440,1070,448,1096,.,8,26,.,OTHER
6859,6859,439,1088,447,1113,.,8,25,.,box16StateWagesTips
6866,6870,55,1124,87,1147,state,32,23,state,OTHER
6872,6877,90,1125,138,1147,income,48,22,income,OTHER
6879,6881,141,1125,171,1146,tax,30,21,tax,OTHER
6900,6901,271,1127,290,1148,18,19,21,18,OTHER
6903,6907,302,1126,338,1148,local,36,22,local,OTHER
6909,6914,341,1126,388,1149,"wages,",47,23,"wages,",OTHER
6916,6920,391,1126,419,1150,"tips,",28,24,"tips,",OTHER
6922,6925,420,1127,456,1152,etc.,36,25,etc.,OTHER
6933,6936,62,1142,90,1165,4006,28,23,4006,box17StateIncomeTax
6938,6940,94,1142,125,1165,.82,31,23,.82,box17StateIncomeTax
6983,6991,396,1141,467,1168,113621.34,71,27,113621.34,OTHER
7000,7004,61,1192,100,1214,13058,39,22,13058,OTHER
7006,7006,102,1192,107,1214,.,5,22,.,OTHER
7008,7009,109,1192,134,1214,76,25,22,76,OTHER
7034,7041,302,1179,354,1201,locality,52,22,locality,OTHER
7043,7046,357,1179,400,1203,name,43,24,name,OTHER
7104,7110,398,1195,457,1219,jeffrey,59,24,jeffrey,OTHER
7112,7115,461,1195,498,1219,club,37,24,club,OTHER
7150,7150,778,1194,785,1217,@,7,23,@,OTHER
7152,7155,790,1193,818,1216,2018,28,23,2018,OTHER
7157,7160,823,1193,851,1215,"adp,",28,22,"adp,",OTHER
7162,7164,855,1193,886,1215,llc,31,22,llc,OTHER
7173,7178,49,1301,95,1321,wages.,46,20,wages.,OTHER
7180,7184,97,1301,127,1322,"tips,",30,21,"tips,",OTHER
7186,7190,128,1300,163,1322,other,35,22,other,OTHER
7192,7196,165,1299,208,1322,comp.,43,23,comp.,OTHER
7209,7215,295,1299,344,1323,federal,49,24,federal,OTHER
7217,7222,347,1300,395,1323,income,48,23,income,OTHER
7224,7226,398,1299,419,1323,tax,21,24,tax,OTHER
7228,7235,423,1297,479,1322,withheld,56,25,withheld,OTHER
7254,7259,678,1299,726,1320,"wages,",48,21,"wages,",OTHER
7261,7265,729,1301,756,1321,"tips,",27,20,"tips,",OTHER
7267,7271,759,1301,794,1321,other,35,20,other,OTHER
7273,7277,797,1299,839,1321,comp.,42,22,comp.,OTHER
7289,7295,928,1298,978,1324,federal,50,26,federal,OTHER
7297,7302,982,1299,1030,1324,income,48,25,income,OTHER
7304,7306,1033,1299,1054,1323,tax,21,24,tax,OTHER
7308,7314,1057,1298,1107,1322,withhel,50,24,withhel,OTHER
7342,7342,1323,1749,1336,1767,1,13,18,1,OTHER
7344,7349,1346,1298,1395,1321,"wages,",49,23,"wages,",OTHER
7351,7355,1397,1300,1425,1322,tips.,28,22,tips.,OTHER
7357,7361,1428,1300,1462,1323,other,34,23,other,OTHER
7363,7367,1464,1298,1510,1323,comp.,46,25,comp.,OTHER
7379,7385,1598,1299,1647,1323,federal,49,24,federal,OTHER
7387,7392,1650,1300,1700,1323,income,50,23,income,OTHER
7394,7396,1702,1300,1724,1323,tax,22,23,tax,OTHER
7398,7405,1726,1297,1785,1323,withheld,59,26,withheld,OTHER
7495,7499,712,1314,751,1335,89148,39,21,89148,OTHER
7501,7501,753,1313,759,1334,.,6,21,.,OTHER
7503,7504,761,1311,782,1333,66,21,22,66,OTHER
7511,7516,50,1339,89,1361,social,39,22,social,OTHER
7518,7525,92,1339,141,1361,security,49,22,security,OTHER
7527,7531,143,1339,188,1361,wages,45,22,wages,OTHER
7543,7543,269,1338,284,1360,4,15,22,4,OTHER
7545,7550,297,1337,337,1360,social,40,23,social,OTHER
7552,7559,340,1337,390,1360,security,50,23,security,OTHER
7561,7563,392,1337,414,1360,tax,22,23,tax,OTHER
7565,7572,416,1337,471,1359,withheld,55,22,withheld,OTHER
7591,7596,679,1339,721,1360,social,42,21,social,OTHER
7598,7605,723,1339,772,1359,security,49,20,security,OTHER
7607,7611,774,1338,820,1359,wages,46,21,wages,OTHER
7627,7632,931,1337,971,1362,social,40,25,social,OTHER
7634,7641,975,1336,1024,1361,security,49,25,security,OTHER
7643,7645,1026,1336,1048,1360,tax,22,24,tax,OTHER
7647,7654,1051,1336,1114,1359,withheld,63,23,withheld,OTHER
7680,7680,1316,1339,1328,1357,3,12,18,3,OTHER
7682,7687,1348,1339,1388,1357,social,40,18,social,OTHER
7688,7695,1380,1353,1451,1374,78523.89,71,21,78523.89,OTHER
7881,7888,1390,1339,1442,1358,security,52,19,security,OTHER
7890,7894,1443,1340,1484,1359,wages,41,19,wages,OTHER
7908,7913,1600,1338,1640,1360,social,40,22,social,OTHER
7915,7922,1642,1337,1693,1360,security,51,23,security,OTHER
7923,7926,397,1360,430,1379,6007,33,19,6007,OTHER
8156,8158,1695,1337,1718,1359,tax,23,22,tax,OTHER
8160,8167,1719,1337,1775,1359,withheld,56,22,withheld,OTHER
8403,8405,430,1357,457,1378,.46,27,21,.46,OTHER
8411,8418,59,1352,135,1379,72528.89,76,27,72528.89,OTHER
8460,8463,1032,1355,1064,1377,6007,32,22,6007,OTHER
8465,8467,1065,1354,1096,1375,.46,31,21,.46,OTHER
8496,8503,711,1357,784,1378,78528.89,73,21,78528.89,OTHER
8541,8544,1700,1354,1732,1375,6007,32,21,6007,OTHER
8546,8548,1733,1351,1764,1375,.46,31,24,.46,OTHER
8555,8562,50,1380,107,1401,medicare,57,21,medicare,OTHER
8564,8568,110,1379,153,1401,wages,43,22,wages,OTHER
8570,8572,156,1378,180,1400,and,24,22,and,OTHER
8574,8577,183,1377,208,1400,tips,25,23,tips,OTHER
8587,8587,268,1378,283,1399,5,15,21,5,OTHER
8589,8596,294,1378,355,1400,medicare,61,22,medicare,OTHER
8598,8600,357,1377,380,1400,tax,23,23,tax,OTHER
8602,8605,397,1390,428,1415,2638,31,25,2638,OTHER
8662,8669,382,1375,446,1399,withheld,64,24,withheld,OTHER
8731,8731,431,1393,434,1416,.,3,23,.,OTHER
8732,8732,437,1393,448,1417,d,11,24,d,OTHER
8755,8762,678,1380,739,1399,medicare,61,19,medicare,OTHER
8853,8857,61,1396,99,1420,90967,38,24,90967,OTHER
8858,8862,741,1379,786,1399,wages,45,20,wages,OTHER
8961,8961,754,1394,759,1414,.,5,20,.,OTHER
8963,8964,761,1388,784,1413,05,23,25,05,OTHER
8965,8967,787,1378,813,1399,and,26,21,and,OTHER
8969,8972,814,1377,842,1398,tips,28,21,tips,OTHER
8984,8991,928,1377,991,1401,medicare,63,24,medicare,OTHER
8993,8995,993,1376,1015,1399,tax,22,23,tax,OTHER
8996,8999,1031,1393,1063,1418,2638,32,25,2638,OTHER
9000,9007,1017,1376,1085,1399,withheld,68,23,withheld,OTHER
9150,9150,1065,1396,1070,1419,.,5,23,.,OTHER
9152,9153,1073,1397,1089,1420,04,16,23,04,OTHER
9183,9183,1315,1378,1328,1396,5,13,18,5,OTHER
9185,9192,1345,1379,1407,1398,medicare,62,19,medicare,OTHER
9194,9198,1408,1379,1454,1398,wages,46,19,wages,OTHER
9200,9202,1455,1378,1481,1398,and,26,20,and,OTHER
9204,9207,1481,1377,1507,1398,tips,26,21,tips,OTHER
9219,9226,1596,1378,1659,1399,medicare,63,21,medicare,OTHER
9228,9230,1661,1378,1683,1398,tax,22,20,tax,OTHER
9232,9235,1699,1393,1731,1417,2638,32,24,2638,OTHER
9236,9243,1684,1379,1747,1400,withheld,63,21,withheld,OTHER
9477,9477,1421,1396,1425,1416,.,4,20,.,OTHER
9479,9480,1739,1397,1753,1419,04,14,22,04,OTHER
9487,9491,712,1393,752,1414,90967,40,21,90967,OTHER
9493,9495,102,1392,133,1419,.05,31,27,.05,OTHER
9663,9667,1379,1396,1419,1416,90967,40,20,90967,OTHER
9669,9669,1732,1397,1737,1418,.,5,21,.,OTHER
9671,9672,1427,1393,1450,1416,05,23,23,05,OTHER
9677,9683,44,1421,92,1448,control,48,27,control,OTHER
9685,9690,94,1421,150,1443,number,56,22,number,OTHER
9692,9694,859,1432,890,1458,150,31,26,150,OTHER
9695,9699,269,1423,311,1445,corp.,42,22,corp.,OTHER
9734,9741,445,1422,499,1446,employer,54,24,employer,OTHER
9743,9745,503,1423,525,1447,use,22,24,use,OTHER
9747,9750,529,1425,555,1449,only,26,24,only,OTHER
9752,9752,559,1428,576,1451,",",17,23,",",OTHER
9756,9756,648,1426,661,1446,d,13,20,d,OTHER
9758,9764,675,1423,723,1445,control,48,22,control,OTHER
9766,9771,725,1417,783,1442,number,58,25,number,OTHER
9773,9775,1527,1431,1558,1458,150,31,27,150,OTHER
9815,9822,1079,1420,1135,1445,employer,56,25,employer,OTHER
9824,9826,1138,1423,1160,1445,use,22,22,use,OTHER
9828,9831,1163,1423,1198,1445,only,35,22,only,OTHER
9848,9848,1316,1425,1330,1445,d,14,20,d,OTHER
9850,9856,1344,1422,1390,1445,control,46,23,control,OTHER
9858,9863,1394,1417,1451,1443,number,57,26,number,OTHER
9873,9875,217,1433,245,1457,150,28,24,150,OTHER
9907,9914,1746,1421,1803,1445,employer,57,24,employer,OTHER
9916,9918,1806,1423,1829,1445,use,23,22,use,OTHER
9920,9923,1832,1424,1868,1447,only,36,23,only,OTHER
9930,9939,49,1458,116,1484,employer's,67,26,employer's,OTHER
9941,9945,121,1458,160,1483,"name,",39,25,"name,",OTHER
9947,9954,165,1458,219,1482,"address,",54,24,"address,",OTHER
9956,9958,223,1459,245,1482,and,22,23,and,OTHER
9960,9962,249,1459,271,1482,zip,22,23,zip,OTHER
9964,9967,274,1460,308,1482,code,34,22,code,OTHER
10011,10020,679,1456,748,1481,employer's,69,25,employer's,OTHER
10022,10026,752,1458,793,1482,"name,",41,24,"name,",OTHER
10028,10035,797,1458,849,1482,"address,",52,24,"address,",OTHER
10037,10039,854,1459,877,1482,and,23,23,and,OTHER
10041,10043,881,1459,900,1482,zip,19,23,zip,OTHER
10045,10048,905,1459,943,1481,code,38,22,code,OTHER
10098,10098,1315,1453,1330,1475,c,15,22,c,OTHER
10100,10109,1346,1454,1417,1481,employer's,71,27,employer's,OTHER
10111,10115,1420,1457,1462,1482,name.,42,25,name.,OTHER
10117,10124,1465,1458,1519,1483,"address,",54,25,"address,",OTHER
10126,10128,1522,1458,1545,1483,and,23,25,and,OTHER
10130,10132,1549,1458,1571,1483,zip,22,25,zip,OTHER
10134,10137,1574,1458,1611,1482,code,37,24,code,OTHER
10145,10151,62,1481,144,1504,collins,82,23,collins,OTHER
10153,10155,151,1481,188,1504,and,37,23,and,OTHER
10157,10160,194,1480,245,1504,sons,51,24,sons,OTHER
10162,10164,251,1480,288,1504,and,37,24,and,OTHER
10166,10169,294,1480,342,1503,sons,48,23,sons,OTHER
10229,10235,713,1479,796,1504,collins,83,25,collins,OTHER
10237,10239,802,1481,839,1504,and,37,23,and,OTHER
10241,10244,845,1481,895,1504,sons,50,23,sons,OTHER
10246,10248,901,1481,938,1504,and,37,23,and,OTHER
10250,10253,944,1480,990,1504,sons,46,24,sons,OTHER
10321,10327,1382,1481,1464,1504,collins,82,23,collins,OTHER
10329,10331,1470,1481,1507,1504,and,37,23,and,OTHER
10333,10336,1515,1480,1563,1503,sons,48,23,sons,OTHER
10338,10340,1569,1480,1607,1503,and,38,23,and,OTHER
10342,10345,1613,1480,1659,1503,sons,46,23,sons,OTHER
10353,10357,63,1506,124,1531,81342,61,25,81342,OTHER
10359,10362,127,1504,179,1531,cook,52,27,cook,OTHER
10364,10367,182,1502,233,1529,view,51,27,view,OTHER
10437,10441,714,1505,773,1530,81342,59,25,81342,OTHER
10443,10446,778,1505,829,1530,cook,51,25,cook,OTHER
10448,10451,834,1503,883,1530,view,49,27,view,OTHER
10530,10534,1381,1505,1442,1530,81342,61,25,81342,OTHER
10536,10539,1447,1505,1496,1530,cook,49,25,cook,OTHER
10541,10544,1502,1503,1551,1529,view,49,26,view,OTHER
10553,10560,63,1530,158,1556,chadfort,95,26,chadfort,OTHER
10562,10563,162,1528,191,1555,sc,29,27,sc,OTHER
10565,10574,240,1530,354,1554,12614-7580,114,24,12614-7580,OTHER
10637,10644,713,1530,808,1555,chadfort,95,25,chadfort,OTHER
10646,10647,814,1530,839,1555,sc,25,25,sc,OTHER
10649,10658,890,1530,999,1554,12614-7580,109,24,12614-7580,OTHER
10729,10736,1381,1530,1474,1554,chadfort,93,24,chadfort,OTHER
10738,10739,1482,1529,1507,1554,sc,25,25,sc,OTHER
10741,10750,1558,1531,1667,1554,12614-7580,109,23,12614-7580,OTHER
10757,10766,48,1591,118,1614,employer's,70,23,employer's,OTHER
10768,10770,121,1591,146,1613,fed,25,22,fed,OTHER
10772,10773,149,1591,164,1613,id,15,22,id,OTHER
10775,10780,167,1591,222,1613,number,55,22,number,OTHER
10791,10791,269,1594,283,1614,a,14,20,a,OTHER
10793,10802,296,1590,371,1613,employee's,75,23,employee's,OTHER
10804,10806,374,1590,401,1612,ssa,27,22,ssa,OTHER
10808,10813,404,1590,459,1612,number,55,22,number,OTHER
10835,10844,678,1589,750,1612,employer's,72,23,employer's,OTHER
10932,10941,61,1610,148,1629,91-8778248,87,19,91-8778248,OTHER
10943,10945,752,1591,778,1612,fed,26,21,fed,OTHER
10947,10948,780,1591,796,1612,id,16,21,id,OTHER
10950,10955,798,1591,852,1612,number,54,21,number,OTHER
10973,10982,931,1590,1006,1614,employee's,75,24,employee's,OTHER
10984,10986,1010,1591,1035,1614,ssa,25,23,ssa,OTHER
10988,10993,1038,1590,1098,1614,number,60,24,number,OTHER
11020,11020,1315,1591,1329,1610,b,14,19,b,OTHER
11022,11031,1347,1591,1418,1612,employer's,71,21,employer's,OTHER
11033,11035,1420,1591,1448,1612,fed,28,21,fed,OTHER
11037,11038,1449,1591,1465,1612,id,16,21,id,OTHER
11040,11045,1466,1591,1520,1612,number,54,21,number,OTHER
11227,11236,712,1606,800,1625,91-8778248,88,19,91-8778248,OTHER
11261,11261,1572,1591,1587,1613,a,15,22,a,OTHER
11263,11272,1599,1590,1674,1613,employee's,75,23,employee's,OTHER
11274,11276,1678,1590,1704,1613,ssa,26,23,ssa,OTHER
11278,11283,1707,1590,1765,1613,number,58,23,number,OTHER
11291,11300,1380,1606,1468,1624,91-8778248,88,18,91-8778248,OTHER
11308,11313,52,1643,88,1665,social,36,22,social,OTHER
11315,11322,92,1645,141,1667,security,49,22,security,OTHER
11324,11327,144,1646,169,1668,tips,25,22,tips,OTHER
11343,11351,296,1645,357,1664,allocated,61,19,allocated,OTHER
11353,11356,360,1647,389,1665,tips,29,18,tips,OTHER
11386,11391,680,1644,719,1664,social,39,20,social,OTHER
11393,11400,722,1645,773,1665,security,51,20,security,OTHER
11402,11405,776,1646,796,1666,tips,20,20,tips,OTHER
11426,11434,931,1644,991,1666,allocated,60,22,allocated,OTHER
11436,11439,994,1645,1027,1667,tips,33,22,tips,OTHER
11480,11485,1349,1645,1389,1663,social,40,18,social,OTHER
11487,11494,1391,1646,1442,1666,security,51,20,security,OTHER
11496,11499,1444,1646,1463,1666,tips,19,20,tips,OTHER
11518,11526,1599,1645,1661,1665,allocated,62,20,allocated,OTHER
11528,11531,1663,1646,1695,1668,tips,32,22,tips,OTHER
11540,11544,62,1660,102,1679,78528,40,19,78528,OTHER
11546,11548,103,1663,131,1679,.89,28,16,.89,OTHER
11589,11593,398,1662,437,1682,90967,39,20,90967,OTHER
11595,11595,439,1662,443,1682,.,4,20,.,OTHER
11597,11598,445,1660,463,1681,05,18,21,05,OTHER
11622,11626,713,1662,753,1679,78528,40,17,78528,OTHER
11628,11628,754,1665,759,1679,.,5,14,.,OTHER
11630,11631,760,1664,780,1679,89,20,15,89,OTHER
11673,11677,1032,1662,1071,1683,90967,39,21,90967,OTHER
11679,11679,1073,1662,1078,1683,.,5,21,.,OTHER
11681,11682,1080,1661,1097,1682,05,17,21,05,OTHER
11717,11722,1382,1661,1427,1680,78528.,45,19,78528.,OTHER
11724,11725,1428,1663,1447,1680,89,19,17,89,OTHER
11764,11768,1701,1662,1741,1683,90967,40,21,90967,OTHER
11770,11770,1743,1662,1747,1683,.,4,21,.,OTHER
11772,11773,1749,1661,1767,1682,05,18,21,05,OTHER
11780,11791,48,1696,122,1718,verification,74,22,verification,OTHER
11793,11796,125,1697,161,1718,code,36,21,code,OTHER
11817,11825,298,1696,370,1718,dependent,72,22,dependent,OTHER
11827,11830,372,1698,402,1718,care,30,20,care,OTHER
11832,11839,404,1698,456,1718,benefits,52,20,benefits,OTHER
11859,11870,680,1696,753,1717,verification,73,21,verification,OTHER
11872,11875,755,1697,797,1718,code,42,21,code,OTHER
11900,11908,934,1694,1004,1718,dependent,70,24,dependent,OTHER
11910,11913,1006,1698,1035,1718,care,29,20,care,OTHER
11915,11922,1037,1698,1090,1718,benefits,53,20,benefits,OTHER
11950,11961,1346,1697,1422,1717,verification,76,20,verification,OTHER
11963,11966,1423,1697,1459,1718,code,36,21,code,OTHER
11989,11990,1573,1695,1592,1715,10,19,20,10,OTHER
11992,12000,1602,1696,1672,1718,dependent,70,22,dependent,OTHER
12002,12005,1675,1697,1703,1718,care,28,21,care,OTHER
12007,12014,1705,1698,1758,1718,benefits,53,20,benefits,OTHER
12155,12157,1032,1715,1060,1731,112,28,16,112,OTHER
12163,12174,51,1748,133,1771,nonqualified,82,23,nonqualified,OTHER
12176,12180,136,1749,171,1772,plans,35,23,plans,OTHER
12198,12200,269,1747,297,1770,12a,28,23,12a,OTHER
12202,12204,300,1748,324,1771,see,24,23,see,OTHER
12206,12217,327,1748,401,1771,instructions,74,23,instructions,OTHER
12219,12221,403,1748,420,1771,for,17,23,for,OTHER
12223,12225,423,1746,452,1770,box,29,24,box,OTHER
12227,12228,454,1745,473,1769,12,19,24,12,OTHER
12241,12241,1687,1799,1699,1818,1,12,19,1,OTHER
12243,12254,682,1748,764,1770,nonqualified,82,22,nonqualified,OTHER
12256,12260,767,1749,808,1770,plans,41,21,plans,OTHER
12280,12282,904,1747,932,1770,12a,28,23,12a,OTHER
12284,12286,934,1748,960,1771,see,26,23,see,OTHER
12288,12299,962,1749,1036,1771,instructions,74,22,instructions,OTHER
12301,12303,1038,1749,1057,1771,for,19,22,for,OTHER
12305,12307,1059,1748,1086,1771,box,27,23,box,OTHER
12309,12310,1088,1747,1109,1770,12,21,23,12,OTHER
12333,12333,1688,1817,1698,1838,1,10,21,1,OTHER
12335,12346,1349,1748,1433,1769,nonqualified,84,21,nonqualified,OTHER
12348,12352,1435,1747,1476,1769,plans,41,22,plans,OTHER
12373,12375,1572,1749,1600,1770,12a,28,21,12a,OTHER
12377,12379,1602,1749,1628,1770,see,26,21,see,OTHER
12381,12392,1630,1749,1704,1770,instructions,74,21,instructions,OTHER
12394,12396,1706,1748,1724,1770,for,18,22,for,OTHER
12398,12400,1726,1747,1755,1770,box,29,23,box,OTHER
12402,12403,1756,1747,1776,1769,12,20,22,12,OTHER
12410,12412,62,1766,90,1783,106,28,17,106,OTHER
12493,12495,712,1766,741,1782,106,29,16,106,OTHER
12585,12587,1380,1765,1408,1780,106,28,15,106,OTHER
12589,12590,18,1800,35,1816,14,17,16,14,OTHER
12592,12596,55,1801,92,1820,other,37,19,other,OTHER
12671,12672,650,1801,666,1816,14,16,15,14,OTHER
12674,12678,685,1801,724,1819,other,39,18,other,OTHER
12763,12764,1317,1801,1334,1816,14,17,15,14,OTHER
12766,12770,1354,1802,1390,1818,other,36,16,other,OTHER
12807,12809,269,1804,295,1822,12b,26,18,12b,OTHER
12845,12847,268,1831,301,1860,120,33,29,120,OTHER
12865,12867,398,1817,427,1837,689,29,20,689,OTHER
12923,12923,385,1833,396,1854,1,11,21,1,OTHER
12925,12927,397,1835,430,1859,525,33,24,525,OTHER
13047,13049,904,1804,932,1824,12b,28,20,12b,OTHER
13169,13171,907,1819,930,1839,12c,23,20,12c,OTHER
13290,13292,903,1832,939,1862,12d,36,30,12d,OTHER
13314,13316,1032,1821,1066,1850,685,34,29,685,OTHER
13525,13527,1572,1804,1599,1823,12b,27,19,12b,OTHER
13736,13738,1573,1829,1609,1860,721,36,31,721,OTHER
13759,13761,1701,1796,1726,1816,964,25,20,964,OTHER
13993,13995,1700,1818,1731,1841,689,31,23,689,OTHER
14031,14032,269,1851,280,1877,13,11,26,13,OTHER
14034,14037,284,1852,304,1878,stat,20,26,stat,OTHER
14039,14044,308,1853,347,1879,empre:,39,26,empre:,OTHER
14046,14046,351,1854,352,1879,.,1,25,.,OTHER
14048,14051,356,1854,391,1880,plan,35,26,plan,OTHER
14053,14055,397,1856,413,1880,3rd,16,24,3rd,OTHER
14057,14061,417,1856,444,1880,party,27,24,party,OTHER
14063,14066,448,1857,470,1880,sick,22,23,sick,OTHER
14068,14070,474,1857,499,1880,pay,25,23,pay,OTHER
14114,14115,904,1851,916,1878,13,12,27,13,OTHER
14117,14120,919,1853,939,1880,stat,20,27,stat,OTHER
14122,14124,943,1855,963,1881,emp,20,26,emp,OTHER
14126,14128,966,1857,981,1882,rei,15,25,rei,OTHER
14130,14130,985,1858,988,1882,",",3,24,",",OTHER
14132,14135,992,1858,1022,1882,plan,30,24,plan,OTHER
14136,14139,1031,1851,1047,1881,bred,16,30,bred,OTHER
14141,14145,1052,1852,1079,1881,party,27,29,party,OTHER
14147,14150,1085,1854,1104,1881,sick,19,27,sick,OTHER
14152,14154,1110,1854,1131,1880,pay,21,26,pay,OTHER
14204,14205,1572,1850,1584,1876,13,12,26,13,OTHER
14207,14210,1588,1851,1607,1878,stat,19,27,stat,OTHER
14212,14216,1611,1852,1646,1880,empre,35,28,empre,OTHER
14218,14218,1650,1854,1656,1881,:,6,27,:,OTHER
14220,14223,1660,1854,1693,1882,plan,33,28,plan,OTHER
14225,14227,1699,1855,1716,1882,3rd,17,27,3rd,OTHER
14229,14233,1720,1855,1749,1882,party,29,27,party,OTHER
14235,14238,1753,1854,1773,1882,sick,20,28,sick,OTHER
14240,14242,1778,1854,1798,1881,pay,20,27,pay,OTHER
14244,14246,17,1890,42,1911,eif,25,21,eif,OTHER
14248,14256,48,1891,118,1914,employees,70,23,employees,OTHER
14258,14262,121,1892,163,1914,"name,",42,22,"name,",OTHER
14264,14270,166,1892,217,1914,address,51,22,address,OTHER
14272,14274,220,1891,243,1914,and,23,23,and,OTHER
14276,14278,246,1890,269,1913,zip,23,23,zip,OTHER
14280,14283,272,1888,309,1912,code,37,24,code,OTHER
14327,14328,654,1891,674,1912,if,20,21,if,OTHER
14330,14338,679,1891,749,1914,employees,70,23,employees,OTHER
14340,14344,751,1892,794,1914,"name,",43,22,"name,",OTHER
14346,14352,796,1891,848,1914,address,52,23,address,OTHER
14354,14356,850,1890,875,1913,and,25,23,and,OTHER
14358,14360,877,1889,899,1911,zip,22,22,zip,OTHER
14362,14365,901,1887,937,1910,code,36,23,code,OTHER
14417,14419,1317,1890,1342,1912,eff,25,22,eff,OTHER
14421,14429,1347,1891,1417,1914,employees,70,23,employees,OTHER
14431,14435,1420,1892,1462,1914,name.,42,22,name.,OTHER
14437,14443,1466,1890,1515,1914,address,49,24,address,OTHER
14445,14447,1518,1889,1543,1913,and,25,24,and,OTHER
14449,14451,1546,1888,1568,1912,zip,22,24,zip,OTHER
14453,14456,1571,1885,1609,1910,code,38,25,code,OTHER
14465,14470,62,1933,133,1959,ashley,71,26,ashley,OTHER
14472,14478,186,1931,264,1954,johnson,78,23,johnson,OTHER
14549,14554,713,1932,783,1954,ashley,70,22,ashley,OTHER
14556,14562,836,1931,915,1954,johnson,79,23,johnson,OTHER
14639,14644,1381,1932,1451,1954,ashley,70,22,ashley,OTHER
14646,14652,1505,1931,1581,1954,johnson,76,23,johnson,OTHER
14660,14662,63,1955,100,1980,132,37,25,132,OTHER
14664,14671,105,1956,201,1980,martinez,96,24,martinez,OTHER
14673,14679,205,1956,288,1980,prairie,83,24,prairie,OTHER
14681,14685,294,1955,354,1980,suite,60,25,suite,OTHER
14687,14689,360,1954,392,1979,042,32,25,042,OTHER
14746,14748,714,1954,750,1980,132,36,26,132,OTHER
14750,14757,755,1955,851,1980,martinez,96,25,martinez,OTHER
14759,14765,856,1956,940,1980,prairie,84,24,prairie,OTHER
14767,14771,945,1956,1006,1980,suite,61,24,suite,OTHER
14773,14775,1012,1956,1045,1979,042,33,23,042,OTHER
14836,14838,1382,1954,1418,1980,132,36,26,132,OTHER
14840,14847,1423,1954,1519,1980,martinez,96,26,martinez,OTHER
14849,14855,1524,1955,1608,1980,prairie,84,25,prairie,OTHER
14857,14861,1613,1956,1675,1979,suite,62,23,suite,OTHER
14863,14865,1680,1955,1715,1978,042,35,23,042,OTHER
14873,14876,61,1981,112,2005,west,51,24,west,OTHER
14878,14886,117,1982,222,2005,scottberg,105,23,scottberg,OTHER
14888,14889,225,1983,254,2004,ne,29,21,ne,OTHER
14891,14900,294,1981,400,2004,67152-6768,106,23,67152-6768,OTHER
14958,14961,713,1981,762,2004,west,49,23,west,OTHER
14963,14971,770,1981,873,2004,scottberg,103,23,scottberg,OTHER
14973,14974,878,1983,900,2003,ne,22,20,ne,OTHER
14976,14985,945,1982,1051,2003,67152-6768,106,21,67152-6768,OTHER
15049,15052,1380,1980,1430,2004,west,50,24,west,OTHER
15054,15062,1437,1981,1541,2004,scottberg,104,23,scottberg,OTHER
15064,15065,1546,1982,1573,2003,ne,27,21,ne,OTHER
15067,15076,1613,1981,1725,2004,67152-6768,112,23,67152-6768,OTHER
15083,15087,53,2041,89,2059,state,36,18,state,OTHER
15094,15103,124,2039,188,2059,employers',64,20,employers',OTHER
15105,15109,192,2039,219,2058,state,27,19,state,OTHER
15111,15112,223,2039,233,2058,id,10,19,id,OTHER
15114,15115,236,2039,247,2058,no,11,19,no,OTHER
15117,15117,251,2039,265,2058,.,14,19,.,OTHER
15119,15120,271,2038,290,2058,16,19,20,16,OTHER
15122,15126,304,2038,337,2058,state,33,20,state,OTHER
15128,15132,340,2038,378,2058,wages,38,20,wages,OTHER
15134,15134,381,2038,386,2058,",",5,20,",",OTHER
15136,15139,389,2038,409,2058,tips,20,20,tips,OTHER
15199,15203,398,2054,437,2074,43272,39,20,43272,OTHER
15204,15204,412,2038,417,2058,",",5,20,",",OTHER
15206,15208,420,2038,436,2059,etc,16,21,etc,OTHER
15209,15209,439,2038,449,2059,.,10,21,.,OTHER
15211,15211,1074,2039,1083,2058,.,9,19,.,OTHER
15223,15224,649,2039,667,2057,15,18,18,15,OTHER
15226,15230,684,2039,719,2058,state,35,19,state,OTHER
15319,15320,61,2055,81,2071,dc,20,16,dc,OTHER
15335,15344,775,2038,838,2061,employers',63,23,employers',OTHER
15346,15350,843,2037,869,2060,state,26,23,state,OTHER
15352,15354,873,2037,883,2060,id),10,23,id),OTHER
15356,15357,887,2037,900,2059,no,13,22,no,OTHER
15359,15360,904,2037,925,2059,16,21,22,16,OTHER
15362,15366,939,2037,971,2059,state,32,22,state,OTHER
15368,15373,975,2037,1020,2058,wages.,45,21,wages.,OTHER
15375,15378,1024,2038,1043,2058,tips,19,20,tips,OTHER
15380,15380,1047,2038,1050,2058,",",3,20,",",OTHER
15382,15384,1054,2039,1070,2058,etc,16,19,etc,OTHER
15386,15386,447,2107,451,2127,.,4,20,.,OTHER
15532,15536,1700,2055,1739,2075,43272,39,20,43272,OTHER
15537,15538,440,2053,452,2073,.3,12,20,.3,OTHER
15563,15564,1319,2038,1334,2055,15,15,17,15,OTHER
15566,15570,1352,2038,1386,2056,state,34,18,state,OTHER
15579,15588,1443,2038,1506,2061,employers',63,23,employers',OTHER
15590,15594,1510,2038,1538,2060,state,28,22,state,OTHER
15596,15597,1541,2038,1552,2059,id,11,21,id,OTHER
15599,15600,1555,2038,1569,2059,no,14,21,no,OTHER
15602,15603,1573,2038,1594,2059,15,21,21,15,OTHER
15605,15609,1607,2038,1638,2059,state,31,21,state,OTHER
15611,15616,1642,2038,1687,2058,"wages,",45,20,"wages,",OTHER
15619,15619,1350,2290,1357,2310,2,7,20,2,OTHER
15804,15805,712,2055,734,2077,dc,22,22,dc,OTHER
15807,15815,774,2054,853,2078,16-88-921,79,24,16-88-921,OTHER
15853,15857,1690,2038,1719,2058,"tips,",29,20,"tips,",OTHER
15859,15862,1722,2038,1752,2058,etc.,30,20,etc.,OTHER
15863,15864,1742,2055,1760,2075,.3,18,20,.3,OTHER
15872,15873,1379,2052,1401,2072,dc,22,20,dc,OTHER
15875,15883,123,2054,201,2075,16-82-921,78,21,16-82-921,OTHER
15969,15977,1442,2053,1522,2075,16-88-921,80,22,16-88-921,OTHER
15985,15989,57,2089,88,2109,state,31,20,state,OTHER
15991,15996,92,2089,139,2109,income,47,20,income,OTHER
15998,16000,141,2090,163,2108,tax,22,18,tax,OTHER
16022,16026,303,2089,338,2110,local,35,21,local,OTHER
16028,16033,342,2089,387,2111,"wages,",45,22,"wages,",OTHER
16035,16040,397,2105,444,2128,113621,47,23,113621,OTHER
16101,16105,390,2090,418,2112,"tips,",28,22,"tips,",OTHER
16107,16110,421,2091,453,2113,etc.,32,22,etc.,OTHER
16131,16135,688,2089,719,2109,state,31,20,state,OTHER
16137,16142,722,2091,770,2109,income,48,18,income,OTHER
16144,16146,773,2090,792,2109,tax,19,19,tax,OTHER
16216,16217,1318,2089,1335,2104,17,17,15,17,OTHER
16219,16223,1355,2089,1388,2108,state,33,19,state,OTHER
16226,16231,1390,2090,1440,2108,income,50,18,income,OTHER
16233,16234,1441,2090,1456,2108,ta,15,18,ta,OTHER
16254,16255,1575,2090,1591,2109,18,16,19,18,OTHER
16258,16262,937,2090,973,2113,local,36,23,local,OTHER
16264,16269,976,2090,1022,2111,"wages,",46,21,"wages,",OTHER
16276,16282,61,2106,124,2129,4006.82,63,23,4006.82,OTHER
16339,16339,745,2110,752,2125,.,7,15,.,OTHER
16341,16342,454,2106,470,2127,34,16,21,34,OTHER
16362,16365,713,2108,744,2125,4006,31,17,4006,OTHER
16367,16367,1413,2109,1418,2126,.,5,17,.,OTHER
16369,16370,753,2109,774,2125,82,21,16,82,OTHER
16503,16507,1606,2089,1641,2110,local,35,21,local,OTHER
16509,16514,1644,2089,1691,2111,"wages,",47,22,"wages,",OTHER
16515,16521,1032,2106,1085,2127,113621.,53,21,113621.,OTHER
16668,16672,1025,2090,1053,2111,"tips,",28,21,"tips,",OTHER
16674,16677,1056,2091,1089,2112,etc.,33,21,etc.,OTHER
16678,16679,1088,2106,1103,2127,34,15,21,34,OTHER
16704,16707,1381,2106,1411,2126,4006,30,20,4006,OTHER
16711,16712,1420,2109,1437,2127,82,17,18,82,OTHER
16752,16757,1700,2107,1748,2128,113621,48,21,113621,OTHER
16758,16761,1724,2091,1757,2113,etc.,33,22,etc.,OTHER
16762,16764,1750,2106,1773,2128,.34,23,22,.34,OTHER
16996,17000,1693,2090,1722,2112,"tips,",29,22,"tips,",OTHER
17006,17010,54,2142,90,2162,local,36,20,local,OTHER
17042,17043,270,2142,288,2161,20,18,19,20,OTHER
17045,17052,302,2142,354,2163,locality,52,21,locality,OTHER
17054,17057,357,2142,399,2164,name,42,22,name,OTHER
17176,17177,1317,2140,1337,2161,19,20,21,19,OTHER
17179,17183,685,2142,721,2162,local,36,20,local,OTHER
17185,17190,93,2141,141,2162,income,48,21,income,OTHER
17192,17194,144,2139,168,2161,tax,24,22,tax,OTHER
17217,17224,936,2143,989,2164,locality,53,21,locality,OTHER
17226,17232,396,2156,458,2183,jeffrey,62,27,jeffrey,OTHER
17464,17467,991,2143,1033,2164,name,42,21,name,OTHER
17469,17472,462,2159,495,2183,club,33,24,club,OTHER
17480,17484,61,2158,100,2180,13058,39,22,13058,OTHER
17485,17490,725,2141,772,2162,income,47,21,income,OTHER
17506,17508,104,2158,134,2181,.76,30,23,.76,OTHER
17510,17511,775,2141,789,2161,ta,14,20,ta,OTHER
17551,17557,1032,2158,1093,2182,jeffrey,61,24,jeffrey,OTHER
17559,17562,1096,2160,1130,2182,club,34,22,club,OTHER
17580,17584,1354,2141,1390,2161,local,36,20,local,OTHER
17586,17591,1393,2141,1440,2161,income,47,20,income,OTHER
17689,17696,711,2158,782,2181,13058.76,71,23,13058.76,OTHER
17828,17835,1605,2142,1657,2162,locality,52,20,locality,OTHER
17837,17843,1700,2158,1762,2183,jeffrey,62,25,jeffrey,OTHER
17989,17992,1659,2142,1702,2164,name,43,22,name,OTHER
17994,17997,1765,2160,1799,2183,club,34,23,club,OTHER
18015,18021,122,2198,189,2221,federal,67,23,federal,OTHER
18040,18045,275,2199,328,2224,filing,53,25,filing,OTHER
18064,18067,421,2199,471,2224,copy,50,25,copy,OTHER
18101,18103,767,2197,798,2222,dc.,31,25,dc.,OTHER
18105,18109,802,2197,852,2223,state,50,26,state,OTHER
18126,18131,912,2199,960,2221,filing,48,22,filing,OTHER
18148,18151,1057,2200,1097,2221,copy,40,21,copy,OTHER
18190,18193,1426,2198,1454,2223,city,28,25,city,OTHER
18195,18196,1458,2197,1476,2221,or,18,24,or,OTHER
18198,18202,1480,2196,1537,2221,local,57,25,local,OTHER
18204,18209,1579,2198,1630,2222,filing,51,24,filing,OTHER
18239,18242,200,2220,259,2245,wage,59,25,wage,OTHER
18244,18246,283,2215,322,2240,and,39,25,and,OTHER
18248,18250,350,2219,377,2243,tax,27,24,tax,OTHER
18323,18326,842,2219,901,2245,wage,59,26,wage,OTHER
18328,18330,919,2217,958,2244,and,39,27,and,OTHER
18349,18351,985,2220,1017,2239,tax,32,19,tax,OTHER
18413,18416,1510,2218,1570,2248,wage,60,30,wage,OTHER
18418,18420,1588,2216,1622,2238,and,34,22,and,OTHER
18422,18424,1653,2219,1682,2240,tax,29,21,tax,OTHER
18426,18429,1724,2201,1762,2222,copy,38,21,copy,OTHER
18431,18433,21,2251,86,2279,w-2,65,28,w-2,OTHER
18459,18467,194,2248,279,2271,statement,85,23,statement,OTHER
18494,18497,413,2251,485,2279,2018,72,28,2018,OTHER
18514,18516,651,2249,719,2281,w-2,68,32,w-2,OTHER
18546,18554,840,2247,928,2269,statement,88,22,statement,OTHER
18579,18582,1050,2250,1126,2282,2018,76,32,2018,OTHER
18604,18606,1319,2251,1385,2281,w-2,66,30,w-2,OTHER
18635,18643,1505,2248,1593,2269,statement,88,21,statement,OTHER
18667,18670,1715,2251,1789,2280,2018,74,29,2018,OTHER
18672,18675,17,2291,49,2309,copy,32,18,copy,OTHER
18677,18677,51,2291,61,2309,b,10,18,b,OTHER
18679,18680,63,2291,77,2309,to,14,18,to,OTHER
18682,18683,78,2291,94,2310,be,16,19,be,OTHER
18685,18689,96,2291,121,2310,filed,25,19,filed,OTHER
18691,18694,123,2291,149,2310,with,26,19,with,OTHER
18696,18705,150,2290,217,2310,employee's,67,20,employee's,OTHER
18707,18713,219,2290,263,2310,federal,44,20,federal,OTHER
18715,18720,265,2289,310,2309,income,45,20,income,OTHER
18722,18724,313,2289,335,2309,tax,22,20,tax,OTHER
18726,18731,338,2288,381,2309,return,43,21,return,OTHER
18733,18735,397,2287,427,2308,omb,30,21,omb,OTHER
18737,18739,430,2287,453,2308,no.,23,21,no.,OTHER
18741,18749,456,2285,520,2308,1545-0008,64,23,1545-0008,OTHER
18754,18757,648,2290,679,2311,copy,31,21,copy,OTHER
18761,18762,691,2290,704,2311,to,13,21,to,OTHER
18764,18765,708,2290,722,2311,be,14,21,be,OTHER
18767,18771,725,2290,749,2310,filed,24,20,filed,OTHER
18773,18776,753,2290,777,2310,with,24,20,with,OTHER
18778,18787,780,2290,846,2310,employee's,66,20,employee's,OTHER
18789,18793,850,2289,879,2309,state,29,20,state,OTHER
18795,18800,883,2289,926,2309,income,43,20,income,OTHER
18802,18804,930,2289,951,2308,tax,21,19,tax,OTHER
18806,18811,955,2289,989,2308,return,34,19,return,OTHER
18813,18815,1032,2287,1061,2309,omb,29,22,omb,OTHER
18817,18819,1064,2288,1087,2309,no.,23,21,no.,OTHER
18821,18829,1091,2285,1150,2309,1545-0008,59,24,1545-0008,OTHER
18845,18848,1316,2290,1347,2310,copy,31,20,copy,OTHER
18852,18853,1360,2290,1373,2310,to,13,20,to,OTHER
18855,18856,1376,2290,1390,2310,be,14,20,be,OTHER
18858,18862,1392,2290,1417,2310,filed,25,20,filed,OTHER
18864,18867,1420,2290,1445,2310,with,25,20,with,OTHER
18869,18878,1448,2289,1514,2310,employee's,66,21,employee's,OTHER
18880,18883,1517,2289,1542,2310,city,25,21,city,OTHER
18885,18886,1545,2289,1556,2310,or,11,21,or,OTHER
18888,18892,1558,2289,1591,2310,local,33,21,local,OTHER
18894,18899,1594,2288,1637,2310,income,43,22,income,OTHER
18901,18903,1640,2288,1662,2310,tax,22,22,tax,OTHER
18911,18912,430,173,446,196,on,16,23,on,OTHER
18915,18917,1733,2286,1756,2309,no.,23,23,no.,OTHER
18919,18927,1760,2285,1824,2308,1545-0008,64,23,1545-0008,OTHER
