start_index,end_index,x_top_left,y_top_left,x_bottom_right,y_bottom_right,transcript,box_width,box_height,combined_text,predicted_field
0,0,1637,978,1761,1026,"information,",124,48,"information,",OTHER
0,0,957,1299,1022,1332,2018aop.,65,33,2018aop.,OTHER
0,0,1638,2033,1664,2065,ex,26,32,ex,OTHER
0,0,1053,2236,1132,2271,224720.73,79,35,224720.73,OTHER
65,72,461,94,554,135,employee,93,41,employee,OTHER
86,94,601,112,703,162,reference,102,50,reference,OTHER
146,148,360,139,426,180,w-2,66,41,w-2,OTHER
183,185,630,145,670,177,and,40,32,and,OTHER
187,189,694,155,725,188,tax,31,33,tax,OTHER
253,256,1131,150,1243,213,2018,112,63,2018,OTHER
258,260,1247,168,1347,230,w-2,100,62,w-2,OTHER
262,264,1351,184,1442,245,and,91,61,and,OTHER
266,273,1446,199,1701,286,earnings,255,87,earnings,OTHER
275,281,1710,240,1962,326,summary,252,86,summary,OTHER
388,391,748,197,826,241,2018,78,44,2018,taxYear
433,436,1057,187,1107,222,this,50,35,this,OTHER
438,441,1108,195,1163,231,blue,55,36,blue,OTHER
443,450,1164,204,1269,248,earnings,105,44,earnings,OTHER
452,458,1270,221,1383,267,summary,113,46,summary,OTHER
460,466,1384,239,1470,281,section,86,42,section,OTHER
468,469,1471,253,1494,285,is,23,32,is,OTHER
471,478,1495,257,1597,301,included,102,44,included,OTHER
480,483,1597,273,1649,310,with,52,37,with,OTHER
485,488,1650,281,1704,318,your,54,37,your,OTHER
490,492,1705,290,1757,327,w-2,52,37,w-2,OTHER
494,495,1758,298,1785,331,to,27,33,to,OTHER
497,500,1786,302,1843,340,help,57,38,help,OTHER
502,509,1846,312,1942,356,describe,96,44,describe,OTHER
511,518,1943,326,2037,371,portions,94,45,portions,OTHER
520,521,2038,341,2065,375,in,27,34,in,OTHER
523,526,2066,345,2132,385,more,66,40,more,OTHER
528,533,2135,356,2194,395,detail,59,39,detail,OTHER
582,588,346,217,412,244,3374305,66,27,3374305,OTHER
685,687,1053,215,1098,249,the,45,34,the,OTHER
689,695,1099,222,1187,262,reverse,88,40,reverse,OTHER
697,700,1188,237,1239,270,side,51,33,side,OTHER
702,709,1239,245,1341,286,includes,102,41,includes,OTHER
711,717,1342,261,1429,300,general,87,39,general,OTHER
719,729,1429,275,1561,321,information,132,46,information,OTHER
731,734,1561,296,1610,329,that,49,33,that,OTHER
736,738,1610,304,1656,336,you,46,32,you,OTHER
740,742,1656,311,1713,345,may,57,34,may,OTHER
744,747,1713,320,1764,354,also,51,34,also,OTHER
749,752,1764,328,1812,362,find,48,34,find,OTHER
754,761,1812,335,1902,376,helpful.,90,41,helpful.,OTHER
866,869,732,237,759,264,dumb,27,27,dumb,OTHER
871,874,760,239,785,266,dis.,25,27,dis.,OTHER
876,883,786,242,845,275,1565-609,59,33,1565-609,OTHER
938,951,382,280,542,340,salazar-nguyen,160,60,salazar-nguyen,employerName
953,955,543,315,585,353,lit,42,38,lit,employerAddressStreet_name
990,997,771,267,829,299,employer,58,32,employer,OTHER
999,1001,829,277,854,304,use,25,27,use,OTHER
1003,1006,855,282,890,313,only,35,31,only,OTHER
1070,1074,482,290,545,322,guyen,63,32,guyen,OTHER
1129,1131,380,302,420,336,227,40,34,227,employerAddressStreet_name
1133,1139,421,310,507,352,allison,86,42,allison,employerAddressStreet_name
1141,1146,509,326,583,364,skyway,74,38,skyway,employerAddressStreet_name
1147,1150,594,297,638,326,code,44,29,code,OTHER
1224,1228,585,340,648,375,suite,63,35,suite,employerAddressStreet_name
1230,1232,651,351,688,381,370,37,30,370,OTHER
1404,1406,2103,294,2179,345,adp,76,51,adp,OTHER
1562,1563,1104,298,1127,326,1.,23,28,1.,OTHER
1565,1567,1129,302,1167,333,the,38,31,the,OTHER
1569,1577,1169,308,1260,348,following,91,40,following,OTHER
1579,1589,1262,323,1382,368,information,120,45,information,OTHER
1591,1598,1383,342,1461,381,reflects,78,39,reflects,OTHER
1600,1603,1463,355,1513,390,your,50,35,your,OTHER
1605,1609,1514,363,1561,397,final,47,34,final,OTHER
1611,1611,1167,475,1178,499,2,11,24,2,OTHER
1613,1613,1340,375,1350,396,1,10,21,1,OTHER
1616,1618,1615,379,1656,413,pay,41,34,pay,OTHER
1620,1623,1657,386,1705,421,stub,48,35,stub,OTHER
1625,1628,1707,394,1754,428,plus,47,34,plus,OTHER
1630,1632,1755,401,1795,435,any,40,34,any,OTHER
1634,1644,1796,408,1926,456,adjustments,130,48,adjustments,OTHER
1646,1654,1928,429,2029,472,submitted,101,43,submitted,OTHER
1656,1657,2031,445,2059,476,by,28,31,by,OTHER
1659,1662,2060,450,2111,484,your,51,34,your,OTHER
1664,1672,2112,458,2222,502,employer.,110,44,employer.,OTHER
1726,1730,371,333,436,368,north,65,35,north,employerAddressCity
1732,1738,440,343,523,379,stephen,83,36,stephen,OTHER
1740,1741,545,357,580,387,no,35,30,no,employerAddressState
1835,1839,1160,346,1196,373,gross,36,27,gross,OTHER
1841,1843,1197,352,1231,379,pay,34,27,pay,OTHER
1918,1927,613,370,731,411,80044-4080,118,41,80044-4080,employerAddressZip
2019,2021,1292,369,1313,391,208,21,22,208,OTHER
2023,2025,1314,372,1338,394,542,24,22,542,OTHER
2027,2027,1323,721,1332,747,1,9,26,1,OTHER
2218,2223,1446,397,1488,424,social,42,27,social,OTHER
2225,2228,1490,401,1527,428,secu,37,27,secu,OTHER
2388,2391,1144,432,1174,460,fed.,30,28,fed.,OTHER
2393,2397,1176,437,1210,465,incon,34,28,incon,OTHER
2433,2437,1597,416,1634,439,15937,37,23,15937,OTHER
2439,2440,1636,419,1652,441,39,16,22,39,OTHER
2484,2485,311,447,336,466,at,25,19,at,OTHER
2487,2492,342,449,384,476,employ,42,27,employ,OTHER
2520,2524,564,442,625,475,batch,61,33,batch,OTHER
2600,2602,1143,452,1167,478,tax,24,26,tax,OTHER
2604,2610,1169,456,1230,487,winheld,61,31,winheld,OTHER
2613,2620,1274,448,1329,479,52491.90,55,31,52491.90,OTHER
2661,2663,1754,442,1777,469,ks.,23,27,ks.,OTHER
2665,2669,1779,445,1811,473,state,32,28,state,OTHER
2671,2676,1814,448,1866,479,income,52,31,income,OTHER
2741,2747,458,469,509,498,address,51,29,address,OTHER
2749,2751,509,476,537,502,and,28,26,and,OTHER
2753,2755,537,479,560,505,zip,23,26,zip,OTHER
2757,2760,560,482,605,510,code,45,28,code,OTHER
2780,2785,708,468,792,504,#02021,84,36,#02021,OTHER
2836,2838,1753,464,1779,492,box,26,28,box,OTHER
2840,2840,1647,773,1671,804,2,24,31,2,OTHER
2842,2843,1180,476,1193,500,of,13,24,of,OTHER
2845,2847,1195,478,1228,506,w.2,33,28,w.2,OTHER
2897,2899,1138,473,1166,498,box,28,25,box,OTHER
2901,2902,1782,466,1798,494,17,16,28,17,OTHER
2904,2905,1800,468,1813,496,of,13,28,of,OTHER
2907,2909,1815,470,1852,502,w.2,37,32,w.2,OTHER
2916,2917,1946,472,1959,493,65,13,21,65,OTHER
2919,2920,1961,474,1976,495,15,15,21,15,OTHER
2922,2923,1978,476,1999,498,30,21,22,30,OTHER
2973,2976,345,501,397,530,mary,52,29,mary,OTHER
2977,2983,432,517,521,552,wallace,89,35,wallace,OTHER
3129,3135,1607,503,1656,529,6731.17,49,26,6731.17,OTHER
3144,3146,1425,511,1451,547,box,26,36,box,OTHER
3148,3149,1776,501,1791,528,19,15,27,19,OTHER
3151,3152,1793,503,1806,530,of,13,27,of,OTHER
3154,3156,1808,504,1845,533,w.2,37,29,w.2,OTHER
3162,3166,1940,502,1979,532,34847,39,30,34847,OTHER
3168,3168,1979,510,1992,534,6,13,24,6,OTHER
3217,3221,343,529,408,562,08126,65,33,08126,OTHER
3223,3228,409,538,482,572,taylor,73,34,taylor,OTHER
3230,3235,483,548,559,584,meadow,76,36,meadow,OTHER
3237,3241,561,561,626,594,suite,65,33,suite,OTHER
3243,3245,629,572,663,600,427,34,28,427,OTHER
3357,3359,1747,496,1774,525,box,27,29,box,OTHER
3361,3365,1453,515,1508,554,forwa,55,39,forwa,OTHER
3414,3417,338,549,390,584,west,52,35,west,OTHER
3419,3430,392,558,535,604,danielleland,143,46,danielleland,OTHER
3584,3592,1738,553,1818,586,sunsoufli,80,33,sunsoufli,OTHER
3668,3669,554,584,588,614,nc,34,30,nc,OTHER
3671,3680,611,593,723,638,60338-2088,112,45,60338-2088,OTHER
3811,3813,1735,569,1763,596,box,28,27,box,OTHER
3815,3816,1765,572,1781,598,14,16,26,14,OTHER
3818,3819,1783,575,1796,601,of,13,26,of,OTHER
3821,3823,1797,579,1825,607,w.2,28,28,w.2,OTHER
3975,3976,1059,584,1079,615,2.,20,31,2.,OTHER
3978,3981,1081,588,1133,624,your,52,36,your,OTHER
3983,3987,1135,596,1198,635,gross,63,39,gross,OTHER
3989,3991,1199,607,1238,642,pay,39,35,pay,OTHER
3993,3995,1240,614,1285,650,was,45,36,was,OTHER
3997,4004,1287,621,1377,665,adjusted,90,44,adjusted,OTHER
4006,4007,1379,637,1405,669,as,26,32,as,OTHER
4009,4015,1407,641,1480,681,follows,73,40,follows,OTHER
4017,4018,1481,653,1505,685,to,24,32,to,OTHER
4020,4026,1507,657,1595,698,produce,88,41,produce,OTHER
4028,4031,1596,671,1647,706,your,51,35,your,OTHER
4033,4035,1648,680,1693,712,w-2,45,32,w-2,OTHER
4037,4046,1695,687,1804,728,statement.,109,41,statement.,OTHER
4090,4099,316,605,388,637,employer's,72,32,employer's,OTHER
4101,4103,389,615,417,641,fed,28,26,fed,OTHER
4105,4106,418,619,435,643,id,17,24,id,OTHER
4108,4113,435,622,485,650,number,50,28,number,OTHER
4193,4202,561,646,637,677,employee's,76,31,employee's,OTHER
4204,4206,638,654,675,684,554,37,30,554,OTHER
4250,4255,319,674,376,699,215713,57,25,215713,OTHER
4257,4261,425,679,469,701,comp.,44,22,comp.,OTHER
4299,4309,658,676,754,710,719-60-4085,96,34,719-60-4085,OTHER
4380,4385,1299,683,1348,717,wages.,49,34,wages.,OTHER
4387,4391,1351,689,1382,720,"tips,",31,31,"tips,",OTHER
4393,4394,1386,694,1406,722,ce,20,28,ce,OTHER
4437,4442,302,710,341,737,social,39,27,social,OTHER
4444,4451,343,716,395,744,security,52,28,security,OTHER
4453,4457,396,723,445,748,wages,49,25,wages,OTHER
4499,4507,309,728,390,759,209231.92,81,31,209231.92,OTHER
4631,4633,1294,721,1320,747,box,26,26,box,OTHER
4635,4635,177,1288,194,1310,1,17,22,1,OTHER
4637,4638,1334,722,1348,749,of,14,27,of,OTHER
4640,4641,1351,723,1386,753,wa,35,30,wa,OTHER
4653,4658,1504,711,1543,741,social,39,30,social,OTHER
4660,4663,1546,717,1579,747,secu,33,30,secu,OTHER
4665,4672,1581,721,1641,755,medicare,60,34,medicare,OTHER
4761,4764,615,758,638,786,tiny,23,28,tiny,OTHER
4766,4768,639,763,663,790,tax,24,27,tax,OTHER
4770,4772,664,767,690,792,wit,26,25,wit,OTHER
4774,4777,691,768,720,792,held,29,24,held,OTHER
4867,4869,1494,749,1521,782,box,27,33,box,OTHER
4871,4871,1523,754,1531,783,3,8,29,3,OTHER
4873,4874,1533,755,1547,786,of,14,31,of,OTHER
4876,4876,1549,757,1563,788,w,14,31,w,OTHER
4878,4878,1564,760,1573,789,3,9,29,3,OTHER
4880,4882,1574,761,1602,793,box,28,32,box,OTHER
4884,4884,1604,766,1614,795,5,10,29,5,OTHER
4886,4887,1616,768,1628,797,of,12,29,of,OTHER
4889,4890,1629,770,1645,800,w/,16,30,w/,OTHER
4892,4892,1781,797,1800,824,2,19,27,2,OTHER
4894,4896,1707,747,1729,770,ks.,22,23,ks.,OTHER
4898,4902,1731,747,1764,773,state,33,26,state,OTHER
4904,4909,1766,750,1816,783,wages.,50,33,wages.,OTHER
4911,4915,1841,764,1881,797,looka,40,33,looka,OTHER
4917,4921,1882,772,1924,805,plain,42,33,plain,OTHER
4960,4967,289,768,352,798,medicare,63,30,medicare,OTHER
4969,4973,352,776,398,805,wages,46,29,wages,OTHER
4975,4977,398,783,424,808,and,26,25,and,OTHER
4979,4982,424,787,454,813,tips,30,26,tips,OTHER
5069,5072,1029,773,1059,796,less,30,23,less,OTHER
5074,5078,1059,775,1097,799,40109,38,24,40109,OTHER
5080,5081,1098,777,1115,801,10,17,24,10,OTHER
5083,5084,1115,779,1143,803,84,28,24,84,OTHER
5086,5087,1145,781,1163,804,20,18,23,20,OTHER
5128,5136,299,787,383,816,232103.37,84,29,232103.37,OTHER
5234,5237,1025,792,1054,817,less,29,25,less,OTHER
5239,5243,1055,796,1093,821,other,38,25,other,OTHER
5245,5248,1094,800,1127,824,cafe,33,24,cafe,OTHER
5250,5252,1128,803,1157,826,125,29,23,125,OTHER
5259,5262,1283,785,1315,814,1264,32,29,1264,OTHER
5264,5266,1319,786,1336,813,208,17,27,208,OTHER
5268,5270,1339,786,1359,815,142,20,29,142,OTHER
5272,5273,1362,788,1384,817,08,22,29,08,OTHER
5309,5311,1700,786,1728,813,box,28,27,box,OTHER
5313,5314,1729,789,1746,815,16,17,26,16,OTHER
5316,5317,1747,792,1762,817,of,15,25,of,OTHER
5319,5319,1763,794,1779,820,w,16,26,w,OTHER
5321,5321,678,2369,687,2392,2,9,23,2,OTHER
5361,5366,285,818,325,846,social,40,28,social,OTHER
5368,5375,326,824,377,856,security,51,32,security,OTHER
5377,5380,377,835,403,862,tips,26,27,tips,OTHER
5399,5405,548,810,595,839,edicare,47,29,edicare,OTHER
5407,5409,595,816,620,843,tax,25,27,tax,OTHER
5411,5418,621,821,673,855,withheld,52,34,withheld,OTHER
5559,5561,1822,822,1851,853,box,29,31,box,OTHER
5563,5564,1852,826,1870,856,18,18,30,18,OTHER
5566,5567,1870,828,1884,857,of,14,29,of,OTHER
5569,5570,1885,830,1914,860,12,29,30,12,OTHER
5609,5614,291,839,340,868,208321,49,29,208321,OTHER
5616,5616,341,846,348,869,.,7,23,.,OTHER
5618,5619,349,847,375,871,92,26,24,92,OTHER
5662,5668,634,840,694,875,6731.17,60,35,6731.17,OTHER
5792,5799,1697,845,1757,877,208142.1,60,32,208142.1,OTHER
5833,5833,243,869,259,890,9,16,21,9,OTHER
5835,5846,274,873,351,905,verification,77,32,verification,OTHER
5848,5851,351,885,390,913,code,39,28,code,OTHER
5875,5881,534,862,589,895,bocaned,55,33,bocaned,OTHER
5883,5886,589,868,627,901,sips,38,33,sips,OTHER
5974,5982,622,888,697,929,232109.37,75,41,232109.37,OTHER
6031,6032,1010,879,1032,911,3.,22,32,3.,OTHER
6034,6041,1033,882,1136,926,employee,103,44,employee,OTHER
6043,6045,1137,899,1180,933,w-4,43,34,w-4,OTHER
6047,6054,1181,906,1259,946,profile.,78,40,profile.,OTHER
6056,6057,1260,918,1288,950,to,28,32,to,OTHER
6059,6064,1289,923,1367,962,change,78,39,change,OTHER
6066,6069,1368,935,1419,971,your,51,36,your,OTHER
6071,6078,1420,943,1523,987,employee,103,44,employee,OTHER
6079,6084,1475,867,1519,904,219712,44,37,219712,OTHER
6280,6282,1524,960,1567,994,w-4,43,34,w-4,OTHER
6284,6285,1521,872,1553,908,71,32,36,71,OTHER
6286,6292,1568,967,1636,1005,profile,68,38,profile,OTHER
6296,6298,615,977,637,1005,for,22,28,for,OTHER
6299,6299,921,2153,937,2178,m,16,25,m,OTHER
6300,6300,1798,1003,1815,1034,a,17,31,a,OTHER
6307,6310,1762,997,1798,1032,file,36,35,file,OTHER
6314,6316,1816,1006,1860,1042,new,44,36,new,OTHER
6318,6320,1860,1013,1906,1049,w-4,46,36,w-4,OTHER
6322,6325,1906,1020,1950,1056,with,44,36,with,OTHER
6327,6330,1950,1027,2002,1065,your,52,38,your,OTHER
6332,6338,2002,1035,2077,1078,payroll,75,43,payroll,OTHER
6340,6344,2077,1047,2137,1088,dept.,60,41,dept.,OTHER
6377,6378,237,919,260,941,19,23,22,19,OTHER
6380,6380,269,924,282,945,n,13,21,n,OTHER
6382,6390,294,930,350,960,qualified,56,30,qualified,OTHER
6392,6396,351,940,393,969,plans,42,29,plans,OTHER
6431,6433,275,947,310,971,224,35,24,224,OTHER
6465,6466,227,973,251,995,14,24,22,14,OTHER
6468,6472,265,977,304,1004,other,39,27,other,OTHER
6511,6520,554,969,615,1002,structicon,61,33,structicon,OTHER
6522,6524,1775,1990,1797,2017,for,22,27,for,OTHER
6526,6528,638,981,666,1010,box,28,29,box,OTHER
6530,6531,666,987,686,1013,12,20,26,12,OTHER
6586,6589,1062,969,1119,1003,mary,57,34,mary,OTHER
6591,6597,1164,983,1261,1026,wallace,97,43,wallace,OTHER
6750,6754,1056,1003,1131,1040,08126,75,37,08126,OTHER
6756,6761,1135,1015,1222,1053,taylor,87,38,taylor,OTHER
6763,6768,1223,1028,1310,1066,meadow,87,38,meadow,OTHER
6770,6774,1316,1043,1388,1079,suite,72,36,suite,OTHER
6776,6778,1394,1056,1436,1086,427,42,30,427,OTHER
6930,6934,1051,1037,1122,1073,north,71,36,north,OTHER
6936,6942,1130,1048,1224,1087,stephen,94,39,stephen,OTHER
6944,6945,1255,1068,1290,1093,mo,35,25,mo,OTHER
7011,7017,1657,1054,1705,1085,taxable,48,31,taxable,OTHER
7019,7024,1706,1059,1747,1094,mortal,41,35,mortal,OTHER
7026,7026,1749,1069,1759,1096,s,10,27,s,OTHER
7055,7056,211,1066,237,1093,15,26,27,15,OTHER
7058,7062,246,1073,289,1101,state,43,28,state,OTHER
7258,7266,1728,1088,1806,1124,alowances,78,36,alowances,OTHER
7311,7317,337,1086,382,1113,moyers',45,27,moyers',OTHER
7319,7323,383,1090,417,1118,state,34,28,state,OTHER
7325,7325,419,1095,428,1119,d,9,24,d,OTHER
7327,7329,429,1097,464,1125,no.,35,28,no.,OTHER
7369,7378,317,1093,409,1129,745-94-439,92,36,745-94-439,OTHER
7406,7407,204,1111,232,1139,17,28,28,17,OTHER
7409,7413,242,1117,277,1146,state,35,29,state,OTHER
7415,7418,278,1122,306,1150,inco,28,28,inco,OTHER
7610,7615,1652,1114,1708,1137,state:,56,23,state:,OTHER
7648,7654,245,1135,312,1166,6535.39,67,31,6535.39,OTHER
7694,7700,586,1137,640,1167,142808.,54,30,142808.,OTHER
7701,7704,602,1178,640,1205,etc.,38,27,etc.,OTHER
7705,7706,641,1144,663,1170,62,22,26,62,OTHER
7733,7734,197,1166,221,1191,19,24,25,19,OTHER
7736,7740,232,1170,270,1198,local,38,28,local,OTHER
7742,7747,271,1176,322,1206,income,51,30,income,OTHER
7749,7751,322,1184,344,1210,tax,22,26,tax,OTHER
7771,7775,485,1156,525,1187,local,40,31,local,OTHER
7777,7782,525,1164,572,1196,"wages,",47,32,"wages,",OTHER
7784,7788,573,1173,601,1201,"tips,",28,28,"tips,",OTHER
7852,7859,476,1207,531,1243,locality,55,36,locality,OTHER
7861,7864,531,1217,582,1255,name,51,38,name,OTHER
7892,7897,207,1292,256,1318,"wages,",49,26,"wages,",OTHER
7899,7903,257,1299,287,1322,"tips,",30,23,"tips,",OTHER
7905,7909,288,1303,316,1325,other,28,22,other,OTHER
8000,8000,943,1298,956,1321,.,13,23,.,OTHER
8002,8005,1562,371,1614,406,2018,52,35,2018,OTHER
8011,8013,1022,1312,1047,1339,llc,25,27,llc,OTHER
8041,8046,203,1325,245,1350,social,42,25,social,OTHER
8048,8051,246,1329,307,1358,sexy,61,29,sexy,OTHER
8093,8094,530,1341,553,1368,me,23,27,me,OTHER
8096,8098,553,1344,578,1372,tax,25,28,tax,OTHER
8100,8102,578,1347,611,1376,win,33,29,win,OTHER
8128,8133,212,1356,259,1378,209331,47,22,209331,OTHER
8135,8137,260,1359,291,1380,-92,31,21,-92,OTHER
8166,8173,203,1376,256,1402,ledicare,53,26,ledicare,OTHER
8175,8179,257,1382,302,1407,wages,45,25,wages,OTHER
8181,8183,302,1386,330,1410,and,28,24,and,OTHER
8185,8187,330,1390,364,1414,ups,34,24,ups,OTHER
8254,8259,830,1387,880,1419,"wages,",50,32,"wages,",OTHER
8261,8264,880,1399,911,1424,tips,31,25,tips,OTHER
8266,8267,910,1404,929,1427,ce,19,23,ce,OTHER
8327,8331,542,1402,584,1432,15937,42,30,15937,OTHER
8333,8335,584,1405,618,1435,.39,34,30,.39,OTHER
8356,8362,156,1430,217,1458,2374305,61,28,2374305,OTHER
8395,8401,539,1434,605,1471,6731-37,66,37,6731-37,box16StateWagesTips
8429,8436,204,1448,253,1477,player's,49,29,player's,OTHER
8438,8442,255,1454,298,1482,"name,",43,28,"name,",OTHER
8444,8449,299,1458,355,1487,addrem,56,29,addrem,OTHER
8475,8488,194,1471,352,1525,salazar-nguyen,158,54,salazar-nguyen,OTHER
8490,8492,354,1504,390,1535,lit,36,31,lit,OTHER
8519,8521,191,1497,230,1524,227,39,27,227,OTHER
8523,8529,233,1502,315,1538,allison,82,36,allison,OTHER
8531,8536,321,1515,391,1551,skyway,70,36,skyway,OTHER
8538,8542,397,1528,457,1563,suite,60,35,suite,OTHER
8697,8702,1490,1494,1540,1524,wages.,50,30,wages.,OTHER
8704,8708,1541,1504,1571,1528,tips.,30,24,tips.,OTHER
8710,8711,1572,1509,1587,1530,ce,15,21,ce,OTHER
8737,8741,188,1523,246,1554,north,58,31,north,OTHER
8743,8749,251,1532,334,1566,stephen,83,34,stephen,OTHER
8751,8752,359,1546,390,1574,10,31,28,10,OTHER
8957,8963,1738,1532,1790,1565,federal,52,33,federal,OTHER
8965,8970,1791,1541,1841,1574,income,50,33,income,OTHER
8972,8974,1841,1549,1865,1578,tax,24,29,tax,OTHER
8976,8978,1865,1553,1892,1582,wig,27,29,wig,OTHER
9028,9032,426,1554,481,1583,80048,55,29,80048,OTHER
9034,9036,482,1563,515,1588,-40,33,25,-40,OTHER
9098,9111,836,1571,998,1626,salazar-nguyen,162,55,salazar-nguyen,OTHER
9113,9115,998,1600,1041,1637,llc,43,37,llc,OTHER
9184,9190,1514,1554,1571,1580,208331.,57,26,208331.,OTHER
9192,9193,1571,1559,1595,1581,92,24,22,92,OTHER
9214,9223,162,1583,234,1610,employer's,72,27,employer's,OTHER
9225,9227,234,1592,264,1614,fld,30,22,fld,OTHER
9229,9230,263,1595,281,1616,id,18,21,id,OTHER
9232,9237,280,1597,333,1623,number,53,26,number,OTHER
9401,9404,1511,1577,1540,1603,care,29,26,care,OTHER
9406,9410,1540,1581,1585,1609,wages,45,28,wages,OTHER
9412,9414,1585,1587,1612,1613,and,27,26,and,OTHER
9416,9419,1612,1591,1643,1617,tips,31,26,tips,OTHER
9437,9442,1734,1570,1776,1601,social,42,31,social,OTHER
9444,9451,1776,1576,1829,1608,security,53,32,security,OTHER
9453,9455,1829,1581,1853,1610,lax,24,29,lax,OTHER
9457,9460,1854,1583,1898,1611,miss,44,28,miss,OTHER
9579,9581,831,1597,874,1628,227,43,31,227,OTHER
9583,9589,875,1601,963,1640,allison,88,39,allison,OTHER
9591,9596,963,1614,1040,1653,skyway,77,39,skyway,OTHER
9598,9602,1039,1627,1104,1666,suite,65,39,suite,OTHER
9604,9606,1103,1641,1148,1676,370,45,35,370,OTHER
9667,9675,1510,1592,1588,1620,232109.37,78,28,232109.37,OTHER
9794,9798,829,1621,893,1657,north,64,36,north,OTHER
9800,9806,894,1631,981,1672,stephen,87,41,stephen,OTHER
9881,9883,1498,1614,1519,1636,gol,21,22,gol,OTHER
9885,9890,1519,1618,1578,1643,member,59,25,member,OTHER
9925,9927,1765,1615,1786,1645,are,21,30,are,OTHER
9929,9931,1788,1619,1813,1649,tax,25,30,tax,OTHER
9932,9939,1830,1604,1908,1637,15937.39,78,33,15937.39,OTHER
10197,10200,1814,1623,1848,1655,wins,34,32,wins,OTHER
10222,10226,164,1632,197,1654,ocial,33,22,ocial,OTHER
10228,10232,198,1637,234,1659,secur,36,22,secur,OTHER
10234,10236,222,1651,255,1676,927,33,25,927,OTHER
10258,10263,164,1648,221,1672,208329,57,24,208329,OTHER
10492,10498,1825,1639,1890,1673,6731.17,65,34,6731.17,OTHER
10642,10651,1073,1652,1182,1702,19044-4080,109,50,19044-4080,OTHER
10759,10766,1867,1671,1926,1707,employer,59,36,employer,OTHER
10768,10770,1925,1684,1949,1712,use,24,28,use,OTHER
10772,10775,1949,1690,1987,1720,only,38,30,only,OTHER
10793,10804,144,1684,220,1715,verification,76,31,verification,OTHER
10806,10809,222,1694,262,1723,code,40,29,code,OTHER
10887,10896,784,1676,857,1710,employer's,73,34,employer's,OTHER
10898,10900,857,1688,886,1715,fed,29,27,fed,OTHER
10902,10903,886,1692,903,1718,id,17,26,id,OTHER
10905,10910,903,1695,959,1725,number,56,30,number,OTHER
11026,11035,816,1697,905,1733,73-9690828,89,36,73-9690828,OTHER
11117,11119,1494,1695,1536,1728,227,42,33,227,OTHER
11121,11127,1536,1704,1620,1745,allison,84,41,allison,OTHER
11129,11129,1633,1723,1645,1750,x,12,27,x,OTHER
11268,11277,1034,1714,1110,1751,employee's,76,37,employee's,OTHER
11279,11280,1110,1729,1135,1757,sy,25,28,sy,OTHER
11336,11340,1493,1726,1551,1761,forth,58,35,forth,OTHER
11342,11347,1554,1737,1618,1773,stephe,64,36,stephe,OTHER
11370,11374,1699,1733,1765,1769,suite,66,36,suite,OTHER
11376,11378,1765,1746,1807,1781,370,42,35,370,OTHER
11395,11397,148,1753,182,1777,224,34,24,224,OTHER
11398,11404,181,1740,222,1766,suified,41,26,suified,OTHER
11406,11410,224,1749,266,1776,plans,42,27,plans,OTHER
11515,11523,1025,1763,1087,1802,allocated,62,39,allocated,OTHER
11525,11527,1087,1775,1127,1813,ups,40,38,ups,OTHER
11620,11629,1727,1766,1837,1806,89044-4080,110,40,89044-4080,OTHER
11643,11644,100,1777,124,1799,14,24,22,14,OTHER
11646,11650,138,1783,175,1808,other,37,25,other,OTHER
11778,11786,1123,1797,1205,1841,232109.37,82,44,232109.37,OTHER
11826,11835,1445,1781,1516,1815,employer's,71,34,employer's,OTHER
11837,11839,1517,1792,1545,1819,fed,28,27,fed,OTHER
11841,11842,1546,1797,1563,1822,id,17,25,id,OTHER
11844,11849,1563,1799,1617,1828,number,54,29,number,OTHER
12049,12058,1475,1803,1567,1836,73-9690929,92,33,73-9690929,OTHER
12254,12259,1437,1830,1480,1861,social,43,31,social,OTHER
12261,12268,1481,1839,1542,1869,security,61,30,security,OTHER
12297,12306,1694,1821,1770,1858,employee's,76,37,employee's,OTHER
12308,12310,1770,1834,1808,1865,ssa,38,31,ssa,OTHER
12508,12516,1465,1853,1551,1886,208231.32,86,33,208231.32,OTHER
12546,12554,1685,1871,1748,1906,allocated,63,35,allocated,OTHER
12556,12558,1748,1881,1784,1913,ops,36,32,ops,OTHER
12581,12586,240,1892,283,1922,adress,43,30,adress,OTHER
12588,12590,283,1900,312,1927,and,29,27,and,OTHER
12592,12594,312,1904,336,1931,zip,24,27,zip,OTHER
12596,12599,336,1908,375,1935,code,39,27,code,OTHER
12753,12764,1427,1882,1504,1918,verification,77,36,verification,OTHER
12766,12769,1505,1894,1542,1921,code,37,27,code,OTHER
12808,12816,1783,1901,1859,1942,232309.37,76,41,232309.37,OTHER
12828,12831,120,1913,178,1949,mary,58,36,mary,OTHER
12833,12839,210,1928,295,1965,wallace,85,37,wallace,OTHER
13010,13020,1424,1932,1514,1967,noequalised,90,35,noequalised,OTHER
13058,13062,1715,1929,1752,1958,sdent,37,29,sdent,OTHER
13064,13067,1752,1935,1783,1963,care,31,28,care,OTHER
13069,13072,1783,1940,1821,1967,bene,38,27,bene,OTHER
13084,13088,119,1942,183,1975,08126,64,33,08126,OTHER
13090,13095,184,1950,256,1984,taylor,72,34,taylor,OTHER
13098,13103,258,1960,334,1996,meadow,76,36,meadow,OTHER
13105,13109,337,1973,400,2008,suite,63,35,suite,OTHER
13111,13113,403,1986,442,2016,427,39,30,427,OTHER
13268,13270,1452,1952,1488,1981,224,36,29,224,OTHER
13282,13285,113,1965,166,1999,west,53,34,west,OTHER
13287,13298,167,1973,310,2018,danielleland,143,45,danielleland,OTHER
13502,13503,1650,1972,1673,1995,20,23,23,20,OTHER
13505,13507,1673,1975,1701,2000,see,28,25,see,OTHER
13509,13519,1701,1978,1776,2013,imenactions,75,35,imenactions,OTHER
13520,13522,1775,1957,1808,1983,260,33,26,260,OTHER
13775,13776,1459,2394,1480,2423,or,21,29,or,OTHER
13778,13780,1797,1994,1826,2022,box,29,28,box,OTHER
13782,13783,1826,2000,1846,2026,12,20,26,12,OTHER
13790,13791,63,2017,85,2039,15,22,22,15,OTHER
13793,13793,98,2021,105,2042,5,7,21,5,OTHER
13822,13831,388,2008,505,2053,60338-2088,117,45,60338-2088,OTHER
13939,13943,761,2043,827,2076,08126,66,33,08126,OTHER
13945,13950,828,2052,899,2086,taylor,71,34,taylor,OTHER
13952,13957,900,2062,977,2098,meadow,77,36,meadow,OTHER
13959,13964,980,2075,1045,2109,suite',65,34,suite',OTHER
13966,13968,1047,2088,1085,2116,427,38,28,427,OTHER
14065,14065,1636,2068,1661,2085,z,25,17,z,OTHER
14083,14094,164,2050,311,2079,es-54-415ma.,147,29,es-54-415ma.,OTHER
14096,14097,311,2055,338,2081,16,27,26,16,OTHER
14099,14103,345,2058,381,2087,state,36,29,state,OTHER
14105,14106,381,2062,405,2090,wa,24,28,wa,OTHER
14214,14217,756,2066,810,2099,west,54,33,west,OTHER
14219,14230,811,2075,954,2120,danielleland,143,45,danielleland,OTHER
14232,14233,974,2100,1008,2126,nc,34,26,nc,OTHER
14242,14248,95,2085,175,2114,6513gee,80,29,6513gee,OTHER
14250,14252,177,2089,210,2114,lax,33,25,lax,OTHER
14264,14265,302,2101,332,2132,18,30,31,18,OTHER
14267,14271,334,2107,373,2139,local,39,32,local,OTHER
14273,14278,373,2114,421,2148,"wages,",48,34,"wages,",OTHER
14280,14284,421,2124,451,2153,"tips,",30,29,"tips,",OTHER
14285,14291,433,2087,490,2120,132809.,57,33,132809.,OTHER
14346,14349,452,2130,477,2158,ese.,25,28,ese.,OTHER
14351,14352,491,2096,510,2123,62,19,27,62,OTHER
14496,14501,1527,2095,1567,2124,bekess,40,29,bekess,OTHER
14503,14505,1567,2104,1594,2130,and,27,26,and,OTHER
14507,14509,1594,2109,1618,2134,zip,24,25,zip,OTHER
14511,14514,1618,2111,1660,2138,code,42,27,code,OTHER
14649,14658,1031,2107,1149,2154,60338#2088,118,47,60338#2088,OTHER
14853,14856,1424,2117,1481,2157,mary,57,40,mary,OTHER
14858,14864,1510,2133,1591,2171,wallace,81,38,wallace,OTHER
14929,14937,426,2138,502,2173,224720.73,76,35,224720.73,OTHER
14976,14980,808,2150,859,2174,es...,51,24,es...,OTHER
14984,14985,937,2154,964,2181,16,27,27,16,OTHER
14987,14991,971,2158,1007,2187,state,36,29,state,OTHER
14993,14998,1007,2163,1054,2196,"wages,",47,33,"wages,",OTHER
15000,15004,1054,2172,1085,2203,"tips,",31,31,"tips,",OTHER
15006,15009,1085,2179,1113,2209,etc.,28,30,etc.,OTHER
15059,15063,1426,2144,1487,2180,08126,61,36,08126,OTHER
15065,15070,1487,2154,1555,2189,zay289,68,35,zay289,OTHER
15121,15128,326,2161,380,2193,locality,54,32,locality,OTHER
15130,15133,380,2169,429,2202,name,49,33,name,OTHER
15264,15267,1418,2169,1470,2201,west,52,32,west,OTHER
15269,15276,1471,2179,1560,2214,danielle,89,35,danielle,OTHER
15278,15281,1561,2191,1613,2219,land,52,28,land,OTHER
15282,15286,1640,2180,1703,2213,suite,63,33,suite,OTHER
15288,15290,1707,2191,1741,2219,427,34,28,427,OTHER
15311,15317,140,2187,218,2227,federal,78,40,federal,OTHER
15354,15359,416,2189,471,2225,montes,55,36,montes,OTHER
15361,15366,472,2201,524,2233,plasas,52,32,plasas,OTHER
15429,15430,931,2200,957,2232,18,26,32,18,OTHER
15432,15436,962,2207,1001,2240,local,39,33,local,OTHER
15438,15443,1002,2215,1049,2248,"wages,",47,33,"wages,",OTHER
15445,15448,1049,2224,1078,2253,"ups,",29,29,"ups,",OTHER
15450,15453,1079,2230,1113,2258,etc.,34,28,etc.,OTHER
15456,15458,31,2227,96,2265,w-2,65,38,w-2,OTHER
15487,15490,213,2225,272,2257,wage,59,32,wage,OTHER
15492,15494,296,2236,336,2268,and,40,32,and,OTHER
15550,15551,672,2217,692,2239,19,20,22,19,OTHER
15553,15557,705,2222,744,2247,local,39,25,local,OTHER
15559,15564,744,2228,801,2255,income,57,27,income,OTHER
15678,15687,1690,2215,1807,2258,60338-2088,117,43,60338-2088,OTHER
15743,15745,360,2246,401,2276,tax,41,30,tax,OTHER
15747,15750,435,2236,486,2265,copy,51,29,copy,OTHER
15791,15798,731,2237,806,2270,34842.57,75,33,34842.57,OTHER
15843,15843,1338,2470,1345,2497,2,7,27,2,OTHER
15847,15848,921,2252,950,2281,20,29,29,20,OTHER
15853,15856,24,2267,55,2293,copy,31,26,copy,OTHER
15858,15858,57,2270,65,2295,b,8,25,b,OTHER
15860,15861,67,2272,82,2297,to,15,25,to,OTHER
15863,15864,83,2274,100,2300,be,17,26,be,OTHER
15866,15870,101,2276,126,2303,filed,25,27,filed,OTHER
15872,15875,128,2280,153,2307,with,25,27,with,OTHER
15877,15886,155,2284,220,2317,employee's,65,33,employee's,OTHER
15888,15892,222,2294,259,2323,feder,37,29,feder,OTHER
15992,15999,954,2258,1009,2290,locality,55,32,locality,OTHER
16001,16003,1009,2268,1039,2296,nam,30,28,nam,OTHER
16067,16070,418,2287,496,2328,2018,78,41,2018,OTHER
16107,16113,226,2294,266,2323,federal,40,29,federal,OTHER
16115,16120,267,2301,313,2331,income,46,30,income,OTHER
16122,16124,314,2309,338,2335,tax,24,26,tax,OTHER
16126,16132,339,2313,391,2344,reforms,52,31,reforms,OTHER
16134,16136,398,2322,429,2350,on3,31,28,on3,OTHER
16138,16140,430,2327,455,2354,1as,25,27,1as,OTHER
16142,16145,456,2331,485,2359,1565,29,28,1565,OTHER
16183,16190,778,2285,864,2329,ks.state,86,44,ks.state,OTHER
16224,16229,1043,2291,1100,2327,montes,57,36,montes,OTHER
16231,16236,1100,2303,1157,2337,plains,57,34,plains,OTHER
16330,16332,653,2324,714,2364,w-2,61,40,w-2,OTHER
16362,16365,849,2324,908,2358,wage,59,34,wage,OTHER
16367,16369,923,2335,966,2367,and,43,32,and,OTHER
16420,16424,1365,2322,1404,2352,local,39,30,local,OTHER
16426,16431,1404,2330,1455,2361,income,51,31,income,OTHER
16433,16434,1456,2340,1472,2364,ta,16,24,ta,OTHER
16563,16568,863,2352,926,2381,tement,63,29,tement,OTHER
16581,16583,986,2345,1030,2380,tax,44,35,tax,OTHER
16585,16588,1064,2335,1112,2363,copy,48,28,copy,OTHER
16621,16628,1389,2344,1465,2379,34947.67,76,35,34947.67,OTHER
16721,16724,647,2364,677,2390,capy,30,26,capy,OTHER
16728,16729,688,2370,703,2394,to,15,24,to,OTHER
16731,16732,705,2373,720,2397,be,15,24,be,OTHER
16734,16737,721,2375,747,2401,fied,26,26,fied,OTHER
16739,16742,749,2379,775,2406,with,26,27,with,OTHER
16744,16753,776,2383,843,2415,employee's,67,32,employee's,OTHER
16755,16759,844,2393,876,2420,state,32,27,state,OTHER
16761,16766,877,2397,923,2426,income,46,29,income,OTHER
16768,16770,924,2404,948,2429,tax,24,25,tax,OTHER
16772,16773,949,2407,969,2431,re,20,24,re,OTHER
16927,16930,1047,2386,1122,2428,2018,75,42,2018,OTHER
16967,16970,1423,2387,1459,2419,city,36,32,city,OTHER
16975,16979,1480,2398,1544,2436,local,64,38,local,OTHER
17156,17158,1314,2430,1380,2467,w-2,66,37,w-2,OTHER
17197,17199,1582,2436,1626,2469,and,44,33,and,OTHER
17201,17203,1648,2448,1689,2481,tax,41,33,tax,OTHER
17205,17208,1722,2437,1771,2469,copy,49,32,copy,OTHER
17384,17387,1308,2465,1335,2495,copy,27,30,copy,OTHER
17391,17392,1348,2472,1362,2499,to,14,27,to,OTHER
17394,17395,1365,2474,1379,2502,be,14,28,be,OTHER
17397,17401,1382,2477,1408,2506,filed,26,29,filed,OTHER
17403,17406,1410,2482,1435,2510,with,25,28,with,OTHER
17408,17417,1437,2486,1502,2521,employee's,65,35,employee's,OTHER
17419,17422,1504,2497,1529,2525,city,25,28,city,OTHER
17424,17425,1531,2501,1542,2527,er,11,26,er,OTHER
17427,17431,1544,2503,1577,2533,local,33,30,local,OTHER
17433,17438,1579,2508,1624,2540,income,45,32,income,OTHER
17440,17442,1626,2516,1648,2544,tax,22,28,tax,OTHER
17444,17448,1650,2519,1683,2550,retor,33,31,retor,OTHER
17450,17452,1685,2525,1715,2555,onb,30,30,onb,OTHER
17454,17457,1717,2530,1742,2559,due.,25,29,due.,OTHER
17459,17467,1743,2534,1815,2570,1565-9098,72,36,1565-9098,OTHER
17707,17710,1703,2489,1785,2534,2018,82,45,2018,OTHER
