start_index,end_index,x_top_left,y_top_left,x_bottom_right,y_bottom_right,transcript,box_width,box_height,combined_text,predicted_field
0,0,939,179,1056,205,information,117,26,information,OTHER
0,0,397,1389,428,1414,3876,31,25,3876,OTHER
0,0,268,1830,301,1859,12d,33,29,12d,OTHER
0,0,911,1955,963,1979,apt.,52,24,apt.,OTHER
0,0,1699,2055,1746,2075,94771.,47,20,94771.,OTHER
0,0,1379,2157,1419,2180,20091,40,23,20091,OTHER
99,102,784,31,891,71,2018,107,40,2018,OTHER
104,106,906,32,994,72,w-2,88,40,w-2,OTHER
108,110,1006,33,1090,73,and,84,40,and,OTHER
112,119,1104,32,1355,73,earnings,251,41,earnings,OTHER
121,127,1372,30,1616,73,summary,244,43,summary,OTHER
185,187,1767,19,1836,58,fdp,69,39,fdp,OTHER
206,212,124,84,201,104,mployee,77,20,mployee,OTHER
214,222,254,80,346,103,reference,92,23,reference,OTHER
231,233,420,81,459,101,cop,39,20,cop,OTHER
282,285,716,77,763,102,this,47,25,this,OTHER
287,290,766,77,820,102,blue,54,25,blue,OTHER
292,299,824,78,928,103,earnings,104,25,earnings,OTHER
301,307,932,79,1042,103,summary,110,24,summary,OTHER
309,315,1046,80,1130,103,section,84,23,section,OTHER
317,318,1134,80,1155,103,is,21,23,is,OTHER
320,327,1159,80,1258,103,included,99,23,included,OTHER
329,332,1262,80,1310,103,with,48,23,with,OTHER
334,337,1315,80,1367,103,your,52,23,your,OTHER
339,341,1372,80,1421,103,w-2,49,23,w-2,OTHER
343,344,1426,80,1448,103,to,22,23,to,OTHER
346,349,1453,80,1504,103,help,51,23,help,OTHER
351,358,1512,79,1607,103,describe,95,24,describe,OTHER
360,367,1612,78,1703,103,portions,91,25,portions,OTHER
369,370,1708,78,1730,103,in,22,25,in,OTHER
372,375,1735,77,1797,103,more,62,26,more,OTHER
377,383,1804,76,1870,103,detail.,66,27,detail.,OTHER
412,415,205,110,254,133,wage,49,23,wage,OTHER
417,419,288,109,316,128,and,28,19,and,OTHER
421,423,350,106,384,132,tax,34,26,tax,OTHER
478,480,717,103,757,130,the,40,27,the,OTHER
482,488,762,104,848,130,reverse,86,26,reverse,OTHER
490,493,853,106,901,130,side,48,24,side,OTHER
495,502,906,106,1002,130,includes,96,24,includes,OTHER
504,510,1007,107,1093,130,general,86,23,general,OTHER
512,522,1098,108,1225,130,information,127,22,information,OTHER
524,527,1230,107,1275,130,that,45,23,that,OTHER
529,531,1280,107,1322,130,you,42,23,you,OTHER
533,535,1326,107,1378,130,may,52,23,may,OTHER
537,540,1382,106,1431,130,also,49,24,also,OTHER
542,545,1436,106,1480,130,find,44,24,find,OTHER
547,553,1484,104,1559,130,helpful,75,26,helpful,OTHER
556,558,20,139,80,167,w-2,60,28,w-2,OTHER
584,591,207,130,270,152,tatement,63,22,tatement,OTHER
595,598,412,139,483,168,2018,71,29,2018,taxYear
640,641,406,173,426,195,mb,20,22,mb,OTHER
643,645,429,172,453,196,no.,24,24,no.,OTHER
647,655,456,172,519,197,1545-0008,63,25,1545-0008,OTHER
702,703,778,179,798,204,1.,20,25,1.,OTHER
705,707,803,179,841,204,the,38,25,the,OTHER
709,717,846,179,934,205,following,88,26,following,OTHER
721,723,62,182,79,202,for,17,20,for,OTHER
725,725,272,608,286,630,a,14,22,a,OTHER
731,738,1061,179,1137,205,reflects,76,26,reflects,OTHER
740,743,1142,179,1188,205,your,46,26,your,OTHER
745,749,1193,180,1238,205,final,45,25,final,OTHER
751,754,1243,180,1291,205,2018,48,25,2018,OTHER
756,758,1295,180,1334,205,pay,39,25,pay,OTHER
760,763,1338,180,1383,205,stub,45,25,stub,OTHER
765,768,1388,180,1434,205,plus,46,25,plus,OTHER
770,772,1439,180,1476,205,any,37,25,any,OTHER
774,784,1481,180,1608,206,adjustments,127,26,adjustments,OTHER
786,794,1613,180,1712,206,submitted,99,26,submitted,OTHER
796,797,1717,181,1744,206,by,27,25,by,OTHER
799,802,1748,181,1795,206,your,47,25,your,OTHER
804,812,1799,181,1909,206,employer.,110,25,employer.,OTHER
814,814,17,198,32,218,d,15,20,d,OTHER
815,818,17,183,48,203,copy,31,20,copy,OTHER
820,820,50,183,60,202,c,10,19,c,OTHER
822,824,403,929,422,951,for,19,22,for,OTHER
826,835,81,182,148,204,employee's,67,22,employee's,OTHER
839,845,44,200,92,221,control,48,21,control,OTHER
851,856,94,199,153,221,number,59,22,number,OTHER
858,865,149,183,206,208,records.,57,25,records.,OTHER
866,868,216,211,247,236,150,31,25,150,OTHER
870,874,269,202,305,225,corp.,36,23,corp.,OTHER
879,886,444,203,499,228,employer,55,25,employer,OTHER
888,890,502,203,526,228,use,24,25,use,OTHER
892,895,530,204,562,229,only,32,25,only,OTHER
898,902,18,213,64,233,79338,46,20,79338,OTHER
1006,1010,840,216,874,240,gross,34,24,gross,OTHER
1012,1014,878,217,902,240,pay,24,23,pay,OTHER
1019,1026,975,217,1025,239,248731.4,50,22,248731.4,OTHER
1050,1057,1283,215,1332,237,16246.88,49,22,16246.88,OTHER
1064,1066,1443,221,1463,242,tx.,20,21,tx.,OTHER
1067,1069,1446,236,1470,257,box,24,21,box,OTHER
1070,1074,1466,220,1498,242,state,32,22,state,OTHER
1090,1096,1638,216,1683,238,4562.27,45,22,4562.27,OTHER
1235,1240,1131,224,1172,244,social,41,20,social,OTHER
1380,1382,1554,218,1573,239,tax,19,21,tax,OTHER
1386,1393,1174,224,1228,243,security,54,19,security,OTHER
1533,1535,1131,251,1156,273,box,25,22,box,OTHER
1537,1537,1159,253,1168,273,4,9,20,4,OTHER
1538,1545,1157,238,1224,260,withheld,67,22,withheld,OTHER
1691,1692,1490,236,1503,257,of,13,21,of,OTHER
1694,1696,1186,253,1212,274,w-2,26,21,w-2,OTHER
1722,1723,1473,236,1487,257,17,14,21,17,OTHER
1725,1726,1171,254,1183,274,of,12,20,of,OTHER
1727,1732,1501,219,1551,241,income,50,22,income,OTHER
1733,1735,1506,236,1541,257,w.2,35,21,w.2,OTHER
1736,1738,1131,237,1155,259,tax,24,22,tax,OTHER
1747,1755,55,259,116,285,mployer's,61,26,mployer's,OTHER
1908,1912,1446,256,1478,277,local,32,21,local,OTHER
1914,1919,1481,256,1531,276,income,50,20,income,OTHER
1921,1923,1534,256,1555,275,tax,21,19,tax,OTHER
1933,1940,1636,253,1693,277,20091.82,57,24,20091.82,OTHER
1949,1955,61,276,146,302,barrera,85,26,barrera,employerName
1956,1960,120,258,162,283,"name,",42,25,"name,",OTHER
1961,1963,150,276,191,302,ltd,41,26,ltd,employerName
1985,1992,165,256,218,281,"address,",53,25,"address,",OTHER
2019,2021,195,275,232,300,ltd,37,25,ltd,employerName
2022,2024,221,255,246,280,and,25,25,and,OTHER
2026,2028,249,255,272,279,zip,23,24,zip,OTHER
2030,2033,274,254,310,278,code,36,24,code,OTHER
2162,2164,1444,277,1470,298,box,26,21,box,OTHER
2166,2167,1473,277,1488,298,19,15,21,19,OTHER
2169,2170,1491,277,1503,297,of,12,20,of,OTHER
2172,2174,1507,276,1538,297,w-2,31,21,w-2,OTHER
2183,2187,63,301,124,327,89406,61,26,89406,employerAddressStreet_name
2189,2193,128,301,191,327,perez,63,26,perez,employerAddressStreet_name
2195,2201,195,302,277,326,terrace,82,24,terrace,employerAddressStreet_name
2203,2206,281,303,336,326,apt.,55,23,apt.,employerAddressStreet_name
2208,2210,340,303,369,326,770,29,23,770,OTHER
2285,2288,839,303,868,327,fed.,29,24,fed.,OTHER
2290,2295,872,303,923,325,income,51,22,income,OTHER
2297,2304,968,303,1027,324,55649.45,59,21,55649.45,OTHER
2312,2319,1129,302,1190,324,medicare,61,22,medicare,OTHER
2321,2323,1193,302,1215,322,tax,22,20,tax,OTHER
2332,2338,1307,302,1359,323,3878.36,52,21,3878.36,OTHER
2348,2357,62,329,176,351,bryanburgh,114,22,bryanburgh,employerAddressCity
2359,2360,215,328,244,352,fl,29,24,fl,employerAddressState
2362,2371,249,328,365,352,11330-0145,116,24,11330-0145,employerAddressZip
2449,2451,841,330,863,353,tax,22,23,tax,OTHER
2453,2460,867,330,932,353,withheld,65,23,withheld,OTHER
2477,2484,1129,331,1195,355,withheld,66,24,withheld,OTHER
2508,2518,1445,330,1524,354,sui/sdi/fli,79,24,sui/sdi/fli,OTHER
2629,2631,842,352,865,374,box,23,22,box,OTHER
2633,2633,868,352,876,373,2,8,21,2,OTHER
2635,2636,879,352,893,373,of,14,21,of,OTHER
2638,2640,896,350,926,372,w-2,30,22,w-2,OTHER
2658,2660,1131,351,1156,374,box,25,23,box,OTHER
2662,2662,1158,351,1168,373,6,10,22,6,OTHER
2664,2665,1170,351,1183,372,of,13,21,of,OTHER
2667,2669,1185,352,1215,374,w-2,30,22,w-2,OTHER
2688,2690,1446,351,1470,375,box,24,24,box,OTHER
2692,2693,1473,350,1488,373,14,15,23,14,OTHER
2695,2696,1491,350,1503,373,of,12,23,of,OTHER
2698,2700,1507,351,1530,374,w-2,23,23,w-2,OTHER
2737,2741,268,407,330,432,batch,62,25,batch,OTHER
2744,2749,415,408,495,434,#02021,80,26,#02021,OTHER
2753,2754,24,448,43,470,if,19,22,if,OTHER
2756,2764,49,448,117,470,employees,68,22,employees,OTHER
2766,2770,122,449,162,471,"name,",40,22,"name,",OTHER
2772,2778,166,449,215,470,address,49,21,address,OTHER
2780,2782,219,449,243,470,and,24,21,and,OTHER
2784,2786,247,449,269,470,zip,22,21,zip,OTHER
2788,2791,272,449,309,470,code,37,21,code,OTHER
2896,2897,777,470,798,497,2.,21,27,2.,OTHER
2899,2902,802,470,851,497,your,49,27,your,OTHER
2904,2908,855,470,916,497,gross,61,27,gross,OTHER
2910,2912,921,470,959,497,pay,38,27,pay,OTHER
2914,2916,963,470,1004,497,was,41,27,was,OTHER
2918,2925,1009,470,1098,497,adjusted,89,27,adjusted,OTHER
2927,2928,1103,471,1126,497,as,23,26,as,OTHER
2930,2936,1131,471,1204,497,follows,73,26,follows,OTHER
2938,2939,1209,471,1229,497,to,20,26,to,OTHER
2941,2947,1234,471,1319,497,produce,85,26,produce,OTHER
2949,2952,1324,471,1370,497,your,46,26,your,OTHER
2954,2956,1375,471,1418,497,w-2,43,26,w-2,OTHER
2958,2967,1422,471,1528,497,statement.,106,26,statement.,OTHER
2975,2979,62,498,123,522,linda,61,24,linda,employeeName
2981,2989,127,499,228,524,hernandez,101,25,hernandez,employeeName
2998,3000,63,525,101,548,610,38,23,610,OTHER
3002,3007,106,524,178,547,laurie,72,23,laurie,OTHER
3009,3014,185,524,256,545,shoals,71,21,shoals,OTHER
3016,3019,260,524,312,545,apt.,52,21,apt.,OTHER
3021,3023,316,524,355,545,239,39,21,239,OTHER
3134,3139,1031,526,1079,549,"wages,",48,23,"wages,",OTHER
3141,3145,1083,526,1114,549,"tips,",31,23,"tips,",OTHER
3147,3150,1118,528,1144,551,othe,26,23,othe,OTHER
3156,3161,1237,526,1277,547,social,40,21,social,OTHER
3163,3167,1280,526,1312,547,secui,32,21,secui,OTHER
3169,3176,1314,526,1372,548,medicare,58,22,medicare,OTHER
3190,3192,1445,526,1463,548,tx.,18,22,tx.,OTHER
3194,3198,1466,526,1497,548,state,31,22,state,OTHER
3200,3205,1500,526,1560,549,"wages,",60,23,"wages,",OTHER
3207,3213,1570,526,1620,549,roberts,50,23,roberts,OTHER
3215,3221,1623,526,1663,548,prairie,40,22,prairie,OTHER
3230,3233,63,550,111,572,port,48,22,port,OTHER
3235,3240,117,550,189,572,cheryl,72,22,cheryl,OTHER
3242,3243,226,547,252,568,de,26,21,de,OTHER
3244,3253,283,548,397,572,81557-1211,114,24,81557-1211,OTHER
3368,3379,1039,550,1128,574,compensation,89,24,compensation,OTHER
3387,3391,1234,552,1288,578,wages,54,26,wages,OTHER
3392,3396,1314,550,1367,579,wages,53,29,wages,OTHER
3421,3425,1443,551,1474,576,"tips,",31,25,"tips,",OTHER
3427,3430,1476,554,1511,578,etc.,35,24,etc.,OTHER
3576,3578,1032,570,1059,589,box,27,19,box,OTHER
3580,3580,1062,570,1069,589,1,7,19,1,OTHER
3582,3583,1072,570,1085,589,of,13,19,of,OTHER
3585,3587,1087,570,1112,590,w-2,25,20,w-2,OTHER
3596,3598,1234,569,1260,592,box,26,23,box,OTHER
3600,3600,1264,570,1272,592,3,8,22,3,OTHER
3602,3603,1275,570,1287,592,of,12,22,of,OTHER
3605,3606,1290,570,1304,593,w-,14,23,w-,OTHER
3608,3608,1307,570,1312,593,2,5,23,2,OTHER
3610,3612,1315,571,1343,593,box,28,22,box,OTHER
3614,3614,1345,571,1353,593,5,8,22,5,OTHER
3616,3617,1356,571,1370,593,of,14,22,of,OTHER
3619,3621,1372,571,1401,593,w-2,29,22,w-2,OTHER
3630,3632,1443,569,1470,591,box,27,22,box,OTHER
3634,3635,1474,570,1487,592,16,13,22,16,OTHER
3637,3638,1491,570,1503,593,of,12,23,of,OTHER
3640,3641,1506,571,1521,595,w-,15,24,w-,OTHER
3643,3643,1525,572,1531,595,2,6,23,2,OTHER
3645,3649,1571,554,1607,575,local,36,21,local,OTHER
3651,3655,1609,552,1655,574,wages,46,22,wages,OTHER
3875,3877,1572,586,1600,608,box,28,22,box,OTHER
3879,3880,1601,585,1618,608,18,17,23,18,OTHER
3882,3883,1619,585,1631,608,of,12,23,of,OTHER
3885,3886,1633,586,1655,608,w2,22,22,w2,OTHER
3894,3903,48,606,118,628,employer's,70,22,employer's,OTHER
3913,3922,61,620,152,647,92-6254111,91,27,92-6254111,einEmployerIdentificationNumber
3923,3925,121,605,148,627,fed,27,22,fed,OTHER
3927,3928,150,605,165,627,id,15,22,id,OTHER
3930,3935,168,604,222,626,number,54,22,number,OTHER
3946,3946,1578,770,1589,794,a,11,24,a,OTHER
3948,3957,296,605,371,629,employee's,75,24,employee's,OTHER
3959,3969,396,619,483,644,171-02-6238,87,25,171-02-6238,ssnOfEmployee
4026,4028,374,605,400,628,ssa,26,23,ssa,OTHER
4030,4035,403,605,463,629,number,60,24,number,OTHER
4146,4150,840,625,874,648,gross,34,23,gross,OTHER
4152,4154,878,625,907,648,pay,29,23,pay,OTHER
4182,4190,1065,625,1131,647,248731.35,66,22,248731.35,OTHER
4212,4219,1320,627,1374,649,248/31.4,54,22,248/31.4,OTHER
4397,4400,1034,641,1067,662,3359,33,21,3359,OTHER
4420,4426,1451,627,1498,649,248731.,47,22,248731.,OTHER
4438,4445,1577,628,1628,650,248731.4,51,22,248731.4,OTHER
4550,4553,778,653,803,678,less,25,25,less,OTHER
4555,4560,808,651,843,675,401(k),35,24,401(k),OTHER
4562,4567,847,650,891,672,(d-box,44,22,(d-box,OTHER
4569,4570,894,651,909,671,?),15,20,?),OTHER
4592,4595,1317,641,1351,660,3359,34,19,3359,OTHER
4646,4649,1444,641,1477,659,3359,33,18,3359,OTHER
4849,4851,1443,656,1473,681,965,30,25,965,OTHER
4868,4870,1570,653,1598,670,nia,28,17,nia,OTHER
4878,4883,48,660,93,683,"wages,",45,23,"wages,",OTHER
4885,4889,98,660,125,683,"tips,",27,23,"tips,",OTHER
4891,4895,130,660,161,682,other,31,22,other,OTHER
4897,4901,166,659,205,681,comp.,39,22,comp.,OTHER
4914,4920,296,660,345,682,federal,49,22,federal,OTHER
4922,4927,348,658,396,681,income,48,23,income,OTHER
4929,4931,399,658,421,680,tax,22,22,tax,OTHER
4935,4942,423,658,475,680,withheld,52,22,withheld,OTHER
5003,5010,397,672,470,695,55649.45,73,23,55649.45,box2FederalIncomeTaxWithheld
5108,5115,1234,671,1290,698,55649.45,56,27,55649.45,OTHER
5121,5127,1323,673,1367,694,5649.45,44,21,5649.45,OTHER
5144,5150,1451,674,1495,694,5649.45,44,20,5649.45,OTHER
5151,5152,1079,685,1097,709,02,18,24,02,OTHER
5162,5164,1570,662,1598,682,,28,20,,OTHER
5384,5391,1572,675,1624,695,55649.45,52,20,55649.45,OTHER
5392,5392,1618,688,1628,707,0,10,19,0,OTHER
5497,5500,778,679,804,704,less,26,25,less,OTHER
5605,5612,777,692,833,715,reported,56,23,reported,OTHER
5614,5616,837,692,863,713,w-2,26,21,w-2,OTHER
5617,5620,846,673,877,695,cafe,31,22,cafe,OTHER
5621,5625,866,692,911,713,wages,45,21,wages,OTHER
5735,5739,808,675,843,700,other,35,25,other,OTHER
5748,5750,880,672,909,693,125,29,21,125,OTHER
5772,5776,1039,684,1076,705,70925,37,21,70925,OTHER
5778,5779,1490,687,1512,711,02,22,24,02,OTHER
5791,5799,1236,687,1302,712,176835.02,66,25,176835.02,OTHER
5801,5809,1316,689,1375,713,176835.02,59,24,176835.02,OTHER
5826,5830,1452,686,1489,711,76835,37,25,76835,OTHER
5845,5850,1573,685,1619,707,176835,46,22,176835,OTHER
5859,5864,52,712,88,732,social,36,20,social,OTHER
5866,5873,92,712,141,732,security,49,20,security,OTHER
5882,5887,61,727,106,750,212377,45,23,212377,OTHER
5895,5897,109,723,142,749,.48,33,26,.48,OTHER
5899,5903,143,710,186,730,wages,43,20,wages,OTHER
5918,5923,296,711,337,731,social,41,20,social,OTHER
5925,5932,339,711,390,732,security,51,21,security,OTHER
5933,5940,396,724,469,748,16246.88,73,24,16246.88,box4SocialSecurityTaxWithheld
6001,6003,392,711,414,732,tax,22,21,tax,OTHER
6005,6012,416,711,473,732,withheld,57,21,withheld,OTHER
6020,6027,47,773,107,794,medicare,60,21,medicare,OTHER
6029,6033,110,774,152,793,wages,42,19,wages,OTHER
6035,6037,155,774,180,792,and,25,18,and,OTHER
6039,6042,183,774,214,792,tips,31,18,tips,OTHER
6056,6063,295,772,356,791,medicare,61,19,medicare,OTHER
6065,6067,359,772,380,791,tax,21,19,tax,OTHER
6069,6072,398,788,429,812,3878,31,24,3878,OTHER
6130,6137,383,772,444,792,withheld,61,20,withheld,OTHER
6200,6200,430,791,436,811,.,6,20,.,OTHER
6201,6201,437,791,449,811,3,12,20,3,OTHER
6242,6243,777,769,797,793,3.,20,24,3.,OTHER
6245,6252,801,769,902,793,employee,101,24,employee,OTHER
6254,6256,906,769,948,793,w-4,42,24,w-4,OTHER
6258,6265,952,769,1027,793,profile.,75,24,profile.,OTHER
6267,6268,1031,769,1057,793,to,26,24,to,OTHER
6270,6275,1061,769,1136,793,change,75,24,change,OTHER
6277,6280,1140,769,1188,793,your,48,24,your,OTHER
6282,6289,1193,769,1293,794,employee,100,25,employee,OTHER
6291,6293,1297,770,1339,794,w-4,42,24,w-4,OTHER
6295,6301,1343,770,1409,794,profile,66,24,profile,OTHER
6303,6314,1413,770,1537,794,"information,",124,24,"information,",OTHER
6316,6319,1541,770,1573,794,file,32,24,file,OTHER
6321,6321,269,1593,284,1614,a,15,21,a,OTHER
6323,6325,1593,770,1635,794,new,42,24,new,OTHER
6327,6329,1641,770,1681,794,w-4,40,24,w-4,OTHER
6331,6334,1685,770,1727,795,with,42,25,with,OTHER
6336,6339,1731,770,1779,795,your,48,25,your,OTHER
6341,6347,1783,770,1855,795,payroll,72,25,payroll,OTHER
6349,6353,1860,771,1915,795,dept.,55,24,dept.,OTHER
6363,6371,61,788,140,813,133736.55,79,25,133736.55,OTHER
6380,6385,52,827,88,848,social,36,21,social,OTHER
6395,6400,61,841,108,865,212377,47,24,212377,OTHER
6401,6408,92,828,141,848,security,49,20,security,OTHER
6409,6411,110,838,142,864,.48,32,26,.48,OTHER
6412,6415,144,827,164,847,tips,20,20,tips,OTHER
6427,6427,269,827,282,848,8,13,21,8,OTHER
6429,6437,295,826,356,848,allocated,61,22,allocated,OTHER
6439,6442,359,826,391,850,tips,32,24,tips,OTHER
6443,6451,396,839,474,863,133736.55,78,24,133736.55,OTHER
6585,6590,1444,829,1482,849,social,38,20,social,OTHER
6592,6599,1485,830,1532,849,security,47,19,security,OTHER
6601,6606,1535,830,1580,848,number,45,18,number,OTHER
6615,6625,1637,826,1714,847,171-02-6238,77,21,171-02-6238,OTHER
6740,6744,843,847,912,872,linda,69,25,linda,OTHER
6746,6754,920,848,1033,872,hernandez,113,24,hernandez,OTHER
6824,6830,1443,849,1489,868,taxable,46,19,taxable,OTHER
6832,6836,1490,850,1534,869,manal,44,19,manal,OTHER
6838,6844,1535,851,1587,869,status.,52,18,status.,OTHER
6857,6863,1642,838,1701,862,iarried,59,24,iarried,OTHER
6870,6881,47,877,122,900,verification,75,23,verification,OTHER
6883,6886,124,877,156,898,code,32,21,code,OTHER
6906,6906,275,878,290,900,0,15,22,0,OTHER
6908,6916,298,878,368,900,dependent,70,22,dependent,OTHER
6918,6921,372,877,400,899,care,28,22,care,OTHER
6922,6924,398,891,430,914,124,32,23,124,OTHER
6984,6991,403,877,451,898,benefits,48,21,benefits,OTHER
7039,7041,844,884,885,908,610,41,24,610,OTHER
7043,7048,894,885,976,908,laurie,82,23,laurie,OTHER
7050,7055,986,885,1068,908,shoals,82,23,shoals,OTHER
7060,7060,1503,868,1517,890,.,14,22,.,OTHER
7062,7064,1144,882,1187,907,239,43,25,239,OTHER
7123,7129,1443,870,1501,891,federal,58,21,federal,OTHER
7131,7131,324,1037,329,1066,.,5,29,.,OTHER
7331,7336,1446,891,1496,908,state.,50,17,state.,OTHER
7451,7460,842,917,971,941,bryanburgh,129,24,bryanburgh,OTHER
7462,7463,1024,918,1051,939,fl,27,21,fl,OTHER
7465,7469,1065,919,1131,941,11330,66,22,11330,OTHER
7536,7540,1444,908,1484,930,local,40,22,local,OTHER
7542,7542,1487,910,1492,930,:,5,20,:,OTHER
7547,7558,50,929,133,951,nonqualified,83,22,nonqualified,OTHER
7560,7564,136,930,171,951,plans,35,21,plans,OTHER
7582,7584,269,931,297,952,12a,28,21,12a,OTHER
7586,7588,301,931,324,952,see,23,21,see,OTHER
7590,7601,327,929,401,952,instructions,74,23,instructions,OTHER
7603,7605,402,1748,421,1771,for,19,23,for,OTHER
7607,7609,424,928,451,951,box,27,23,box,OTHER
7611,7612,453,928,472,950,12,19,22,12,OTHER
7618,7620,62,946,91,964,108,29,18,108,OTHER
7623,7624,18,983,38,1003,14,20,20,14,OTHER
7626,7630,55,983,95,1003,other,40,20,other,OTHER
7660,7662,270,987,301,1015,126,31,28,126,OTHER
7684,7688,385,969,436,994,13359,51,25,13359,OTHER
7753,7753,384,991,395,1009,1,11,18,1,OTHER
7755,7757,398,992,427,1011,965,29,19,965,OTHER
7797,7799,269,1008,305,1041,120,36,33,120,OTHER
7839,7840,269,1033,279,1063,13,10,30,13,OTHER
7842,7845,284,1035,300,1065,stat,16,30,stat,OTHER
7847,7849,305,1036,319,1066,emp,14,30,emp,OTHER
7851,7851,349,1039,350,1067,.,1,28,.,OTHER
7853,7855,334,1038,344,1067,ret,10,29,ret,OTHER
7857,7857,437,1070,452,1096,.,15,26,.,OTHER
7859,7862,355,1039,386,1068,plan,31,29,plan,OTHER
7863,7865,396,1034,411,1061,brd,15,27,brd,OTHER
7867,7871,415,1036,439,1062,party,24,26,party,OTHER
7873,7876,443,1037,461,1062,sick,18,25,sick,OTHER
7878,7880,465,1038,487,1063,pay,22,25,pay,OTHER
7888,7892,52,1077,85,1096,state,33,19,state,OTHER
7894,7897,124,1090,153,1115,149-,29,25,149-,OTHER
7898,7907,125,1075,188,1097,employers',63,22,employers',OTHER
7909,7913,190,1074,219,1097,state,29,23,state,OTHER
7915,7916,222,1074,234,1097,id,12,23,id,OTHER
7918,7920,236,1073,265,1097,no.,29,24,no.,OTHER
7922,7923,269,1072,290,1097,16,21,25,16,OTHER
7925,7929,305,1072,336,1096,state,31,24,state,OTHER
7931,7935,339,1071,378,1096,wages,39,25,wages,OTHER
7937,7937,381,1071,386,1096,",",5,25,",",OTHER
7939,7943,398,1087,434,1112,94771,36,25,94771,OTHER
7968,7973,156,1089,215,1115,73-143,59,26,73-143,OTHER
8008,8012,389,1071,416,1096,"tips,",27,25,"tips,",OTHER
8014,8016,419,1071,435,1096,etc,16,25,etc,OTHER
8088,8088,438,1088,442,1113,.,4,25,.,box16StateWagesTips
8090,8091,447,1088,457,1113,78,10,25,78,box16StateWagesTips
8092,8092,102,1192,106,1217,.,4,25,.,OTHER
8100,8104,56,1124,87,1147,state,31,23,state,OTHER
8106,8111,91,1126,138,1147,income,47,21,income,OTHER
8113,8115,141,1126,163,1146,tax,22,20,tax,OTHER
8133,8134,270,1126,289,1147,18,19,21,18,OTHER
8136,8140,302,1125,338,1148,local,36,23,local,OTHER
8142,8147,341,1125,387,1149,"wages,",46,24,"wages,",OTHER
8149,8153,390,1126,419,1150,"tips,",29,24,"tips,",OTHER
8155,8158,421,1127,455,1151,etc.,34,24,etc.,OTHER
8167,8170,60,1143,91,1167,4562,31,24,4562,box17StateIncomeTax
8172,8174,94,1143,126,1167,.27,32,24,.27,box17StateIncomeTax
8222,8230,397,1139,473,1166,160864.31,76,27,160864.31,OTHER
8238,8242,53,1181,90,1202,local,37,21,local,OTHER
8270,8271,269,1179,289,1199,20,20,20,20,OTHER
8273,8280,302,1179,353,1200,locality,51,21,locality,OTHER
8282,8288,395,1194,458,1220,roberts,63,26,roberts,OTHER
8295,8298,356,1179,399,1203,name,43,24,name,OTHER
8300,8306,461,1197,518,1220,prairie,57,23,prairie,OTHER
8315,8319,62,1192,97,1218,20091,35,26,20091,OTHER
8320,8325,94,1179,141,1202,income,47,23,income,OTHER
8340,8340,110,1355,117,1378,.,7,23,.,OTHER
8342,8343,110,1191,126,1217,82,16,26,82,OTHER
8345,8347,145,1176,165,1199,tax,20,23,tax,OTHER
8430,8430,776,1193,785,1217,@,9,24,@,OTHER
8432,8435,790,1193,817,1217,2018,27,24,2018,OTHER
8437,8440,822,1193,851,1217,"adp,",29,24,"adp,",OTHER
8442,8444,855,1193,882,1218,llc,27,25,llc,OTHER
8488,8493,305,1294,344,1320,ederal,39,26,ederal,OTHER
8495,8500,347,1297,396,1320,income,49,23,income,OTHER
8502,8504,399,1297,422,1320,fax,23,23,fax,OTHER
8506,8513,424,1295,480,1320,withheld,56,25,withheld,OTHER
8536,8541,679,1297,726,1321,"wages,",47,24,"wages,",OTHER
8543,8547,729,1301,757,1322,"tips,",28,21,"tips,",OTHER
8549,8553,760,1300,793,1322,other,33,22,other,OTHER
8555,8559,796,1297,841,1322,comp.,45,25,comp.,OTHER
8572,8578,929,1297,979,1323,federal,50,26,federal,OTHER
8580,8585,982,1298,1031,1323,income,49,25,income,OTHER
8587,8589,1034,1298,1054,1323,tax,20,25,tax,OTHER
8591,8598,1057,1296,1116,1323,withheld,59,27,withheld,OTHER
8625,8625,1317,1297,1331,1318,1,14,21,1,OTHER
8627,8632,1346,1299,1394,1322,"wages,",48,23,"wages,",OTHER
8634,8638,1397,1300,1425,1322,"tips,",28,22,"tips,",OTHER
8640,8644,1428,1299,1463,1322,other,35,23,other,OTHER
8646,8650,1465,1296,1510,1322,comp.,45,26,comp.,OTHER
8661,8667,1598,1298,1647,1323,federal,49,25,federal,OTHER
8669,8674,1650,1298,1699,1324,income,49,26,income,OTHER
8676,8678,1701,1298,1723,1323,tax,22,25,tax,OTHER
8680,8687,1726,1295,1780,1322,withheld,54,27,withheld,OTHER
8693,8699,60,1310,115,1334,176835.,55,24,176835.,OTHER
8701,8702,116,1307,143,1332,02,27,25,02,OTHER
8739,8746,396,1314,469,1336,55649.45,73,22,55649.45,OTHER
8871,8877,1379,1312,1434,1337,176835.,55,25,176835.,OTHER
8879,8880,1436,1308,1460,1334,02,24,26,02,OTHER
8886,8891,49,1339,90,1359,social,41,20,social,OTHER
8893,8900,92,1338,143,1359,security,51,21,security,OTHER
8902,8906,144,1336,188,1359,wages,44,23,wages,OTHER
8917,8917,270,1336,285,1359,4,15,23,4,OTHER
8919,8924,298,1336,337,1360,social,39,24,social,OTHER
8926,8933,340,1336,388,1360,security,48,24,security,OTHER
8934,8938,398,1352,445,1373,16246,47,21,16246,OTHER
8993,8995,391,1338,415,1361,lax,24,23,lax,OTHER
8997,9000,418,1340,440,1361,will,22,21,will,OTHER
9002,9002,648,1336,664,1358,3,16,22,3,OTHER
9003,9003,269,1643,282,1663,8,13,20,8,OTHER
9023,9023,1316,1336,1330,1356,3,14,20,3,OTHER
9024,9029,680,1339,719,1359,social,39,20,social,OTHER
9031,9038,721,1340,773,1358,security,52,18,security,OTHER
9040,9043,775,1340,813,1358,wage,38,18,wage,OTHER
9064,9069,930,1337,973,1361,social,43,24,social,OTHER
9071,9078,974,1337,1024,1361,security,50,24,security,OTHER
9080,9082,1026,1336,1048,1360,tax,22,24,tax,OTHER
9084,9091,1050,1334,1113,1359,withheld,63,25,withheld,OTHER
9116,9116,1073,1397,1085,1420,3,12,23,3,OTHER
9118,9123,1347,1339,1388,1358,social,41,19,social,OTHER
9125,9132,1389,1341,1442,1358,security,53,17,security,OTHER
9134,9137,1443,1339,1478,1358,wage,35,19,wage,OTHER
9153,9158,1600,1337,1640,1360,social,40,23,social,OTHER
9160,9167,1642,1337,1693,1360,security,51,23,security,OTHER
9169,9171,1695,1337,1717,1360,tax,22,23,tax,OTHER
9173,9179,1718,1338,1770,1360,withhel,52,22,withhel,OTHER
9184,9189,59,1356,109,1379,212377,50,23,212377,OTHER
9191,9191,760,1355,767,1375,.,7,20,.,OTHER
9193,9194,118,1352,141,1377,48,23,25,48,OTHER
9271,9276,711,1356,760,1376,212377,49,20,212377,OTHER
9278,9278,1066,1396,1071,1418,.,5,22,.,OTHER
9280,9281,768,1353,792,1375,48,24,22,48,OTHER
9318,9325,1032,1354,1099,1380,16246.88,67,26,16246.88,OTHER
9362,9365,1395,1362,1427,1380,2847,32,18,2847,OTHER
9407,9412,1700,1355,1747,1377,16246.,47,22,16246.,OTHER
9414,9415,1747,1353,1768,1374,88,21,21,88,OTHER
9421,9428,49,1380,107,1400,medicare,58,20,medicare,OTHER
9452,9452,268,1377,284,1399,6,16,22,6,OTHER
9454,9461,294,1376,356,1399,medicare,62,23,medicare,OTHER
9463,9465,358,1375,381,1399,tax,23,24,tax,OTHER
9466,9467,446,1350,470,1373,38,24,23,38,OTHER
9471,9478,382,1373,447,1398,withheld,65,25,withheld,OTHER
9500,9500,647,1372,663,1394,5,16,22,5,OTHER
9502,9509,677,1379,739,1400,medicare,62,21,medicare,OTHER
9513,9517,110,1378,155,1400,wages,45,22,wages,OTHER
9519,9521,157,1377,182,1398,and,25,21,and,OTHER
9523,9526,183,1375,209,1397,tips,26,22,tips,OTHER
9541,9548,929,1377,991,1400,medicare,62,23,medicare,OTHER
9550,9552,993,1377,1015,1399,tax,22,22,tax,OTHER
9554,9557,1032,1393,1063,1418,3878,31,25,3878,OTHER
9698,9705,1017,1373,1084,1398,withheld,67,25,withheld,OTHER
9736,9743,1344,1376,1407,1396,medicare,63,20,medicare,OTHER
9746,9750,740,1379,784,1399,wages,44,20,wages,OTHER
9751,9753,1428,1361,1458,1379,:48,30,18,:48,OTHER
9949,9951,786,1379,812,1399,and,26,20,and,OTHER
9953,9956,813,1378,841,1399,tips,28,21,tips,OTHER
9967,9974,1596,1379,1659,1400,medicare,63,21,medicare,OTHER
9976,9978,1660,1379,1683,1398,tax,23,19,tax,OTHER
9979,9982,1700,1394,1731,1418,3878,31,24,3878,OTHER
9983,9990,1684,1378,1749,1398,withheld,65,20,withheld,OTHER
9997,10002,61,1397,107,1419,133736,46,22,133736,OTHER
10004,10008,1409,1378,1452,1398,wages,43,20,wages,OTHER
10025,10027,109,1391,140,1418,.55,31,27,.55,OTHER
10029,10031,1454,1379,1480,1400,and,26,21,and,OTHER
10033,10036,1481,1380,1512,1403,tips,31,23,tips,OTHER
10069,10071,431,1389,456,1417,.36,25,28,.36,OTHER
10073,10073,459,1392,473,1419,4,14,27,4,OTHER
10101,10109,711,1390,792,1416,133736.55,81,26,133736.55,OTHER
10154,10155,1733,1398,1752,1419,.3,19,21,.3,OTHER
10194,10199,1378,1395,1433,1414,136736,55,19,136736,OTHER
10201,10202,1436,1393,1457,1414,56,21,21,56,OTHER
10244,10244,110,1660,116,1681,.,6,21,.,OTHER
10248,10254,45,1422,92,1448,control,47,26,control,OTHER
10256,10261,93,1422,150,1444,number,57,22,number,OTHER
10263,10265,216,1433,245,1457,150,29,24,150,OTHER
10267,10271,269,1422,309,1445,corp.,40,23,corp.,OTHER
10331,10337,676,1421,722,1445,control,46,24,control,OTHER
10342,10347,724,1418,784,1441,number,60,23,number,OTHER
10358,10362,838,1426,880,1448,dept.,42,22,dept.,OTHER
10363,10367,905,1427,939,1443,corp.,34,16,corp.,OTHER
10391,10398,1079,1419,1136,1444,employer,57,25,employer,OTHER
10400,10402,1138,1421,1162,1444,use,24,23,use,OTHER
10404,10407,1164,1420,1198,1444,only,34,24,only,OTHER
10423,10429,1344,1422,1391,1446,conttal,47,24,conttal,OTHER
10431,10436,1393,1419,1454,1443,number,61,24,number,OTHER
10480,10487,1745,1420,1804,1443,employer,59,23,employer,OTHER
10489,10491,1806,1421,1829,1444,use,23,23,use,OTHER
10493,10496,1832,1422,1865,1446,only,33,24,only,OTHER
10501,10510,46,1458,116,1482,employer's,70,24,employer's,OTHER
10512,10516,119,1458,161,1483,"name,",42,25,"name,",OTHER
10518,10525,164,1458,220,1483,"address,",56,25,"address,",OTHER
10527,10529,223,1457,247,1482,and,24,25,and,OTHER
10531,10533,250,1457,272,1481,zip,22,24,zip,OTHER
10535,10538,275,1457,308,1481,code,33,24,code,OTHER
10581,10585,649,1442,684,1463,79338,35,21,79338,OTHER
10586,10595,678,1456,748,1482,employer's,70,26,employer's,OTHER
10597,10601,752,1458,793,1483,"name,",41,25,"name,",OTHER
10603,10610,797,1458,850,1483,"address,",53,25,"address,",OTHER
10612,10614,853,1457,877,1482,and,24,25,and,OTHER
10616,10618,880,1457,903,1481,zip,23,24,zip,OTHER
10620,10623,905,1456,939,1480,code,34,24,code,OTHER
10674,10683,1345,1455,1416,1480,employer's,71,25,employer's,OTHER
10685,10689,1418,1455,1460,1480,"name,",42,25,"name,",OTHER
10691,10698,1463,1455,1518,1480,"address,",55,25,"address,",OTHER
10700,10702,1521,1455,1545,1480,and,24,25,and,OTHER
10704,10706,1548,1456,1569,1481,zip,21,25,zip,OTHER
10708,10712,1572,1456,1614,1481,codes,42,25,codes,OTHER
10720,10726,62,1482,145,1507,barrera,83,25,barrera,OTHER
10728,10730,150,1481,191,1504,ltd,41,23,ltd,OTHER
10732,10734,194,1481,235,1503,ltd,41,22,ltd,OTHER
10806,10812,712,1483,794,1504,barrera,82,21,barrera,OTHER
10814,10816,801,1482,837,1504,ltd,36,22,ltd,OTHER
10818,10820,846,1480,879,1502,ltd,33,22,ltd,OTHER
10899,10905,1380,1478,1465,1505,barrera,85,27,barrera,OTHER
10907,10909,1468,1479,1508,1505,itd,40,26,itd,OTHER
10911,10914,1513,1478,1559,1505,star,46,27,star,OTHER
10922,10926,63,1504,124,1529,89406,61,25,89406,OTHER
10928,10932,129,1505,190,1530,perez,61,25,perez,OTHER
10934,10940,195,1505,277,1531,terrace,82,26,terrace,OTHER
10942,10945,1076,883,1136,907,apt.,60,24,apt.,OTHER
10947,10949,339,1506,369,1531,770,30,25,770,OTHER
11010,11014,714,1505,776,1530,89406,62,25,89406,OTHER
11016,11020,779,1505,841,1530,perez,62,25,perez,OTHER
11022,11028,846,1506,928,1529,terrace,82,23,terrace,OTHER
11030,11033,282,1506,334,1531,apt.,52,25,apt.,OTHER
11035,11037,990,1505,1025,1528,770,35,23,770,OTHER
11101,11105,1382,1504,1443,1530,89406,61,26,89406,OTHER
11107,11111,1447,1505,1509,1530,perez,62,25,perez,OTHER
11113,11119,1513,1505,1598,1530,terrace,85,25,terrace,OTHER
11121,11124,932,1506,987,1529,apt.,55,23,apt.,OTHER
11126,11128,1658,1505,1693,1529,770,35,24,770,OTHER
11135,11144,61,1531,178,1555,bryanburgh,117,24,bryanburgh,OTHER
11146,11147,217,1531,242,1555,fl,25,24,fl,OTHER
11149,11158,249,1529,359,1555,11330-0145,110,26,11330-0145,OTHER
11222,11231,713,1532,828,1556,bryanburgh,115,24,bryanburgh,OTHER
11233,11234,867,1530,894,1555,fl,27,25,fl,OTHER
11236,11245,901,1531,1016,1556,11330-0145,115,25,11330-0145,OTHER
11315,11325,1380,1530,1512,1557,bryanburgh),132,27,bryanburgh),OTHER
11327,11327,1518,1531,1533,1557,|,15,26,|,OTHER
11329,11330,1536,1531,1563,1557,fl,27,26,fl,OTHER
11332,11341,1569,1531,1683,1556,11330-0145,114,25,11330-0145,OTHER
11348,11357,48,1591,118,1613,employer's,70,22,employer's,OTHER
11359,11361,120,1591,147,1613,fed,27,22,fed,OTHER
11363,11364,149,1591,165,1613,id,16,22,id,OTHER
11366,11371,167,1590,223,1613,number,56,23,number,OTHER
11383,11383,905,1590,921,1613,a,16,23,a,OTHER
11385,11394,296,1591,371,1613,employee's,75,22,employee's,OTHER
11396,11398,373,1591,401,1612,ssa,28,21,ssa,OTHER
11400,11405,403,1591,459,1612,number,56,21,number,OTHER
11430,11439,679,1591,750,1613,employer's,71,22,employer's,OTHER
11441,11443,753,1592,778,1613,fed,25,21,fed,OTHER
11445,11446,781,1592,796,1613,id,15,21,id,OTHER
11448,11453,799,1591,850,1613,number,51,22,number,OTHER
11544,11553,60,1605,150,1628,92-6254111,90,23,92-6254111,OTHER
11579,11579,1574,1590,1589,1613,a,15,23,a,OTHER
11581,11590,931,1590,1006,1613,employee's,75,23,employee's,OTHER
11592,11594,1010,1590,1035,1613,ssa,25,23,ssa,OTHER
11596,11601,1038,1590,1099,1613,number,61,23,number,OTHER
11631,11631,1315,1592,1326,1608,b,11,16,b,OTHER
11633,11641,1347,1592,1420,1613,employers,73,21,employers,OTHER
11643,11647,1420,1595,1463,1615,fedup,43,20,fedup,OTHER
11830,11839,1381,1604,1465,1630,92-6254141,84,26,92-6254141,OTHER
11869,11878,1600,1590,1674,1613,employee's,74,23,employee's,OTHER
11880,11882,1678,1590,1703,1613,ssa,25,23,ssa,OTHER
11884,11889,1706,1590,1767,1613,number,61,23,number,OTHER
11896,11905,712,1604,800,1625,92-6254111,88,21,92-6254111,OTHER
11916,11917,78,1644,88,1667,al,10,23,al,OTHER
11919,11926,91,1645,142,1667,security,51,22,security,OTHER
11947,11947,1571,1644,1586,1666,8,15,22,8,OTHER
11949,11957,296,1644,356,1666,allocated,60,22,allocated,OTHER
11959,11962,145,1644,166,1666,tips,21,22,tips,OTHER
11993,11998,680,1640,720,1662,social,40,22,social,OTHER
12000,12007,722,1642,780,1669,security,58,27,security,OTHER
12035,12043,930,1644,991,1667,allocated,61,23,allocated,OTHER
12045,12048,359,1645,389,1666,tips,30,21,tips,OTHER
12124,12124,277,2090,288,2109,8,11,19,8,OTHER
12126,12134,1599,1644,1659,1667,allocated,60,23,allocated,OTHER
12136,12139,994,1646,1026,1670,tips,32,24,tips,OTHER
12147,12152,60,1660,109,1681,212377,49,21,212377,OTHER
12158,12158,761,1658,768,1681,.,7,23,.,OTHER
12160,12161,117,1657,140,1680,48,23,23,48,OTHER
12162,12165,1443,1645,1467,1664,tips,24,19,tips,OTHER
12198,12206,397,1657,474,1681,133736.55,77,24,133736.55,OTHER
12231,12236,712,1658,760,1681,212377,48,23,212377,OTHER
12238,12238,1429,1659,1437,1677,.,8,18,.,OTHER
12240,12241,769,1658,792,1681,48,23,23,48,OTHER
12281,12289,1032,1660,1107,1683,133736.55,75,23,133736.55,OTHER
12322,12327,1349,1645,1389,1662,social,40,17,social,OTHER
12328,12333,1381,1658,1429,1677,212377,48,19,212377,OTHER
12524,12531,1390,1645,1443,1663,security,53,18,security,OTHER
12532,12532,351,1854,352,1880,.,1,26,.,OTHER
12534,12537,1662,1645,1694,1669,tips,32,24,tips,OTHER
12738,12739,1437,1659,1458,1678,48,21,19,48,OTHER
12774,12779,1700,1660,1746,1683,133736,46,23,133736,OTHER
12781,12783,1748,1659,1773,1681,.55,25,22,.55,OTHER
12790,12801,47,1696,121,1719,verification,74,23,verification,OTHER
12803,12806,124,1696,156,1718,code,32,22,code,OTHER
12826,12826,275,1696,289,1716,0,14,20,0,OTHER
12828,12836,298,1696,369,1718,dependent,71,22,dependent,OTHER
12838,12841,372,1697,401,1718,care,29,21,care,OTHER
12842,12844,397,1714,425,1731,124,28,17,124,OTHER
12905,12912,403,1697,454,1718,benefits,51,21,benefits,OTHER
12929,12929,649,1694,660,1710,9,11,16,9,OTHER
12931,12942,680,1696,754,1717,verification,74,21,verification,OTHER
12944,12947,755,1696,797,1719,code,42,23,code,OTHER
12973,12973,911,1694,926,1716,0,15,22,0,OTHER
12975,12983,933,1694,1004,1717,dependent,71,23,dependent,OTHER
12985,12988,1006,1695,1036,1717,care,30,22,care,OTHER
12990,12997,1038,1696,1096,1718,benefits,58,22,benefits,OTHER
13025,13036,1345,1697,1422,1716,verification,77,19,verification,OTHER
13038,13041,1423,1697,1458,1717,code,35,20,code,OTHER
13063,13064,1573,1695,1593,1717,10,20,22,10,OTHER
13066,13074,1601,1696,1672,1718,dependent,71,22,dependent,OTHER
13076,13079,1675,1697,1704,1718,care,29,21,care,OTHER
13081,13088,1707,1697,1753,1718,benefits,46,21,benefits,OTHER
13094,13105,49,1748,132,1771,nonqualified,83,23,nonqualified,OTHER
13107,13111,135,1748,173,1771,plans,38,23,plans,OTHER
13130,13132,269,1748,297,1771,12a,28,23,12a,OTHER
13134,13136,300,1749,324,1772,see,24,23,see,OTHER
13138,13149,327,1749,400,1772,instructions,73,23,instructions,OTHER
13151,13153,1037,1748,1057,1772,for,20,24,for,OTHER
13155,13157,423,1747,451,1771,box,28,24,box,OTHER
13159,13160,453,1746,472,1769,12,19,23,12,OTHER
13173,13174,649,1748,668,1767,11,19,19,11,OTHER
13176,13187,681,1747,764,1770,nonqualified,83,23,nonqualified,OTHER
13189,13193,766,1746,808,1770,plans,42,24,plans,OTHER
13214,13216,904,1747,932,1770,12a,28,23,12a,OTHER
13218,13220,935,1748,958,1771,see,23,23,see,OTHER
13222,13233,960,1748,1035,1772,instructions,75,24,instructions,OTHER
13235,13237,1705,1749,1725,1770,for,20,21,for,OTHER
13239,13241,1058,1748,1086,1772,box,28,24,box,OTHER
13243,13244,1087,1747,1109,1771,12,22,24,12,OTHER
13267,13268,1318,1749,1334,1765,11,16,16,11,OTHER
13270,13281,1349,1749,1433,1766,nonqualified,84,17,nonqualified,OTHER
13283,13287,1435,1748,1475,1766,plans,40,18,plans,OTHER
13308,13310,1572,1748,1601,1770,12a,29,22,12a,OTHER
13312,13314,1602,1749,1627,1770,see,25,21,see,OTHER
13316,13327,1629,1749,1703,1771,instructions,74,22,instructions,OTHER
13330,13331,1458,2197,1475,2223,or,17,26,or,OTHER
13333,13335,1726,1747,1754,1770,box,28,23,box,OTHER
13337,13338,1756,1746,1776,1769,12,20,23,12,OTHER
13345,13347,62,1765,90,1783,108,28,18,108,OTHER
13350,13351,18,1800,35,1816,14,17,16,14,OTHER
13353,13357,56,1800,95,1820,other,39,20,other,OTHER
13384,13386,271,1805,294,1821,12b,23,16,12b,OTHER
13433,13434,649,1800,666,1816,14,17,16,14,OTHER
13436,13440,686,1801,722,1819,other,36,18,other,OTHER
13469,13471,906,1805,928,1820,12b,22,15,12b,OTHER
13526,13530,1354,1803,1389,1820,other,35,17,other,OTHER
13586,13586,1688,1799,1699,1816,1,11,17,1,OTHER
13588,13590,1701,1797,1724,1815,965,23,18,965,OTHER
13627,13627,385,1815,398,1831,1,13,16,1,OTHER
13628,13628,682,2290,688,2310,2,6,20,2,OTHER
13649,13649,384,1835,396,1856,1,12,21,1,OTHER
13651,13653,398,1817,426,1837,504,28,20,504,OTHER
13710,13712,905,1815,932,1835,12c,27,20,12c,OTHER
13733,13735,1033,1818,1062,1839,504,29,21,504,OTHER
13828,13831,1688,1819,1730,1838,1504,42,19,1504,OTHER
13868,13869,270,1850,280,1877,13,10,27,13,OTHER
13871,13874,283,1851,304,1878,stat,21,27,stat,OTHER
13876,13878,308,1852,328,1879,emp,20,27,emp,OTHER
13880,13882,332,1853,347,1880,ret,15,27,ret,OTHER
13884,13884,1073,2054,1078,2073,.,5,19,.,OTHER
13886,13889,356,1854,390,1881,plan,34,27,plan,OTHER
13892,13894,396,1856,413,1881,3rd,17,25,3rd,OTHER
13895,13897,397,1836,429,1860,108,32,24,108,OTHER
13962,13966,417,1856,446,1881,party,29,25,party,OTHER
13968,13971,450,1857,472,1880,sick,22,23,sick,OTHER
13973,13975,476,1856,498,1879,pay,22,23,pay,OTHER
14018,14019,904,1852,918,1873,13,14,21,13,OTHER
14021,14024,919,1852,941,1874,stat,22,22,stat,OTHER
14026,14027,942,1853,964,1875,em,22,22,em,OTHER
14029,14033,965,1853,989,1876,filet,24,23,filet,OTHER
14035,14038,990,1854,1018,1877,plan,28,23,plan,OTHER
14040,14043,1020,1855,1051,1878,ward,31,23,ward,OTHER
14045,14049,1053,1856,1082,1879,party,29,23,party,OTHER
14051,14054,1085,1857,1107,1879,sick,22,22,sick,OTHER
14056,14058,1109,1857,1127,1880,pay,18,23,pay,OTHER
14123,14124,1610,1856,1630,1883,ha,20,27,ha,OTHER
14126,14129,1635,1855,1654,1883,ret.,19,28,ret.,OTHER
14131,14134,1659,1855,1693,1882,plan,34,27,plan,OTHER
14136,14138,1700,1855,1716,1882,3rd,16,27,3rd,OTHER
14140,14144,1721,1854,1748,1881,party,27,27,party,OTHER
14146,14149,1752,1855,1773,1881,sick,21,26,sick,OTHER
14151,14153,1777,1855,1801,1881,pay,24,26,pay,OTHER
14155,14157,18,1890,42,1911,elf,24,21,elf,OTHER
14159,14167,48,1891,119,1915,employees,71,24,employees,OTHER
14169,14172,122,1892,154,1916,name,32,24,name,OTHER
14174,14174,157,1892,163,1916,",",6,24,",",OTHER
14176,14182,166,1891,216,1916,address,50,25,address,OTHER
14184,14186,219,1890,243,1915,and,24,25,and,OTHER
14188,14190,247,1889,268,1914,zip,21,25,zip,OTHER
14192,14195,271,1886,308,1913,code,37,27,code,OTHER
14238,14240,649,1892,673,1912,elf,24,20,elf,OTHER
14242,14250,679,1892,750,1914,employees,71,22,employees,OTHER
14252,14256,752,1891,795,1914,"name,",43,23,"name,",OTHER
14258,14264,798,1891,848,1914,address,50,23,address,OTHER
14266,14268,850,1890,876,1914,and,26,24,and,OTHER
14270,14272,878,1890,901,1913,zip,23,23,zip,OTHER
14274,14277,903,1889,936,1912,code,33,23,code,OTHER
14336,14344,1347,1892,1418,1917,employees,71,25,employees,OTHER
14346,14350,1421,1891,1463,1916,"name,",42,25,"name,",OTHER
14352,14358,1467,1890,1516,1915,address,49,25,address,OTHER
14360,14362,1519,1890,1544,1914,and,25,24,and,OTHER
14364,14366,1547,1890,1567,1914,zip,20,24,zip,OTHER
14368,14371,1570,1890,1608,1913,code,38,23,code,OTHER
14380,14384,64,1931,122,1954,linda,58,23,linda,OTHER
14386,14394,128,1931,233,1955,hernandez,105,24,hernandez,OTHER
14464,14468,713,1931,773,1954,linda,60,23,linda,OTHER
14470,14478,779,1931,883,1957,hernandez,104,26,hernandez,OTHER
14558,14562,1382,1926,1443,1952,linda,61,26,linda,OTHER
14564,14572,1447,1929,1552,1959,hernandez,105,30,hernandez,OTHER
14581,14583,63,1954,101,1980,610,38,26,610,OTHER
14585,14590,106,1955,179,1980,laurie,73,25,laurie,OTHER
14592,14597,184,1955,256,1979,shoals,72,24,shoals,OTHER
14599,14602,1602,1505,1655,1530,apt.,53,25,apt.,OTHER
14604,14606,317,1956,356,1978,239,39,22,239,OTHER
14666,14668,715,1955,752,1980,610,37,25,610,OTHER
14670,14675,756,1955,830,1980,laurie,74,25,laurie,OTHER
14677,14682,836,1955,906,1979,shoals,70,24,shoals,OTHER
14684,14687,260,1956,312,1978,apt.,52,22,apt.,OTHER
14689,14691,967,1956,1006,1979,239,39,23,239,OTHER
14760,14762,1382,1954,1419,1978,610,37,24,610,OTHER
14764,14769,1424,1953,1496,1977,laurie,72,24,laurie,OTHER
14771,14776,1503,1953,1574,1977,shoals,71,24,shoals,OTHER
14778,14781,1579,1954,1629,1979,apt!,50,25,apt!,OTHER
14783,14785,1635,1957,1672,1981,239,37,24,239,OTHER
14794,14797,62,1981,111,2004,port,49,23,port,OTHER
14799,14804,118,1980,189,2004,cheryl,71,24,cheryl,OTHER
14806,14807,226,1979,252,1999,de,26,20,de,OTHER
14808,14817,283,1981,397,2005,81557-1211,114,24,81557-1211,OTHER
14879,14882,713,1981,762,2004,port,49,23,port,OTHER
14884,14889,769,1981,840,2004,cheryl,71,23,cheryl,OTHER
14891,14892,878,1982,901,1998,de,23,16,de,OTHER
14894,14903,933,1980,1049,2003,81557-1211,116,23,81557-1211,OTHER
14973,14976,1381,1980,1430,2003,port,49,23,port,OTHER
14978,14983,1436,1981,1508,2005,cheryl,72,24,cheryl,OTHER
14985,14986,1546,1979,1570,1998,de,24,19,de,OTHER
14988,14993,1602,1977,1664,2004,"81557,",62,27,"81557,",OTHER
14995,14998,1666,1979,1719,2005,1211,53,26,1211,OTHER
15007,15011,53,2039,85,2056,state,32,17,state,OTHER
15013,15022,125,2038,187,2060,employers',62,22,employers',OTHER
15028,15032,191,2038,217,2059,state,26,21,state,OTHER
15034,15035,221,2038,233,2059,id,12,21,id,OTHER
15037,15039,237,2038,265,2059,no.,28,21,no.,OTHER
15041,15042,269,2038,291,2059,16,22,21,16,OTHER
15044,15048,305,2038,336,2059,state,31,21,state,OTHER
15050,15055,340,2039,385,2060,"wages,",45,21,"wages,",OTHER
15056,15061,397,2054,443,2076,94771.,46,22,94771.,OTHER
15122,15126,388,2039,416,2060,"tips,",28,21,"tips,",OTHER
15128,15131,419,2039,453,2061,etc.,34,22,etc.,OTHER
15132,15133,445,2055,464,2076,78,19,21,78,OTHER
15146,15147,649,2039,666,2054,15,17,15,15,OTHER
15149,15153,683,2040,718,2058,state,35,18,state,OTHER
15244,15245,713,2054,734,2073,tx,21,19,tx,OTHER
15260,15269,776,2038,838,2062,employers',62,24,employers',OTHER
15271,15275,842,2038,869,2061,state,27,23,state,OTHER
15277,15278,873,2037,883,2061,id,10,24,id,OTHER
15280,15281,887,2037,901,2061,no,14,24,no,OTHER
15283,15284,905,2037,926,2060,16,21,23,16,OTHER
15286,15290,940,2037,971,2060,state,31,23,state,OTHER
15292,15297,975,2037,1020,2060,"wages,",45,23,"wages,",OTHER
15299,15303,1023,2037,1050,2059,"tips,",27,22,"tips,",OTHER
15305,15308,1054,2038,1088,2059,etc.,34,21,etc.,OTHER
15331,15332,1316,2038,1335,2055,15,19,17,15,OTHER
15334,15338,1352,2038,1388,2058,state,36,20,state,OTHER
15340,15341,1380,2053,1401,2073,tx,21,20,tx,OTHER
15343,15351,124,2051,202,2073,49-73-143,78,22,49-73-143,OTHER
15353,15362,1444,2038,1507,2061,employers',63,23,employers',OTHER
15364,15368,1510,2038,1537,2061,state,27,23,state,OTHER
15370,15371,1540,2038,1552,2061,id,12,23,id,OTHER
15373,15374,1555,2038,1569,2060,no,14,22,no,OTHER
15376,15377,1573,2038,1594,2060,16,21,22,16,OTHER
15379,15383,1608,2038,1640,2060,state,32,22,state,OTHER
15385,15390,1643,2038,1688,2060,"wages,",45,22,"wages,",OTHER
15391,15391,1679,2051,1695,2074,"""",16,23,"""",OTHER
15393,15397,1032,2055,1071,2075,94771,39,20,94771,OTHER
15398,15398,745,2108,751,2126,.,6,18,.,OTHER
15640,15644,1691,2038,1718,2059,"tips,",27,21,"tips,",OTHER
15646,15649,1721,2039,1756,2059,etc.,35,20,etc.,OTHER
15650,15651,1081,2054,1096,2073,78,15,19,78,OTHER
15669,15677,775,2053,854,2077,49-73-143,79,24,49-73-143,OTHER
15755,15763,1442,2054,1522,2075,49-73-143,80,21,49-73-143,OTHER
15803,15803,1082,2106,1086,2126,.,4,20,.,OTHER
15805,15806,1748,2054,1761,2075,78,13,21,78,OTHER
15816,15820,57,2090,87,2110,state,30,20,state,OTHER
15822,15827,90,2089,139,2110,income,49,21,income,OTHER
15829,15831,141,2088,164,2109,tax,23,21,tax,OTHER
15851,15855,303,2089,338,2110,local,35,21,local,OTHER
15857,15862,341,2089,388,2111,"wages,",47,22,"wages,",OTHER
15864,15868,391,2089,419,2112,"tips,",28,23,"tips,",OTHER
15870,15873,421,2090,452,2112,etc.,31,22,etc.,OTHER
15898,15902,688,2089,719,2108,state,31,19,state,OTHER
15904,15909,722,2089,772,2109,income,50,20,income,OTHER
15911,15912,773,2090,785,2109,ta,12,19,ta,OTHER
15938,15942,937,2090,973,2113,local,36,23,local,OTHER
15944,15949,976,2090,1023,2112,"wages,",47,22,"wages,",OTHER
15951,15956,1033,2106,1080,2126,160864,47,20,160864,OTHER
16102,16106,1026,2090,1053,2111,"tips,",27,21,"tips,",OTHER
16108,16111,1056,2090,1089,2112,etc.,33,22,etc.,OTHER
16135,16136,1318,2090,1333,2105,17,15,15,17,OTHER
16138,16142,1355,2089,1389,2107,state,34,18,state,OTHER
16144,16149,1390,2089,1441,2109,income,51,20,income,OTHER
16151,16152,1441,2090,1457,2110,ta,16,20,ta,OTHER
16177,16178,1573,2091,1592,2110,18,19,19,18,OTHER
16180,16184,1605,2090,1642,2111,local,37,21,local,OTHER
16187,16192,1645,2090,1690,2111,"wages,",45,21,"wages,",OTHER
16201,16204,61,2108,92,2131,4562,31,23,4562,OTHER
16206,16208,94,2106,125,2131,.27,31,25,.27,OTHER
16251,16259,395,2108,468,2130,160864.31,73,22,160864.31,OTHER
16287,16290,712,2109,744,2128,4562,32,19,4562,OTHER
16292,16292,1413,2108,1419,2126,.,6,18,.,OTHER
16294,16295,753,2107,774,2125,27,21,18,27,OTHER
16345,16345,1750,2106,1754,2126,.,4,20,.,OTHER
16347,16348,1088,2105,1106,2126,31,18,21,31,OTHER
16378,16381,1381,2108,1412,2125,4562,31,17,4562,OTHER
16383,16383,102,2159,107,2182,.,5,23,.,OTHER
16385,16386,1420,2108,1442,2125,27,22,17,27,OTHER
16432,16437,1700,2106,1748,2126,160864,48,20,160864,OTHER
16438,16441,1724,2090,1756,2111,etc.,32,21,etc.,OTHER
16442,16442,753,2160,758,2183,.,5,23,.,OTHER
16444,16445,1756,2106,1774,2126,31,18,20,31,OTHER
16685,16689,1693,2090,1721,2111,"tips,",28,21,"tips,",OTHER
16698,16702,54,2141,90,2162,local,36,21,local,OTHER
16704,16709,94,2140,140,2162,income,46,22,income,OTHER
16711,16713,144,2138,172,2160,tax,28,22,tax,OTHER
16731,16732,269,2141,288,2160,20,19,19,20,OTHER
16734,16741,302,2142,355,2163,locality,53,21,locality,OTHER
16743,16749,396,2157,458,2183,roberts,62,26,roberts,OTHER
16808,16811,357,2143,398,2165,name,41,22,name,OTHER
16813,16819,461,2161,518,2184,prairie,57,23,prairie,OTHER
16838,16842,685,2142,721,2163,local,36,21,local,OTHER
16844,16845,1573,2142,1590,2160,20,17,18,20,OTHER
16944,16949,724,2141,773,2163,income,49,22,income,OTHER
16950,16950,1421,2160,1426,2180,.,5,20,.,OTHER
16952,16953,109,2156,133,2182,82,24,26,82,OTHER
16954,16955,776,2141,784,2161,ta,8,20,ta,OTHER
16979,16986,936,2143,988,2164,locality,52,21,locality,OTHER
16988,16991,991,2143,1034,2165,name,43,22,name,OTHER
17026,17027,1317,2141,1335,2160,19,18,19,19,OTHER
17029,17033,1354,2142,1390,2161,local,36,19,local,OTHER
17038,17043,1393,2141,1442,2161,income,49,20,income,OTHER
17229,17233,61,2158,100,2182,20091,39,24,20091,OTHER
17237,17238,760,2156,782,2182,82,22,26,82,OTHER
17242,17243,1444,2140,1457,2161,ta,13,21,ta,OTHER
17264,17264,1350,2290,1357,2310,2,7,20,2,OTHER
17268,17275,1606,2142,1658,2163,locality,52,21,locality,OTHER
17282,17285,1660,2143,1701,2165,name,41,22,name,OTHER
17526,17532,1031,2159,1093,2182,roberts,62,23,roberts,OTHER
17534,17540,1096,2159,1155,2182,prairie,59,23,prairie,OTHER
17550,17554,712,2158,751,2183,20091,39,25,20091,OTHER
17558,17559,1428,2157,1452,2179,82,24,22,82,OTHER
17687,17693,1699,2157,1762,2183,roberts,63,26,roberts,OTHER
17695,17701,1765,2159,1826,2183,prairie,61,24,prairie,OTHER
17720,17726,121,2197,191,2220,federal,70,23,federal,OTHER
17744,17749,276,2199,323,2222,filing,47,23,filing,OTHER
17766,17769,421,2200,472,2224,copy,51,24,copy,OTHER
17806,17813,770,2197,850,2221,tx.state,80,24,tx.state,OTHER
17829,17834,911,2201,959,2222,filing,48,21,filing,OTHER
17851,17854,1057,2197,1108,2222,copy,51,25,copy,OTHER
17897,17900,1425,2198,1454,2224,city,29,26,city,OTHER
17902,17903,1545,2289,1556,2310,or,11,21,or,OTHER
17905,17909,1479,2197,1537,2222,local,58,25,local,OTHER
17911,17916,1580,2200,1627,2222,filing,47,22,filing,OTHER
17946,17949,1724,2197,1774,2222,copy,50,25,copy,OTHER
17980,17983,200,2221,258,2245,wage,58,24,wage,OTHER
17985,17987,284,2219,321,2243,and,37,24,and,OTHER
17989,17991,349,2222,377,2241,tax,28,19,tax,OTHER
18063,18066,843,2217,901,2246,wage,58,29,wage,OTHER
18068,18070,918,2220,955,2246,and,37,26,and,OTHER
18087,18089,984,2221,1017,2240,tax,33,19,tax,OTHER
18157,18160,1510,2220,1570,2246,wage,60,26,wage,OTHER
18162,18164,1586,2219,1625,2245,and,39,26,and,OTHER
18166,18168,1652,2221,1685,2240,tax,33,19,tax,OTHER
18171,18173,21,2251,84,2280,w-2,63,29,w-2,OTHER
18199,18207,195,2248,284,2271,statement,89,23,statement,OTHER
18231,18234,413,2251,486,2280,2018,73,29,2018,OTHER
18254,18256,651,2249,717,2281,w-2,66,32,w-2,OTHER
18285,18293,838,2249,927,2269,statement,89,20,statement,OTHER
18316,18319,1049,2251,1124,2280,2018,75,29,2018,OTHER
18346,18348,1319,2251,1383,2281,w-2,64,30,w-2,OTHER
18377,18385,1503,2247,1595,2269,statement,92,22,statement,OTHER
18411,18414,1715,2251,1789,2280,2018,74,29,2018,OTHER
18416,18419,17,2291,48,2308,copy,31,17,copy,OTHER
18421,18421,51,2291,60,2309,b,9,18,b,OTHER
18423,18424,63,2291,76,2309,to,13,18,to,OTHER
18426,18427,78,2291,94,2309,be,16,18,be,OTHER
18429,18433,96,2290,120,2309,filed,24,19,filed,OTHER
18435,18438,123,2290,148,2310,with,25,20,with,OTHER
18440,18449,151,2290,217,2310,employee's,66,20,employee's,OTHER
18451,18457,220,2289,263,2310,federal,43,21,federal,OTHER
18459,18464,266,2289,311,2310,income,45,21,income,OTHER
18466,18468,314,2288,335,2309,tax,21,21,tax,OTHER
18470,18475,338,2287,381,2309,return,43,22,return,OTHER
18477,18479,397,2287,427,2308,omb,30,21,omb,OTHER
18481,18483,430,2286,454,2307,no.,24,21,no.,OTHER
18485,18493,457,2284,518,2307,1545-0008,61,23,1545-0008,OTHER
18499,18502,649,2290,678,2310,copy,29,20,copy,OTHER
18506,18507,691,2290,704,2310,to,13,20,to,OTHER
18509,18510,707,2290,721,2310,be,14,20,be,OTHER
18512,18516,725,2290,749,2310,filed,24,20,filed,OTHER
18518,18521,753,2290,777,2310,with,24,20,with,OTHER
18523,18532,781,2289,846,2310,employee's,65,21,employee's,OTHER
18534,18538,850,2289,880,2310,state,30,21,state,OTHER
18540,18545,884,2289,927,2310,income,43,21,income,OTHER
18547,18549,930,2289,951,2309,tax,21,20,tax,OTHER
18551,18556,954,2288,1000,2309,return,46,21,return,OTHER
18558,18560,1033,2288,1061,2308,omb,28,20,omb,OTHER
18562,18564,1065,2287,1088,2308,no.,23,21,no.,OTHER
18566,18574,1092,2287,1149,2308,1545-0008,57,21,1545-0008,OTHER
18592,18595,1315,2290,1347,2309,copy,32,19,copy,OTHER
18599,18600,1360,2290,1373,2310,to,13,20,to,OTHER
18602,18603,1376,2289,1391,2310,be,15,21,be,OTHER
18605,18609,1393,2289,1417,2310,filed,24,21,filed,OTHER
18611,18614,1420,2289,1446,2310,with,26,21,with,OTHER
18616,18625,1449,2289,1515,2310,employee's,66,21,employee's,OTHER
18627,18630,1518,2289,1542,2310,city,24,21,city,OTHER
18635,18639,1559,2289,1590,2310,local,31,21,local,OTHER
18641,18646,1594,2288,1638,2310,income,44,22,income,OTHER
18648,18650,1641,2288,1662,2310,tax,21,22,tax,OTHER
18652,18657,1665,2288,1698,2310,return,33,22,return,OTHER
18659,18661,1701,2287,1730,2309,omb,29,22,omb,OTHER
18663,18665,1733,2287,1757,2309,no.,24,22,no.,OTHER
18667,18675,1760,2286,1822,2308,1545-0008,62,22,1545-0008,OTHER
