start_index,end_index,x_top_left,y_top_left,x_bottom_right,y_bottom_right,transcript,box_width,box_height,combined_text,predicted_field
0,0,386,444,546,466,01449-2605,160,22,01449-2605,OTHER
34,34,216,4,226,19,a,10,15,a,OTHER
36,45,235,4,309,18,employee's,74,14,employee's,OTHER
47,52,311,4,350,18,social,39,14,social,OTHER
54,61,352,4,403,18,security,51,14,security,OTHER
63,68,405,4,455,18,number,50,14,number,OTHER
113,117,782,3,820,19,"safe,",38,16,"safe,",OTHER
119,127,822,3,896,19,"accurate,",74,16,"accurate,",OTHER
129,130,911,15,943,38,re,32,23,re,OTHER
136,139,976,15,1022,39,file,46,24,file,OTHER
141,142,1048,30,1061,43,at,13,13,at,OTHER
143,147,1048,4,1079,20,visit,31,16,visit,OTHER
156,158,1081,4,1103,20,the,22,16,the,OTHER
160,162,1105,4,1133,20,irs,28,16,irs,OTHER
164,170,1137,4,1195,19,website,58,15,website,OTHER
221,231,315,25,464,45,700-94-7710,149,20,700-94-7710,ssnOfEmployee
259,261,611,27,641,42,omb,30,15,omb,OTHER
263,265,644,27,668,41,no.,24,14,no.,OTHER
267,275,671,27,729,41,1545-0008,58,14,1545-0008,OTHER
285,289,780,25,831,42,fast!,51,17,fast!,OTHER
291,293,834,26,862,42,use,28,16,use,OTHER
324,341,1063,28,1185,45,www.irs.gov/efile.,122,17,www.irs.gov/efile.,OTHER
344,344,11,55,22,70,b,11,15,b,OTHER
346,353,28,55,83,70,employer,55,15,employer,OTHER
355,368,86,56,160,69,identification,74,13,identification,OTHER
370,375,162,55,206,70,number,44,15,number,OTHER
377,381,209,55,241,70,(ein),32,15,(ein),OTHER
443,448,704,56,750,70,"wages,",46,14,"wages,",OTHER
450,454,753,56,780,69,"tips,",27,13,"tips,",OTHER
456,460,782,56,813,69,other,31,13,other,OTHER
462,473,816,56,898,68,compensation,82,12,compensation,OTHER
482,488,994,56,1038,69,federal,44,13,federal,OTHER
490,495,1041,57,1085,69,income,44,12,income,OTHER
497,499,1087,57,1106,69,tax,19,12,tax,OTHER
501,508,1109,56,1157,69,withheld,48,13,withheld,OTHER
520,529,67,79,205,98,42-6864147,138,19,42-6864147,einEmployerIdentificationNumber
615,621,725,79,820,97,135716.,95,18,135716.,box1WagesTipsAndOtherCompensations
623,624,823,79,848,97,39,25,18,39,box1WagesTipsAndOtherCompensations
650,654,987,79,1054,97,36344,67,18,36344,box2FederalIncomeTaxWithheld
656,656,1058,79,1068,97,.,10,18,.,box2FederalIncomeTaxWithheld
658,659,1071,79,1094,97,65,23,18,65,box2FederalIncomeTaxWithheld
662,662,13,107,23,122,c,10,15,c,OTHER
664,673,28,107,93,122,employer's,65,15,employer's,OTHER
675,679,96,108,134,122,"name,",38,14,"name,",OTHER
681,688,137,108,189,122,"address,",52,14,"address,",OTHER
690,692,192,108,212,122,and,20,14,and,OTHER
694,696,215,107,235,122,zip,20,15,zip,OTHER
698,701,239,107,268,122,code,29,15,code,OTHER
759,759,681,105,691,120,3,10,15,3,OTHER
761,766,706,107,742,121,social,36,14,social,OTHER
768,775,744,108,791,122,security,47,14,security,OTHER
777,781,793,109,829,122,wages,36,13,wages,OTHER
798,798,971,106,981,120,4,10,14,4,OTHER
800,805,995,108,1033,121,social,38,13,social,OTHER
807,814,1035,108,1082,121,security,47,13,security,OTHER
816,818,1084,107,1104,121,tax,20,14,tax,OTHER
820,827,1106,106,1156,121,withheld,50,15,withheld,OTHER
839,845,66,133,165,153,"cooper,",99,20,"cooper,",employerName
847,853,176,132,275,154,rosales,99,22,rosales,employerName
855,857,290,132,333,153,and,43,21,and,employerName
859,867,345,131,471,153,hernandez,126,22,hernandez,employerName
869,871,487,131,527,152,inc,40,21,inc,employerName
934,939,726,132,807,151,155510,81,19,155510,box3SocialSecurityWages
941,943,811,131,849,151,.73,38,20,.73,box3SocialSecurityWages
969,973,985,131,1055,151,11896,70,20,11896,box4SocialSecurityTaxWithheld
975,977,1058,131,1095,151,.57,37,20,.57,box4SocialSecurityTaxWithheld
989,991,66,165,107,186,915,41,21,915,employerAddressStreet_name
993,999,122,165,220,188,shepard,98,23,shepard,employerAddressStreet_name
1001,1007,233,165,330,188,village,97,23,village,employerAddressStreet_name
1009,1012,344,165,404,188,apt.,60,23,apt.,employerAddressStreet_name
1014,1016,417,165,456,186,701,39,21,701,employerAddressStreet_name
1076,1076,680,156,691,172,5,11,16,5,OTHER
1078,1085,703,157,758,172,medicare,55,15,medicare,OTHER
1087,1091,761,159,799,172,wages,38,13,wages,OTHER
1093,1095,802,159,825,173,and,23,14,and,OTHER
1097,1100,828,159,852,173,tips,24,14,tips,OTHER
1116,1116,972,157,982,172,6,10,15,6,OTHER
1118,1125,993,158,1048,172,medicare,55,14,medicare,OTHER
1127,1129,1051,158,1070,171,tax,19,13,tax,OTHER
1131,1138,1073,157,1122,172,withheld,49,15,withheld,OTHER
1245,1250,725,182,808,202,146671,83,20,146671,OTHER
1252,1252,812,183,820,202,.,8,19,.,OTHER
1254,1255,824,182,850,201,64,26,19,64,OTHER
1290,1293,1050,182,1105,202,4253,55,20,4253,OTHER
1295,1295,1108,183,1117,202,.,9,19,.,OTHER
1297,1298,1120,182,1147,202,48,27,20,48,OTHER
1310,1314,64,200,134,220,north,70,20,north,employerAddressCity
1316,1319,152,200,205,220,john,53,20,john,OTHER
1321,1322,245,199,274,219,nh,29,20,nh,employerAddressState
1324,1333,303,199,445,220,55441-0437,142,21,55441-0437,employerAddressZip
1397,1397,680,207,691,222,7,11,15,7,OTHER
1398,1403,704,209,742,223,social,38,14,social,OTHER
1405,1412,745,210,790,223,security,45,13,security,OTHER
1414,1417,793,210,814,223,tips,21,13,tips,OTHER
1437,1437,971,209,982,223,8,11,14,8,OTHER
1439,1447,993,209,1050,223,allocated,57,14,allocated,OTHER
1449,1452,1052,210,1071,223,tips,19,13,tips,OTHER
1559,1564,726,233,806,253,155510,80,20,155510,OTHER
1566,1566,812,233,821,253,.,9,20,.,OTHER
1568,1569,825,232,848,253,73,23,21,73,OTHER
1603,1608,1050,232,1133,253,146671,83,21,146671,OTHER
1610,1610,1136,232,1146,252,.,10,20,.,OTHER
1612,1613,1149,232,1174,252,64,25,20,64,OTHER
1616,1616,13,260,21,273,d,8,13,d,OTHER
1618,1624,28,261,70,274,control,42,13,control,OTHER
1626,1631,72,261,119,274,number,47,13,number,OTHER
1712,1712,681,259,690,273,9,9,14,9,OTHER
1714,1725,704,260,770,274,verification,66,14,verification,OTHER
1727,1730,772,261,801,274,code,29,13,code,OTHER
1751,1752,965,260,979,273,10,14,13,10,OTHER
1754,1762,994,260,1058,274,dependent,64,14,dependent,OTHER
1764,1767,1060,261,1086,274,care,26,13,care,OTHER
1769,1776,1089,261,1134,274,benefits,45,13,benefits,OTHER
1789,1795,66,284,162,304,8345532,96,20,8345532,OTHER
1928,1930,1051,284,1089,301,116,38,17,116,OTHER
1933,1933,12,311,21,326,e,9,15,e,OTHER
1935,1944,28,311,96,326,employee's,68,15,employee's,OTHER
1946,1950,98,312,121,326,first,23,14,first,OTHER
1952,1955,124,312,158,326,name,34,14,name,OTHER
1957,1959,161,312,182,325,and,21,13,and,OTHER
1961,1967,185,312,216,325,initial,31,13,initial,OTHER
1969,1972,280,312,305,325,last,25,13,last,OTHER
1974,1977,307,312,341,326,name,34,14,name,OTHER
2022,2026,635,309,665,325,suff.,30,16,suff.,OTHER
2028,2029,674,310,692,325,11,18,15,11,OTHER
2031,2042,703,310,775,325,nonqualified,72,15,nonqualified,OTHER
2044,2048,778,311,808,325,plans,30,14,plans,OTHER
2069,2071,967,309,987,323,12a,20,14,12a,OTHER
2073,2075,1009,310,1033,324,see,24,14,see,OTHER
2077,2088,1036,311,1110,324,instructions,74,13,instructions,OTHER
2090,2092,1112,311,1130,324,for,18,13,for,OTHER
2094,2096,1133,310,1158,324,box,25,14,box,OTHER
2098,2099,1163,310,1176,324,12,13,14,12,OTHER
2111,2121,66,360,242,383,christopher,176,23,christopher,employeeName
2123,2130,273,360,401,383,bradshaw,128,23,bradshaw,employeeName
2206,2208,726,344,764,362,208,38,18,208,OTHER
2243,2244,999,345,1025,361,bb,26,16,bb,OTHER
2246,2249,1050,344,1104,363,8197,54,19,8197,OTHER
2347,2348,676,371,689,383,13,13,12,13,OTHER
2350,2358,692,372,737,384,statutory,45,12,statutory,OTHER
2360,2369,779,372,833,383,retirement,54,11,retirement,OTHER
2371,2381,867,372,918,385,third-party,51,13,third-party,OTHER
2387,2389,966,369,988,382,12b,22,13,12b,OTHER
2401,2404,67,404,130,429,7745,63,25,7745,OTHER
2406,2411,146,405,241,429,shelly,95,24,shelly,OTHER
2413,2421,257,405,401,429,stravenue,144,24,stravenue,OTHER
2490,2497,693,389,738,400,employee,45,11,employee,OTHER
2499,2502,779,390,800,400,plan,21,10,plan,OTHER
2516,2519,866,389,887,400,sick,21,11,sick,OTHER
2521,2523,888,389,905,400,pay,17,11,pay,OTHER
2639,2639,786,411,796,425,x,10,14,x,OTHER
2666,2667,1000,408,1026,425,aa,26,17,aa,OTHER
2669,2671,1050,406,1089,426,384,39,20,384,OTHER
2683,2687,65,444,145,468,south,80,24,south,OTHER
2689,2693,161,444,241,467,devin,80,23,devin,OTHER
2695,2696,288,444,320,465,ny,32,21,ny,OTHER
2721,2722,675,436,689,448,14,14,12,14,OTHER
2772,2776,704,437,737,449,other,33,12,other,OTHER
2920,2921,1000,468,1025,486,hh,25,18,hh,OTHER
2923,2925,1050,467,1088,486,615,38,19,615,OTHER
3063,3065,967,493,987,507,12d,20,14,12d,OTHER
3203,3203,963,511,974,527,c,11,16,c,OTHER
3341,3343,1050,528,1090,547,883,40,19,883,OTHER
3345,3346,5,576,23,591,15,18,15,15,OTHER
3347,3347,10,559,21,575,f,11,16,f,OTHER
3349,3358,28,560,97,575,employee's,69,15,employee's,OTHER
3360,3366,100,560,147,575,address,47,15,address,OTHER
3368,3370,150,560,171,575,and,21,15,and,OTHER
3372,3374,174,560,195,575,zip,21,15,zip,OTHER
3376,3379,198,560,226,575,code,28,15,code,OTHER
3386,3390,29,576,59,591,state,30,15,state,OTHER
3392,3401,87,576,152,592,employer's,65,16,employer's,OTHER
3405,3409,155,578,185,592,state,30,14,state,OTHER
3411,3412,187,578,201,592,id,14,14,id,OTHER
3414,3419,204,578,246,592,number,42,14,number,OTHER
3429,3430,348,575,364,590,16,16,15,16,OTHER
3432,3436,369,576,401,591,state,32,15,state,OTHER
3438,3443,404,577,446,592,"wages,",42,15,"wages,",OTHER
3445,3449,448,578,475,592,"tips,",27,14,"tips,",OTHER
3451,3454,478,577,498,592,etc.,20,15,etc.,OTHER
3458,3459,540,575,557,591,17,17,16,17,OTHER
3461,3465,561,576,592,591,state,31,15,state,OTHER
3467,3472,595,578,639,591,income,44,13,income,OTHER
3474,3476,641,577,663,591,tax,22,14,tax,OTHER
3564,3565,726,576,742,591,18,16,15,18,OTHER
3567,3571,746,576,779,591,local,33,15,local,OTHER
3573,3578,781,577,824,591,"wages,",43,14,"wages,",OTHER
3580,3584,826,578,854,592,"tips,",28,14,"tips,",OTHER
3586,3589,857,577,877,592,etc.,20,15,etc.,OTHER
3596,3597,930,576,945,591,19,15,15,19,OTHER
3599,3603,950,577,982,591,local,32,14,local,OTHER
3605,3610,984,578,1029,591,income,45,13,income,OTHER
3612,3614,1031,577,1052,590,tax,21,13,tax,OTHER
3622,3623,1114,575,1131,591,20,17,16,20,OTHER
3625,3632,1135,576,1182,591,locality,47,15,locality,OTHER
3634,3637,1185,578,1215,591,name,30,13,name,OTHER
3643,3644,20,602,42,618,tn,22,16,tn,OTHER
3660,3669,133,600,270,620,608-97-314,137,20,608-97-314,OTHER
3687,3692,348,601,427,620,64536.,79,19,64536.,box16StateWagesTips
3694,3695,430,601,456,620,17,26,19,17,box16StateWagesTips
3716,3722,541,601,636,621,6663.78,95,20,6663.78,box17StateIncomeTax
3725,3730,724,601,807,620,147295,83,19,147295,OTHER
3732,3732,812,601,821,620,.,9,19,.,OTHER
3734,3735,824,601,848,620,44,24,19,44,OTHER
3757,3764,928,601,1039,621,23296.57,111,20,23296.57,OTHER
3782,3787,1113,606,1173,621,fisher,60,15,fisher,OTHER
3789,3793,1182,607,1231,620,plain,49,13,plain,OTHER
3798,3799,16,651,44,670,wv,28,19,wv,OTHER
3816,3825,133,651,270,673,752-19-975,137,22,752-19-975,OTHER
3843,3847,347,652,417,672,68955,70,20,68955,OTHER
3849,3849,420,651,429,671,.,9,20,.,OTHER
3851,3852,433,651,458,671,72,25,20,72,OTHER
3872,3876,541,652,607,672,7809.,66,20,7809.,OTHER
3878,3879,610,652,635,671,11,25,19,11,OTHER
3881,3886,725,651,808,672,124178,83,21,124178,OTHER
3888,3889,811,651,834,672,.0,23,21,.0,OTHER
3911,3915,926,651,996,674,25189,70,23,25189,OTHER
3917,3917,999,651,1010,672,.,11,21,.,OTHER
3919,3920,1013,651,1036,672,74,23,21,74,OTHER
3938,3944,1114,659,1177,673,timothy,63,14,timothy,OTHER
3946,3950,1185,659,1231,673,crest,46,14,crest,OTHER
3974,3977,139,683,208,708,wage,69,25,wage,OTHER
3979,3981,212,683,258,708,and,46,25,and,OTHER
3983,3985,264,684,303,709,tax,39,25,tax,OTHER
4030,4033,550,688,694,739,2018,144,51,2018,taxYear
4061,4070,863,686,946,708,department,83,22,department,OTHER
4072,4073,950,688,962,708,of,12,20,of,OTHER
4075,4077,966,688,988,708,the,22,20,the,OTHER
4079,4096,992,688,1110,708,treasury--internal,118,20,treasury--internal,OTHER
4098,4104,1114,690,1177,708,revenue,63,18,revenue,OTHER
4106,4112,1180,691,1236,707,service,56,16,service,OTHER
4114,4117,3,724,37,739,form,34,15,form,OTHER
4119,4121,47,723,74,740,w-2,27,17,w-2,OTHER
4136,4144,141,716,254,738,statement,113,22,statement,OTHER
4146,4149,4,746,47,764,copy,43,18,copy,OTHER
4151,4155,50,746,96,765,b--to,46,19,b--to,OTHER
4157,4158,99,746,121,765,be,22,19,be,OTHER
4160,4164,124,746,164,765,filed,40,19,filed,OTHER
4166,4169,167,746,202,765,with,35,19,with,OTHER
4171,4180,205,746,296,765,employee's,91,19,employee's,OTHER
4182,4188,299,746,379,765,federal,80,19,federal,OTHER
4190,4192,383,746,411,764,tax,28,18,tax,OTHER
4194,4199,414,746,470,764,return,56,18,return,OTHER
4201,4204,5,770,35,786,this,30,16,this,OTHER
4206,4216,38,769,121,786,information,83,17,information,OTHER
4218,4219,124,769,139,786,is,15,17,is,OTHER
4221,4225,142,769,184,786,being,42,17,being,OTHER
4227,4235,187,769,257,786,furnished,70,17,furnished,OTHER
4237,4238,260,769,275,786,to,15,17,to,OTHER
4240,4242,278,769,302,786,the,24,17,the,OTHER
4244,4251,305,769,361,786,internal,56,17,internal,OTHER
4253,4259,364,769,429,786,revenue,65,17,revenue,OTHER
4261,4268,433,769,492,785,service.,59,16,service.,OTHER
