start_index,end_index,x_top_left,y_top_left,x_bottom_right,y_bottom_right,transcript,box_width,box_height,combined_text,predicted_field
0,0,147,389,218,411,employer's,71,22,employer's,OTHER
0,0,176,464,247,482,200403.29,71,18,200403.29,OTHER
0,0,495,485,542,502,202261,47,17,202261,OTHER
17,22,172,27,221,44,"wages,",49,17,"wages,",OTHER
24,28,222,31,252,47,"tips,",30,16,"tips,",OTHER
30,34,253,33,289,50,other,36,17,other,OTHER
36,40,290,36,329,53,comp.,39,17,comp.,OTHER
56,56,396,41,408,57,2,12,16,2,OTHER
58,64,423,43,475,62,federal,52,19,federal,OTHER
66,71,476,48,525,66,income,49,18,income,OTHER
73,75,527,52,549,68,tax,22,16,tax,OTHER
77,84,551,53,611,72,withheld,60,19,withheld,OTHER
108,113,205,46,253,64,21:867,48,18,21:867,box1WagesTipsAndOtherCompensations
115,115,254,50,260,64,.,6,14,.,box1WagesTipsAndOtherCompensations
117,118,261,51,277,66,95,16,15,95,OTHER
132,132,139,76,148,90,3,9,14,3,OTHER
134,139,170,79,211,96,social,41,17,social,OTHER
141,148,212,82,263,100,security,51,18,security,OTHER
150,154,265,87,308,103,wages,43,16,wages,OTHER
199,206,523,69,589,88,55957.51,66,19,55957.51,box2FederalIncomeTaxWithheld
230,231,334,934,353,952,20,19,18,20,OTHER
233,233,394,91,406,107,4,12,16,4,OTHER
236,236,544,488,549,502,.,5,14,.,OTHER
238,238,109,491,120,506,9,11,15,9,OTHER
266,271,422,96,462,114,social,40,18,social,OTHER
273,280,464,99,515,118,security,51,19,security,OTHER
282,284,516,104,539,119,tax,23,15,tax,OTHER
286,293,540,105,598,123,withheld,58,18,withheld,OTHER
307,307,133,126,147,143,5,14,17,5,OTHER
309,316,164,130,226,150,medicare,62,20,medicare,OTHER
318,322,227,136,271,153,wages,44,17,wages,OTHER
324,326,272,139,298,155,and,26,16,and,OTHER
328,331,300,141,324,156,tips,24,15,tips,OTHER
373,378,520,122,568,137,15330.,48,15,15330.,OTHER
380,381,569,124,584,139,85,15,15,85,OTHER
408,408,389,145,401,159,6,12,14,6,OTHER
411,413,247,154,270,169,.68,23,15,.68,OTHER
441,448,416,148,477,167,medicare,61,19,medicare,OTHER
450,452,479,154,502,168,tax,23,14,tax,OTHER
454,461,503,155,561,172,withheld,58,17,withheld,OTHER
474,474,131,181,141,195,d,10,14,d,OTHER
476,482,158,183,207,200,control,49,17,control,OTHER
484,489,208,187,261,203,number,53,16,number,OTHER
541,547,516,174,572,190,5865.59,56,16,5865.59,OTHER
559,565,130,198,186,215,3192339,56,17,3192339,OTHER
591,594,322,192,352,209,dept,30,17,dept,OTHER
596,599,386,197,414,215,corp,28,18,corp,OTHER
646,648,342,211,362,227,150,20,16,150,OTHER
660,660,127,232,138,247,c,11,15,c,OTHER
662,669,561,210,617,230,employer,56,20,employer,OTHER
673,677,230,239,273,258,"name,",43,19,"name,",OTHER
679,686,275,243,330,262,"address,",55,19,"address,",OTHER
688,690,332,247,358,263,and,26,16,and,OTHER
692,694,360,249,382,265,zip,22,16,zip,OTHER
696,699,384,251,418,266,code,34,15,code,OTHER
727,727,513,222,525,239,a,12,17,a,OTHER
738,740,619,214,643,232,use,24,18,use,OTHER
741,742,638,233,654,246,36,16,13,36,OTHER
743,746,645,216,670,233,only,25,17,only,OTHER
768,782,189,258,358,287,morales-walters,169,29,morales-walters,employerName
784,786,366,269,401,290,and,35,21,and,employerName
788,791,410,273,455,293,sons,45,20,sons,employerName
813,816,190,282,234,304,6362,44,22,6362,employerName
818,823,244,286,311,309,cannon,67,23,cannon,employerAddressStreet_name
825,829,321,291,378,314,shoal,57,23,shoal,employerAddressStreet_name
831,834,386,296,435,318,apt.,49,22,apt.,employerAddressStreet_name
836,838,442,299,477,320,825,35,21,825,employerName
859,861,185,310,221,330,new,36,20,new,employerAddressCity
863,869,230,312,310,335,bridget,80,23,bridget,employerAddressStreet_name
871,872,354,321,376,339,il,22,18,il,employerAddressState
874,883,406,323,519,350,15571-3500,113,27,15571-3500,employerAddressZip
937,941,374,365,434,388,batch,60,23,batch,OTHER
960,965,497,374,570,398,#02021,73,24,#02021,OTHER
976,976,116,387,127,403,b,11,16,b,OTHER
978,987,157,234,228,255,employer's,71,21,employer's,OTHER
989,991,220,395,247,413,fed,27,18,fed,OTHER
993,994,249,398,264,414,id,15,16,id,OTHER
996,1001,266,399,317,417,number,51,18,number,OTHER
1021,1030,179,411,261,431,04-4331208,82,20,04-4331208,einEmployerIdentificationNumber
1055,1055,371,406,385,424,a,14,18,a,OTHER
1057,1066,398,408,474,429,employee's,76,21,employee's,OTHER
1068,1070,476,414,503,431,ssa,27,17,ssa,OTHER
1072,1077,505,416,555,435,number,50,19,number,OTHER
1087,1087,114,438,123,452,7,9,14,7,OTHER
1089,1094,144,441,185,460,social,41,19,social,OTHER
1096,1103,187,446,238,464,security,51,18,security,OTHER
1105,1108,240,450,264,466,tips,24,16,tips,OTHER
1128,1136,201,100,274,117,200403.29,73,17,200403.29,OTHER
1161,1161,367,458,379,473,8,12,15,8,OTHER
1163,1171,394,460,457,479,allocated,63,19,allocated,OTHER
1173,1176,458,465,484,482,tips,26,17,tips,OTHER
1188,1199,139,494,215,515,verification,76,21,verification,OTHER
1201,1204,217,500,250,517,code,33,17,code,OTHER
1252,1257,197,151,246,167,202261,49,16,202261,OTHER
1261,1262,551,488,567,503,68,16,15,68,OTHER
1314,1315,365,510,381,526,10,16,16,10,OTHER
1317,1325,393,512,465,533,dependent,72,21,dependent,OTHER
1327,1330,466,517,496,535,care,30,18,care,OTHER
1332,1339,497,520,550,538,benefits,53,18,benefits,OTHER
1348,1349,106,544,123,559,11,17,15,11,OTHER
1351,1362,138,547,221,567,nonqualified,83,20,nonqualified,OTHER
1364,1368,223,553,260,570,plans,37,17,plans,OTHER
1412,1414,491,537,517,552,118,26,15,118,OTHER
1432,1434,169,567,194,580,206,25,13,206,OTHER
1466,1468,362,562,385,578,12a,23,16,12a,OTHER
1470,1472,392,564,417,581,see,25,17,see,OTHER
1474,1485,419,566,493,586,instructions,74,20,instructions,OTHER
1487,1489,495,572,514,588,for,19,16,for,OTHER
1491,1493,516,573,543,590,box,27,17,box,OTHER
1495,1496,545,575,561,591,12,16,16,12,OTHER
1504,1505,103,596,120,612,14,17,16,14,OTHER
1507,1511,140,600,178,616,other,38,16,other,OTHER
1569,1572,487,608,518,621,2855,31,13,2855,OTHER
1622,1624,358,614,378,630,12b,20,16,12b,OTHER
1645,1647,485,625,510,639,516,25,14,516,OTHER
1697,1699,357,633,377,647,12c,20,14,12c,OTHER
1721,1723,484,642,506,657,697,22,15,697,OTHER
1772,1774,356,650,378,666,12d,22,16,12d,OTHER
1796,1798,483,660,505,675,205,22,15,205,OTHER
1805,1807,95,687,117,703,eff,22,16,eff,OTHER
1809,1817,126,689,198,710,employees,72,21,employees,OTHER
1819,1823,199,693,243,713,"name,",44,20,"name,",OTHER
1825,1831,244,696,295,717,address,51,21,address,OTHER
1833,1835,296,700,323,719,and,27,19,and,OTHER
1837,1839,324,702,346,720,zip,22,18,zip,OTHER
1841,1844,348,704,380,722,code,32,18,code,OTHER
1847,1848,354,669,367,684,13,13,15,13,OTHER
1851,1854,368,671,390,686,stat,22,15,stat,OTHER
1856,1858,391,673,414,688,emp,23,15,emp,OTHER
1860,1863,416,675,438,689,ret.,22,14,ret.,OTHER
1865,1868,440,676,467,691,plan,27,15,plan,OTHER
1870,1872,479,678,500,694,3rd,21,16,3rd,OTHER
1875,1879,500,680,531,697,party,31,17,party,OTHER
1881,1884,532,683,556,699,sick,24,16,sick,OTHER
1886,1888,557,685,580,701,pay,23,16,pay,OTHER
1905,1910,159,729,225,751,joseph,66,22,joseph,employeeName
1912,1921,257,735,369,761,strickland,112,26,strickland,employeeName
1938,1941,157,754,203,776,3623,46,22,3623,OTHER
1943,1948,210,758,279,781,arthur,69,23,arthur,OTHER
1950,1953,286,763,335,785,mews,49,22,mews,OTHER
1955,1958,342,767,392,790,apt.,50,23,apt.,OTHER
1960,1962,399,771,433,792,410,34,21,410,OTHER
1978,1980,153,781,189,801,new,36,20,new,OTHER
1982,1992,199,784,320,810,staceyville,121,26,staceyville,OTHER
1994,1995,362,795,387,813,nv,25,18,nv,OTHER
2000,2001,87,813,104,829,15,17,16,15,OTHER
2003,2007,121,818,154,834,state,33,16,state,OTHER
2061,2070,439,800,549,825,02814-0091,110,25,02814-0091,OTHER
2096,2105,213,825,278,844,employers',65,19,employers',OTHER
2107,2111,279,829,309,846,state,30,17,state,OTHER
2113,2114,310,832,324,848,id,14,16,id,OTHER
2116,2117,324,832,342,849,no,18,17,no,OTHER
2119,2120,342,834,359,850,16,17,16,16,OTHER
2122,2126,376,836,410,854,state,34,18,state,OTHER
2128,2133,412,839,459,857,"wages,",47,18,"wages,",OTHER
2135,2139,461,842,490,859,"tips,",29,17,"tips,",OTHER
2141,2144,491,845,516,861,etc.,25,16,etc.,OTHER
2160,2161,149,838,165,851,ri,16,13,ri,OTHER
2163,2171,212,842,284,862,54-28-049,72,20,54-28-049,OTHER
2176,2177,84,868,98,882,17,14,14,17,OTHER
2179,2183,122,871,155,886,state,33,15,state,OTHER
2185,2190,157,874,206,890,income,49,16,income,OTHER
2192,2194,207,878,230,892,tax,23,14,tax,OTHER
2241,2246,469,859,517,877,1:0986,48,18,1:0986,OTHER
2248,2249,518,864,534,879,.9,16,15,.9,OTHER
2264,2270,145,890,200,907,5550.54,55,17,5550.54,box17StateIncomeTax
2296,2297,338,885,357,901,18,19,16,18,OTHER
2299,2303,370,887,408,905,local,38,18,local,OTHER
2305,2310,410,890,457,909,"wages,",47,19,"wages,",OTHER
2312,2316,459,894,488,911,"tips,",29,17,"tips,",OTHER
2318,2321,490,897,516,913,etc.,26,16,etc.,OTHER
2325,2326,80,918,97,934,19,17,16,19,OTHER
2328,2332,116,921,153,939,local,37,18,local,OTHER
2334,2339,155,925,204,943,income,49,18,income,OTHER
2341,2343,206,929,229,944,tax,23,15,tax,OTHER
2391,2399,465,911,539,931,17:350.39,74,20,17:350.39,OTHER
2414,2419,143,943,189,958,40017.,46,15,40017.,OTHER
2421,2422,191,945,206,959,79,15,14,79,OTHER
2448,2455,366,938,419,958,locality,53,20,locality,OTHER
2457,2460,421,944,459,960,name,38,16,name,OTHER
2530,2536,460,963,519,983,anthony,59,20,anthony,OTHER
2538,2541,523,968,560,986,mews,37,18,mews,OTHER
2565,2571,200,982,263,1005,federal,63,23,federal,OTHER
2588,2593,338,990,383,1014,filing,45,24,filing,OTHER
2597,2599,76,1025,144,1061,w-2,68,36,w-2,OTHER
2628,2631,269,1011,324,1034,wage,55,23,wage,OTHER
2633,2635,344,1017,376,1037,and,32,20,and,OTHER
2637,2639,409,1019,441,1040,tax,32,21,tax,OTHER
2641,2644,470,1000,516,1024,copy,46,24,copy,OTHER
2677,2685,259,1035,348,1060,statement,89,25,statement,OTHER
2687,2690,68,1064,100,1084,copy,32,20,copy,OTHER
2692,2692,102,1067,113,1085,b,11,18,b,OTHER
2694,2695,115,1068,129,1086,to,14,18,to,OTHER
2697,2698,131,1069,145,1087,be,14,18,be,OTHER
2700,2704,147,1070,172,1089,filed,25,19,filed,OTHER
2706,2709,174,1072,201,1091,with,27,19,with,OTHER
2711,2720,203,1074,268,1096,employee's,65,22,employee's,OTHER
2722,2728,270,1079,315,1099,federal,45,20,federal,OTHER
2730,2735,317,1082,362,1102,income,45,20,income,OTHER
2737,2739,363,1085,386,1104,tax,23,19,tax,OTHER
2741,2746,387,1087,430,1107,return,43,20,return,OTHER
2748,2751,462,1053,542,1088,2018,80,35,2018,taxYear
2819,2821,452,1091,482,1110,omb,30,19,omb,OTHER
2823,2824,484,1094,507,1112,no,23,18,no,OTHER
2826,2834,510,1095,573,1115,1545-0008,63,20,1545-0008,OTHER
